0.5873763208299989 0.0009448039562893308
0.995222062894328 0.0007320843683522814
1.4155615230615122 0.0005165692181025521
1.8372161124829223 0.00048812336272027377
2.2671658586302508 0.00044288349200562047
2.671605262540992 0.000301833408454231
3.086633011159948 0.000259989635898121
3.503428567165528 0.00019679474013578168
3.923939211020789 0.00019711867995420476
4.340308377628602 0.0001634503782937154
4.749777718421165 0.000143335494284292
5.166388204354309 0.0001171076699343953
5.590463304250796 0.00010031305859023397
6.003924049548064 9.243028788492432e-05
6.4157212527079395 9.216016910486589e-05
6.829436057131818 7.417009506798184e-05
7.24400453208009 6.528793819929955e-05
7.659584359548615 5.960431424670235e-05
8.076219799147403 5.497646350793516e-05
8.492993936395939 5.0602214698962155e-05
8.90670529098293 4.500365229310471e-05
9.318867088358173 4.086554434385676e-05
9.73588159993329 3.730918025927279e-05
10.149909490064971 3.3777736381040684e-05
10.564339790737327 3.228435568317431e-05
10.98234171333473 3.0385106243381546e-05
11.39949126212452 2.8212599948585396e-05
11.812450408288756 2.605056266310673e-05
12.225534358275823 2.4834685384981482e-05
12.637724796451636 2.2544811843663306e-05
13.054073133100133 2.1513705249628928e-05
13.470189053954979 1.9793231432508982e-05
13.885999397224982 1.868001917524861e-05
14.301604084827188 1.7248794141249036e-05
14.716021856026602 1.670088869550644e-05
15.131292178769856 1.5724255492894284e-05
15.54393395522096 1.4906516849157276e-05
15.958209853197868 1.3978346986302777e-05
16.373653160301487 1.319047452233156e-05
16.787048895361497 1.2614446963945183e-05
17.20180606243971 1.1948430945655005e-05
17.61709864791994 1.142423277137189e-05
18.033994064731626 1.0823276538225478e-05
18.450495888557143 1.0180595093685346e-05
18.865217529275654 9.831159674272954e-06
19.277783391202455 9.530639913862476e-06
19.690768973302827 9.106734725215781e-06
20.1061254200875 8.485750685171852e-06
20.5212422382211 8.271421612698239e-06
20.936309932681425 7.929997234649389e-06
21.35223794843319 7.589720033229799e-06
21.76791023583261 7.3829534207136315e-06
22.18376443441723 6.936250508673865e-06
22.596422479681205 6.665515790146068e-06
23.010756071597378 6.342276382930744e-06
23.426116655114694 6.1590420448899295e-06
23.838651773778864 5.9573284925922405e-06
24.253462791119574 5.663604829873425e-06
24.668475448832098 5.4897646317632585e-06
25.084316607735868 5.297409843587448e-06
25.499363084314833 5.12093132025931e-06
25.912525197005365 4.911116196596754e-06
26.329145702124766 4.758139425275687e-06
26.743683414207066 4.619294777433659e-06
27.158448751965146 4.424830068980027e-06
27.57357419596884 4.297847756439102e-06
27.98664428158586 4.210477441737352e-06
28.402609555783265 4.03241490508574e-06
28.817966497687127 3.900144444328505e-06
29.231374809257037 3.777417949697676e-06
29.64478716229707 3.639986961461669e-06
30.05913336528123 3.5757126996828923e-06
30.47638750398698 3.4519360549971137e-06
30.892251997356485 3.354010203552013e-06
31.30700260224481 3.2312573152841484e-06
31.721950502981638 3.148398988331959e-06
32.1355271053654 3.059357829411083e-06
32.54920085735971 2.9899573825711064e-06
32.96374453115393 2.920780077963403e-06
33.377249738813774 2.8236166321190303e-06
33.79149837536942 2.743063401927383e-06
34.20863224527148 2.6575930982176853e-06
34.62419161099205 2.604783404637887e-06
35.03779823599002 2.5313537275369803e-06
35.45238528444839 2.4734079019446222e-06
35.86822512097302 2.395598348301734e-06
36.28304230578863 2.342661043268421e-06
36.695587021511734 2.289020919700324e-06
37.110840865623736 2.2124215610162846e-06
37.52767614569995 2.1808356218864554e-06
37.94211029018572 2.1221582933706574e-06
38.356231388247686 2.071457502257779e-06
38.77100367796238 2.018188480805372e-06
39.185363053959534 2.001123221546878e-06
39.5998149016383 1.938920938179344e-06
40.01368215982023 1.89770166011737e-06
40.42809920453392 1.837219306768324e-06
40.84395303807399 1.8162370567824848e-06
41.25864974509013 1.7598714363580385e-06
41.672581172529185 1.7251722164912264e-06
42.08822351403156 1.6883395243772456e-06
42.50306136987607 1.659038033255518e-06
42.917723753296336 1.621804036984278e-06
43.33286837681365 1.5805661947851116e-06
43.74723726357107 1.5599492136489666e-06
44.16182393675047 1.5237660503231833e-06
44.576863310598995 1.496421825882074e-06
44.99111439631515 1.4554539063020057e-06
45.405310723487204 1.4253980926578608e-06
45.8194724924609 1.4010303079111541e-06
46.234157656069264 1.3774358116869229e-06
46.64962471361753 1.3521313453450203e-06
47.06472546385448 1.3232031449920643e-06
47.47986045773141 1.2938384258780957e-06
47.89510313014754 1.2716885657255025e-06
48.309707705881706 1.2393421119698655e-06
48.72455273720048 1.225696328700873e-06
49.138754557965186 1.198176978833923e-06
49.55194927282189 1.1737094452287687e-06
49.967005871085895 1.1639899584419951e-06
50.38203214176631 1.1374734677003744e-06
50.796655535090956 1.1129364554443388e-06
51.21200611015772 1.1062779527882215e-06
51.62737233713126 1.0806212148493394e-06
52.04307858103358 1.0660761244169194e-06
52.456117342064836 1.0413719480272361e-06
52.869241237509534 1.0232369000451702e-06
53.28420280740058 1.0083172870883333e-06
53.699114623267505 9.9464432410153e-07
54.11440979314283 9.824489487759065e-07
54.5288874001924 9.587051672477373e-07
54.94432066253067 9.442396474477527e-07
55.36053144079113 9.27385351770461e-07
55.77418862204009 9.168399707533936e-07
56.18766692591347 9.009021016920777e-07
56.60290854175326 8.880118953898639e-07
57.01778594861193 8.758464162293698e-07
57.43213572021814 8.603859415596005e-07
57.84663123409676 8.454119275740035e-07
58.261525564438244 8.32148955320006e-07
58.676196271399526 8.254195191209598e-07
59.09035603094663 8.113832859152853e-07
59.50531304300282 8.009467361169819e-07
59.92029996542586 7.874878540498358e-07
60.33551110171109 7.755073483084387e-07
60.75056339693625 7.657261486944288e-07
61.16506714074709 7.5370183950466e-07
61.58013970254252 7.440479012486047e-07
61.995554184787586 7.338890067698606e-07
62.40943374862809 7.21150102168741e-07
62.823156122398125 7.115237885002473e-07
63.237327486510125 7.018214488450545e-07
63.6527162377201 6.972818799918578e-07
64.06854718155044 6.837485406680835e-07
64.48253307177018 6.780817389315102e-07
64.89663394739853 6.689358689030082e-07
65.31075996698004 6.577047105070392e-07
65.72581159267929 6.497744775153567e-07
66.14098990909325 6.400804262368374e-07
66.55471847211892 6.331092180359488e-07
66.96981388919207 6.257242031410236e-07
67.38550865886161 6.203134929579901e-07
67.80008270886802 6.084711947105129e-07
68.21490600513714 6.063513694954012e-07
68.62993878791126 5.96723552941744e-07
69.04438034625812 5.873406514259225e-07
69.45862682952787 5.83592832106813e-07
69.87292650700617 5.74561388270026e-07
70.28764598234208 5.688095747652721e-07
70.70294731109513 5.630045910146169e-07
71.11790722087115 5.535859333713197e-07
71.53243813241086 5.474316844546752e-07
71.94712958022589 5.438905525680682e-07
72.36171795313844 5.364173261011686e-07
72.77695471588353 5.303025595288386e-07
73.19156114126207 5.247147927297341e-07
73.6048782786081 5.2068216552342e-07
74.01914042257467 5.140329520566028e-07
74.43430987243626 5.086553655465645e-07
74.84991047611327 5.040349690554065e-07
75.26402727692678 4.949494208198944e-07
75.67818590118463 4.942578171444852e-07
76.09419925744889 4.870990546514894e-07
76.5091078455712 4.826135798583929e-07
76.92357564455969 4.783793823756188e-07
77.33834303290986 4.731454448210709e-07
77.75377080039748 4.6893625741151125e-07
78.16826518060077 4.629458460583038e-07
78.5818863917516 4.585840464613901e-07
78.99620578307044 4.555299936811936e-07
79.41130410537365 4.5067855799651797e-07
79.82613173315258 4.464678427221557e-07
80.24041753693744 4.423318263615545e-07
80.65528384129567 4.401590562368383e-07
81.07048069701814 4.3458886985308717e-07
81.48577711407756 4.289456193103197e-07
81.89954831367251 4.258557868971756e-07
82.31353938354937 4.2142036446090633e-07
82.72872035560718 4.1840449893887975e-07
83.14349682488377 4.1451515611905137e-07
83.55812144639874 4.119747501359739e-07
83.97287503915241 4.074914743997428e-07
84.387874233869 4.031618217994928e-07
84.80251486961718 4.0102270468616947e-07
85.21757772439447 3.974834817117186e-07
85.63273794066896 3.9382220112605534e-07
86.04696058278832 3.9238665594803016e-07
86.46114331290227 3.876162310239931e-07
86.87589554575051 3.8567226462270346e-07
87.290726183978 3.8143811312929846e-07
87.70512250188972 3.793400241530893e-07
88.11955712700066 3.752701320606938e-07
88.53507407397014 3.7317471397195993e-07
88.95023731552823 3.697189376580156e-07
89.36410493966191 3.676936656657201e-07
89.77865221365337 3.654604202382262e-07
90.19333530620145 3.622956348364673e-07
90.60819889984054 3.597143366496791e-07
91.02293461334051 3.5684679992229903e-07
91.43703143183777 3.556926605281474e-07
91.85211032047374 3.5243962079752233e-07
92.26697379500507 3.4980221350819976e-07
92.681680305006 3.472946094918806e-07
93.09661544600135 3.449389999057655e-07
93.51129701413271 3.4275075508174213e-07
93.92579969435104 3.411828210460156e-07
94.34025487683982 3.3900712532682413e-07
94.75533684030394 3.379708476517169e-07
95.17049003677376 3.350274342484733e-07
95.58474207831992 3.3438717498171096e-07
95.99913503216338 3.3152092444559196e-07
96.41407506402406 3.2873520221845237e-07
96.82928405053373 3.2741728209404283e-07
97.2439319906315 3.249328829241887e-07
97.65821770607752 3.244503829508663e-07
98.07310554378766 3.2263820238246764e-07
98.48741831036558 3.2136666782012324e-07
98.90116304507866 3.190934681621123e-07
99.31585963537803 3.1704907643645456e-07
99.731015465042 3.155994989830571e-07
100.1458679090207 3.1441265855005597e-07
100.5608056839626 3.1329004592771916e-07
100.97591035724888 3.130947514167122e-07
101.39119167631686 3.099853715373458e-07
101.80570743943962 3.103204086222469e-07
102.21974156347667 3.0833978443050797e-07
102.63482260545697 3.065160978085814e-07
103.04958344519743 3.058189306058959e-07
103.4635219895073 3.0548507131645895e-07
103.87830402868923 3.0374407494388767e-07
104.29343398523767 3.02813704930332e-07
104.7080359666795 3.0238775282247566e-07
105.12216094135836 3.0091292999699944e-07
105.53706480204826 2.9991471423005626e-07
105.9525810180736 2.991816869944694e-07
106.36690471199427 2.9748286223762296e-07
106.7812131112576 2.9331871313335213e-07
107.1960587636431 2.899575582793032e-07
107.61062927643354 2.8577738736441767e-07
108.02538429089111 2.8318982815114757e-07
108.43998912571855 2.788590713831772e-07
108.8543333217931 2.752883207816572e-07
109.26908840987122 2.7235493564909965e-07
109.68396621488925 2.700457098783062e-07
110.09910383572831 2.6659482045419476e-07
110.51367103289387 2.64270827056871e-07
110.92761145165068 2.602720969925385e-07
111.34280217976159 2.586051997157381e-07
111.75829373272964 2.558841475320617e-07
112.17232244030107 2.5359863639470806e-07
112.58687836730296 2.5162884382360605e-07
113.00201379640353 2.486546897673631e-07
113.41673548723125 2.468321543417739e-07
113.83141749777894 2.4393110043814543e-07
114.24566461677918 2.416250909341442e-07
114.66089978105835 2.3987787886203097e-07
115.07537596998034 2.3772305728579176e-07
115.48917651328217 2.358761405535982e-07
115.90413639363211 2.338663215237962e-07
116.31910065971293 2.3199782586874916e-07
116.73377621129734 2.304207842227001e-07
117.14846539354895 2.286577215084088e-07
117.56339902602312 2.2676935470011945e-07
117.9780193419828 2.2527304907158657e-07
118.392601291717 2.2352163301407504e-07
118.8071096349491 2.2177075860768727e-07
119.22180031784794 2.2129271750905645e-07
119.63651794210602 2.1999805006354407e-07
120.05093992551366 2.1803509762299293e-07
120.46574119197157 2.1799533333110463e-07
120.88056328925346 2.1607654169886614e-07
121.29548699272344 2.14369427903674e-07
121.71036412399118 2.1434491055021796e-07
122.12487681919654 2.1216512769572402e-07
122.53960923194944 2.1121823024837454e-07
122.95427747378324 2.1113253651779375e-07
123.36865524548163 2.088413557909518e-07
123.78351569581663 2.0825854970884047e-07
124.1984696743451 2.080066168201299e-07
124.61313566707497 2.0726993949920707e-07
125.02726137103916 2.0632475484977505e-07
125.44210594416776 2.0574999214367756e-07
125.85727025708675 2.0535358017088764e-07
126.2713462466628 2.046018736494364e-07
126.68582747397033 2.0418585572395128e-07
127.10082697931392 2.025194423942635e-07
127.51628408322294 2.0270094907261363e-07
127.93048695979469 2.0236001987742765e-07
128.3441468843117 2.014475952024532e-07
128.75919285256145 2.0169382833927607e-07
129.17441590233068 2.0158073098125163e-07
129.58935607687192 2.0077778251516616e-07
130.00385165472758 2.0023738034459092e-07
130.418730914772 2.0024575644397925e-07
130.83395182208503 2.0062824687558008e-07
131.2483734741697 2.0010343645059969e-07
131.662603293436 1.9988600580139202e-07
132.0774207287348 1.9974069907893421e-07
132.49187308417885 1.9927639437369092e-07
132.9059964289242 1.9986783094946122e-07
133.3207313054267 2.0015194426498943e-07
133.73606748683326 1.9918336398469008e-07
134.15076564629973 1.9975491270616372e-07
134.56482624875494 1.9981963561685015e-07
134.9795633676931 1.993212327450843e-07
135.39483119327036 1.9941066830327247e-07
135.8097722542666 1.9981670880911085e-07
136.22429458466723 2.0020412507464537e-07
136.63932375789338 2.010381305003909e-07
137.05459142271215 2.008917351382712e-07
137.46838004247584 2.028202549799512e-07
137.88209103099663 2.0157210791049924e-07
138.29754191737402 2.0225909062305337e-07
138.71240094612384 2.0304063019439515e-07
139.1262004021563 2.0243025209461533e-07
139.5408825859591 2.0364945192413115e-07
139.95550073008 2.0334426583176818e-07
140.3701695522837 2.0525864175442016e-07
140.78504233473637 2.0571540354529672e-07
141.20040786925222 2.0561312882641727e-07
141.6155003066742 2.0562841374026313e-07
142.02922119039914 2.0559493805327466e-07
142.44386200897722 2.0670123067108224e-07
142.85901174074576 2.084186074054944e-07
143.27393310698375 2.0871365578344663e-07
143.68854257541253 2.093995190021011e-07
144.10286485759732 2.0928004274866905e-07
144.51719874639977 2.098820999847754e-07
144.93191736130103 2.0902700510198526e-07
145.34633709221652 2.1202920067803493e-07
145.76090105602398 2.0976940586763588e-07
146.17638582665234 2.138385013897568e-07
146.59100401069117 2.1245944428145288e-07
147.00431605151678 2.1263957633258264e-07
147.41944289391242 2.1292905788610968e-07
147.83530012041732 2.115572786939475e-07
148.24925558699553 2.1343460775019128e-07
148.66375076543687 2.116008823500957e-07
149.0781555786819 2.1209858029784808e-07
149.49249260070107 2.1000593215509374e-07
149.9060581553329 2.0943165096086932e-07
150.32092206252173 2.082874643729423e-07
150.7372881578799 2.0745105877918169e-07
151.151220808624 2.0593246007087328e-07
151.5659358851974 2.0583123851258816e-07
151.98174608237056 2.058315794079251e-07
152.3961951506044 2.0550651359749082e-07
152.81024487245648 2.0520898009514925e-07
153.2246036016827 2.0421620438497214e-07
153.6398060206906 2.043445742138911e-07
154.05425890763416 2.063133389873795e-07
154.46767833494027 2.0508752942389372e-07
154.88266864507625 2.059376197690675e-07
155.29821724554816 2.0565912101183264e-07
155.713133033657 2.0601907186836715e-07
156.12655588141627 2.066938706163943e-07
156.54050185707834 2.0823037741306803e-07
156.95729961122862 2.0807948353533218e-07
157.37225411073103 2.106293936565283e-07
157.78571044059785 2.0967096894306403e-07
158.20121713345225 2.1320952609219034e-07
158.61803419621296 2.1122267699621416e-07
159.03182286116973 2.1403068787158247e-07
159.44483289140865 2.1755364308725182e-07
159.86149454635193 2.1568342333590133e-07
160.2763837985442 2.1723300286430766e-07
160.68873273935574 2.193231686531991e-07
161.10403403012958 2.2098751816497377e-07
161.5217327637192 2.2089569547917646e-07
161.93556181809322 2.2491113900858248e-07
162.34680251752823 2.2767875825602728e-07
162.76320950371348 2.2982312776082883e-07
163.17934428111553 2.2904238621818154e-07
163.59179441151915 2.3570948296056542e-07
164.00566487443115 2.3435503892224054e-07
164.42202685348298 2.3660266502303363e-07
164.8386548330523 2.393835728006132e-07
165.25105015370627 2.424444967923949e-07
165.66332992181842 2.433318927820866e-07
166.08161812156953 2.482331366447353e-07
166.49799865309782 2.541432773804739e-07
166.9081997865115 2.53731771924543e-07
167.32286676450207 2.5457878833671893e-07
167.7424989960814 2.5913280223726845e-07
168.15701752344498 2.6663774621131893e-07
168.56582993130704 2.7216962338956733e-07
168.98215751717953 2.738012341227415e-07
169.40377195289176 2.7579865356215375e-07
169.8145358847543 2.8006636920514805e-07
170.22142667022328 2.86985494884232e-07
170.64138274404408 2.871785658389378e-07
171.06211287310546 2.907171399817239e-07
171.47191521779672 3.02887704889346e-07
171.8836125529306 2.950962321945499e-07
172.3045168357678 3.0971765902480073e-07
172.71756705609187 3.1941939560915715e-07
173.11856397129088 3.23607603569342e-07
173.54023704260595 3.258801340032683e-07
173.9700979967233 3.3364382132213696e-07
174.37396589202464 3.43889176437008e-07
174.77060780460835 3.4425395337646413e-07
175.19970351142425 3.476873359054932e-07
175.63789865001985 3.5995589287074307e-07
176.03487973228354 3.730739066911749e-07
176.4239994663471 3.6420796106177323e-07
176.86229645340225 3.8084588824174107e-07
177.30681744753304 3.990708347076595e-07
177.68509152700935 4.023349578328508e-07
178.0656686960884 4.0653021206890963e-07
178.52286799837262 4.0891296962513805e-07
178.9801373678319 4.499136554897976e-07
179.32846162353624 4.5361750091252664e-07
179.70390547556022 4.691616138040627e-07
180.17655789337894 4.835513446647651e-07
180.646308995162 4.89616849802841e-07
181.00422145797464 4.47824445558377e-07
181.3596390125493 4.823879476905971e-07
181.83284713076353 5.833222123987744e-07
182.30515672851345 5.782307753160823e-07
182.68092402036905 5.887255868611767e-07
183.0069108429058 6.557043710363554e-07
183.4572835735978 4.4451382683647607e-07
183.87572434860803 1.8038543161506786e-08
