17.799282449393907 2.056060111085355e-06
30.158244330131154 3.463975507599594e-07
42.89580372913673 1.0747305041606692e-07
55.67321552978553 3.2710660449545735e-08
68.70199571606821 1.5593125323250142e-08
80.9577352285149 6.868387428242253e-09
93.5343336715136 5.046140463452195e-09
106.16450203531903 2.95554063651956e-09
118.9072488188118 1.91190485413792e-09
131.52449629177582 1.6182352924777665e-09
143.9326581339747 1.367435750883434e-09
156.55721831376695 1.1272589006568703e-09
169.40797891669078 9.966459788008627e-10
181.9370924105474 1.023842273030682e-09
194.41579553660424 9.38516530874539e-10
206.95260779187328 9.72632502757918e-10
219.51528885091182 9.54934291504569e-10
232.10861695601864 8.937100546425269e-10
244.73393330749704 9.509989543537926e-10
257.3634526180588 9.290132261389343e-10
269.90016033281614 9.37046119873763e-10
282.3899117684295 9.118861515208599e-10
295.02671514949367 9.492137396314426e-10
307.57301485045366 9.37334635914923e-10
320.13150881022204 9.190997370776523e-10
332.79823373741607 9.25401987202531e-10
345.4391291552885 9.063515850438697e-10
357.9530426754169 9.221579901360904e-10
370.4707381295704 9.201126786243721e-10
382.9613574682314 9.270291906049886e-10
395.5779737303071 9.125264603355112e-10
408.18754708954486 8.921309184302519e-10
420.78786052196915 9.125744186513578e-10
433.3819419644603 8.881790910142147e-10
445.9400562432304 8.929037440500132e-10
458.52400541726837 8.903911430877325e-10
471.0283016733625 8.789802353596118e-10
483.5821167635718 8.982113975912559e-10
496.17130788792383 9.01897035750546e-10
508.6984513745909 8.835772517971379e-10
521.266850376961 9.03006021130249e-10
533.8514741793921 8.994289547515082e-10
546.4846686282311 8.920755326753559e-10
559.1059360168832 8.870951707578869e-10
571.6732584628986 8.760615827430726e-10
584.1752542788623 8.78805361366447e-10
596.6899688879645 8.849102381434168e-10
609.2765278814395 8.823478588352246e-10
621.8558254006394 8.801518429486392e-10
634.4336343236796 8.75169088372602e-10
647.0375135888845 8.733886199889639e-10
659.6336435100791 8.825428709797916e-10
672.2352858914313 8.685985275200372e-10
684.7400751418547 8.653255125753893e-10
697.2956385332539 8.645915966670235e-10
709.8823228822636 8.634455378299793e-10
722.383387084208 8.522945890306278e-10
734.9534179127145 8.559199437448171e-10
747.5295590555182 8.53581022413205e-10
760.1308062950264 8.597676674876784e-10
772.7079722519646 8.459913220780859e-10
785.22803627289 8.393899862011144e-10
797.8529000643869 8.492656865727661e-10
810.4146489153657 8.358533688916569e-10
822.9832955140954 8.392788474860505e-10
835.5628544232982 8.280751670792946e-10
848.0801297450262 8.364448842309126e-10
860.6851380540385 8.243117602342039e-10
873.2717120511252 8.288562947768857e-10
885.7992366441526 8.22444269513479e-10
898.3268837059719 8.112328149227033e-10
910.8828292509464 8.128993635544717e-10
923.5268940602116 8.159119998811531e-10
936.128848404742 8.075307869942356e-10
948.6970485528731 8.020470272003062e-10
961.27122736308 8.055152788569502e-10
973.8038516777394 7.996773597734872e-10
986.3394199199912 7.871034781870946e-10
998.9013494289071 7.999007262154964e-10
1011.4318102670842 7.906419569338508e-10
1023.984799253619 7.839974700132404e-10
1036.6252195536813 7.855780643099657e-10
1049.2179276058198 7.804974682697596e-10
1061.7514616966673 7.814453688054597e-10
1074.3147055893453 7.799649285930235e-10
1086.9159127567582 7.725005626705097e-10
1099.4861304784436 7.711597738488782e-10
1111.9874855003557 7.711718683090247e-10
1124.5709353219315 7.681691992211009e-10
1137.2023074454532 7.619907962164855e-10
1149.7609178844157 7.54333969674132e-10
1162.310042068112 7.528637571867692e-10
1174.8788993321937 7.511599722546872e-10
1187.4352440593798 7.493846796066317e-10
1199.9943909587364 7.363246736240377e-10
1212.5358230248555 7.429002544555244e-10
1225.0939152889068 7.326102047308308e-10
1237.695546608303 7.313249638451815e-10
1250.2621134875799 7.249590472537721e-10
1262.8054900766422 7.220901580858071e-10
1275.400712546411 7.194741658154685e-10
1287.9715566629113 7.171451051944925e-10
1300.5370834332223 7.123473708241574e-10
1313.1172235398076 7.070048963351601e-10
1325.6738564718507 7.042139429062526e-10
1338.2370889924387 7.080089888201158e-10
1350.8140397151212 6.987010400488119e-10
1363.367102918641 6.953839481363778e-10
1375.9185067723397 6.915029788667956e-10
1388.4688634079062 6.878416828363301e-10
1401.0350804869474 6.862544758674172e-10
1413.6249913217434 6.793052589526292e-10
1426.2038019349843 6.720499283184515e-10
1438.7836502342852 6.706577451708744e-10
1451.3667615196225 6.684963656385799e-10
1463.93053654187 6.666015950381564e-10
1476.5015980969845 6.61426136308524e-10
1489.0531684231876 6.570930286487705e-10
1501.5742203885422 6.537428343956057e-10
1514.1516930632092 6.486287143752361e-10
1526.7282467201912 6.448819881192662e-10
1539.2925919724535 6.403623724032884e-10
1551.8789730350827 6.360912521175586e-10
1564.4658283979172 6.339970972167763e-10
1577.062987304048 6.277906302283308e-10
1589.5793133959044 6.257925074958964e-10
1602.098219318471 6.22506629393994e-10
1614.6728123454723 6.186465183074585e-10
1627.245897674773 6.133650789649608e-10
1639.830599792207 6.080147401833359e-10
1652.3905272785578 6.052245115621516e-10
1664.979414016081 6.041295889999455e-10
1677.5918618421556 5.959252906964917e-10
1690.126927940609 5.932267012626096e-10
1702.6565735125293 5.883534213587797e-10
1715.239652780402 5.862828660115838e-10
1727.811695412483 5.842293517706415e-10
1740.3677490975194 5.76568033295737e-10
1752.9282192150536 5.745391342486243e-10
1765.500774679947 5.701429807958469e-10
1778.0665536787737 5.639442217492336e-10
1790.6168494226254 5.592788261794868e-10
1803.191304333419 5.582914821647789e-10
1815.7666656189658 5.555722310595725e-10
1828.3488212639727 5.509304682872886e-10
1840.9261635435228 5.470347686343737e-10
1853.4868830529422 5.399747971570145e-10
1866.0648394709856 5.371149997490765e-10
1878.6531571147755 5.342734124159824e-10
1891.1949620796393 5.303296539783979e-10
1903.7320037090342 5.299091292667004e-10
1916.2826511063677 5.22849361422849e-10
1928.8701890218213 5.19356452616255e-10
1941.4711267136497 5.135715498486381e-10
1954.0161536900057 5.136212882057184e-10
1966.5646650726826 5.095017001123774e-10
1979.1139383933348 5.052001833854874e-10
1991.6912603842213 5.00476430583337e-10
2004.2724214876746 4.972157782861897e-10
2016.8096506702707 4.922616961606202e-10
2029.388299672487 4.907440827181773e-10
2041.9851108745945 4.873687357856308e-10
2054.5479608747887 4.822227965336629e-10
2067.1183637920344 4.782130430486335e-10
2079.69511478519 4.739786651581868e-10
2092.25394988661 4.708449549925858e-10
2104.806873622057 4.657478204515536e-10
2117.3614093032174 4.6329027898103153e-10
2129.928666131578 4.600590219946193e-10
2142.5135548816706 4.554498188963588e-10
2155.088097602156 4.5147341239354676e-10
2167.649640376087 4.47107395146972e-10
2180.216047885633 4.4582338225986977e-10
2192.779331913286 4.4147258827975905e-10
2205.362264117683 4.3666366294228324e-10
2217.92609518976 4.3291087323326073e-10
2230.4508569275185 4.300561685239488e-10
2243.0042552295354 4.284633445963306e-10
2255.585147649584 4.2536232516025413e-10
2268.179105336766 4.206611502117378e-10
2280.7280993008117 4.1598861329106487e-10
2293.278360641959 4.1371900774185465e-10
2305.8848259833 4.089801813992956e-10
2318.4578135021575 4.0785933009757695e-10
2331.017443774536 4.0231683447969163e-10
2343.5861525124205 4.005180452787367e-10
2356.174872739318 3.9675108866280556e-10
2368.7353085030536 3.934805831778169e-10
2381.2692845985334 3.887178277283268e-10
2393.8244176688013 3.8604554267407315e-10
2406.4031547082923 3.8216213252250395e-10
2418.9736888834113 3.815390640617117e-10
2431.52780414962 3.7951734086815944e-10
2444.0995103422933 3.7233978259334096e-10
2456.681233242974 3.6991200350267225e-10
2469.2659731538656 3.669068767907154e-10
2481.804494353713 3.6396423979265484e-10
2494.349678289375 3.609568714230116e-10
2506.9309198668843 3.5860537578560004e-10
2519.499903784357 3.5400877949967137e-10
2532.064286254508 3.512981651589362e-10
2544.6325769440127 3.4887766747372987e-10
2557.208310117243 3.4530919147543444e-10
2569.7731778671878 3.436709730192254e-10
2582.350840133166 3.4129243201992226e-10
2594.9314527475444 3.372817586456235e-10
2607.4836540238884 3.3439926770656964e-10
2620.0346458455233 3.311482049139235e-10
2632.6028953257733 3.276297786132865e-10
2645.173520726606 3.2593563612179144e-10
2657.730984905749 3.2210805272413053e-10
2670.289609909111 3.2025678446773677e-10
2682.8810325445497 3.1682481381639697e-10
2695.4617368341887 3.139251003008535e-10
2708.003179989755 3.1139231640296865e-10
2720.565218595557 3.107274103184739e-10
2733.1313729151952 3.068662742146172e-10
2745.702996964865 3.041709997563843e-10
2758.2707458588034 3.0154193340846197e-10
2770.8191342981145 2.9907087913559897e-10
2783.3972824385987 2.969264540381745e-10
2795.9689028789417 2.9340462810322795e-10
2808.5357668183638 2.9196966819935365e-10
2821.1095589697384 2.8879590842698574e-10
2833.6756670949308 2.8606544702185317e-10
2846.236354374274 2.8355341071660793e-10
2858.79560232848 2.820059306903619e-10
2871.373843645574 2.793656206715909e-10
2883.954243538599 2.774591531685135e-10
2896.5073357066644 2.759048493195654e-10
2909.064697944345 2.7229621271269e-10
2921.6386383037598 2.6975700442062456e-10
2934.2207288040527 2.68722211057955e-10
2946.785817897924 2.6609725254552627e-10
2959.3399304871978 2.6406398407748003e-10
2971.912289205687 2.6276213858460944e-10
2984.46722152623 2.5986910154361237e-10
2997.00494075996 2.5814561199260796e-10
3009.571504102365 2.5604632931765887e-10
3022.151983789152 2.535985571964987e-10
3034.723269970324 2.5165314624149553e-10
3047.297141938261 2.4961296308862347e-10
3059.876071431784 2.4848598014224903e-10
3072.460353827784 2.459944954511252e-10
3085.0214375587766 2.4420222243575104e-10
3097.56792616596 2.424180035490396e-10
3110.1461395593024 2.4029751028352697e-10
3122.7146498544676 2.3844281924675616e-10
3135.258242106282 2.3719850708387215e-10
3147.827394808765 2.3495621738014875e-10
3160.407090461748 2.3320326367201436e-10
3172.9707868690757 2.3249902084999594e-10
3185.520028526011 2.3097825972329047e-10
3198.0928727893415 2.2818598211410063e-10
3210.684273274958 2.271001159070945e-10
3223.239536727099 2.251670133732786e-10
3235.794336704776 2.2290696575979009e-10
3248.365417080094 2.2031332302228626e-10
3260.9281598919256 2.1774183361617923e-10
3273.4964936633673 2.1579616568581035e-10
3286.0602765369263 2.1287032007761365e-10
3298.616161266458 2.1055807560332695e-10
3311.184497268825 2.0860494573338033e-10
3323.7565519663412 2.057995372700726e-10
3336.336479870555 2.0311474884839013e-10
3348.8991222089053 2.0077363054880157e-10
3361.442771262142 1.9887906322814414e-10
3374.0243084776243 1.9650078103593391e-10
3386.614961597868 1.9389014480395056e-10
3399.16128606973 1.9263125636160566e-10
3411.723586887969 1.9037733336517478e-10
3424.3034483758647 1.882396557527005e-10
3436.8707723403413 1.8520014621896356e-10
3449.4368938720895 1.8351549574492858e-10
3461.9898368720965 1.8157028629991103e-10
3474.572720638132 1.7922131588055653e-10
3487.1326051509195 1.774656456872815e-10
3499.6720155540056 1.7524587324561012e-10
3512.2465573827917 1.7305063598925313e-10
3524.8212321125134 1.7129886465454118e-10
3537.387157918102 1.6968921610083042e-10
3549.9534967742106 1.6749119991220615e-10
3562.5272432128218 1.6551141666820017e-10
3575.0914952116 1.6352856514239883e-10
3587.654584597485 1.6201748846920453e-10
3600.2154434833064 1.598166470153423e-10
3612.781827813574 1.5785167878937526e-10
3625.349028548668 1.5620095751858366e-10
3637.907270470111 1.5404973846385093e-10
3650.477005817321 1.522764442605034e-10
3663.04737240162 1.50260607964478e-10
3675.6208179613163 1.4948320681602315e-10
3688.192852242157 1.469148141053401e-10
3700.7538430059562 1.4602877807925568e-10
3713.3214918772564 1.4384893577298476e-10
3725.88719617525 1.4263411001304206e-10
3738.4440983479285 1.4047518561521408e-10
3751.0156271459587 1.3945831757490015e-10
3763.58999013167 1.3750366525338298e-10
3776.155626274999 1.359806371053837e-10
3788.70489003149 1.3426360006111308e-10
3801.275937702054 1.3295562453793505e-10
3813.8566744571744 1.312155277708047e-10
3826.404431717055 1.3041875384962336e-10
3838.9644689081924 1.2900518408158406e-10
3851.5402114943618 1.2733033762868655e-10
3864.1298207037257 1.2547748183248654e-10
3876.681423024082 1.2445352950867524e-10
3889.2165722518703 1.227927449904858e-10
3901.7937228048927 1.2211270607766534e-10
3914.376239464566 1.201657000804195e-10
3926.950184147634 1.185788768384776e-10
3939.510656203867 1.1730801021144787e-10
3952.082754993091 1.1611209672433198e-10
3964.66520672985 1.1472102165066145e-10
3977.223438611204 1.1374328741804982e-10
3989.775857376849 1.123131801953918e-10
4002.346082688934 1.1127261061665024e-10
4014.9052449751166 1.1002428801904037e-10
4027.454437240128 1.089140175603819e-10
4040.0221607705066 1.0745883699989468e-10
4052.608105661614 1.0627928476081269e-10
4065.1747165545376 1.055853824695855e-10
4077.7220075380287 1.0438951204899891e-10
4090.2897990210035 1.0376675299522763e-10
4102.873672523345 1.0208849484469185e-10
4115.447644068685 1.0127262319924982e-10
4128.008926808098 1.0020350762776862e-10
4140.585568421012 9.887704632489991e-11
4153.1694370518835 9.797872148428106e-11
4165.708486135632 9.693905901870541e-11
4178.245182757474 9.596619853400306e-11
4190.834603556789 9.483500021091763e-11
4203.40608927648 9.417930752881348e-11
4215.94546673201 9.269190380503562e-11
4228.511593513913 9.244616828143494e-11
4241.075779699394 9.097512967901786e-11
4253.641501584355 9.007736311014146e-11
4266.2134040829205 8.936524093769089e-11
4278.800238462189 8.799031329315162e-11
4291.378797171946 8.7276289721776e-11
4303.915793648459 8.634100910258572e-11
4316.4806669387035 8.535751616382514e-11
4329.060961840782 8.416913595806914e-11
4341.6343365752655 8.363649305346209e-11
4354.198259860986 8.291876764492954e-11
4366.7534805332525 8.220943972721012e-11
4379.309052921206 8.121575426068274e-11
4391.876283675789 8.009840806609371e-11
4404.434457339895 7.967546156064309e-11
4416.997001697697 7.847456304485103e-11
4429.587449292495 7.764766462413932e-11
4442.151636687611 7.623562985854893e-11
4454.676243985357 7.565751240778204e-11
4467.255845270074 7.484843510059068e-11
4479.8575794065855 7.367462120702356e-11
4492.40168445441 7.295461682495142e-11
4504.962144407178 7.179902539779969e-11
4517.519866020664 7.083485929252637e-11
4530.0755333545785 6.968041727922782e-11
4542.6078228888755 6.82443421112491e-11
4555.1794564400525 6.745204605733724e-11
4567.796610844846 6.63875404142149e-11
4580.340024503758 6.47992393933676e-11
4592.907148036285 6.401927833690093e-11
4605.507457041533 6.335675416709466e-11
4618.066519715286 6.201647958952928e-11
4630.61348098353 6.159941105432991e-11
4643.169806111598 6.052061124164054e-11
4655.7516975966855 6.002534035121674e-11
4668.310875988915 5.925713763066327e-11
4680.838737422433 5.832262714556122e-11
4693.4142013659475 5.70060217132974e-11
4706.006583198429 5.6548338986828136e-11
4718.579788898697 5.6058253801758474e-11
4731.107753982311 5.51922381122248e-11
4743.651571426617 5.4941937481097576e-11
4756.281806400868 5.3959304427011815e-11
4768.856185173669 5.3131894077899117e-11
4781.385164866601 5.258429285569513e-11
4793.976276771281 5.177229751482741e-11
4806.607096854939 5.15356666105279e-11
4819.146147308174 5.0727147075648455e-11
4831.661602769959 4.991158415909686e-11
4844.287713525817 4.944622588459413e-11
4856.860115107401 4.884341741566082e-11
4869.355537556235 4.860313949565695e-11
4881.940425155442 4.7812760485908934e-11
4894.597962536946 4.744862695542296e-11
4907.1382369119165 4.699029308329421e-11
4919.600076288735 4.666033936999144e-11
4932.2184698095 4.569448996911858e-11
4944.828614579259 4.4926177798966493e-11
4957.327103379369 4.479975424658383e-11
4969.86863255852 4.4404367437974076e-11
4982.485662226757 4.3885566525400144e-11
4995.110752516737 4.417105444920381e-11
5007.607580415342 4.3336500359400016e-11
5020.10090672177 4.286903313399365e-11
5032.776306714229 4.3187340559071134e-11
5045.393898578722 4.2083987624422733e-11
5057.824235954894 4.172187374794591e-11
5070.389901954609 4.139482739199088e-11
5083.106030184285 4.084495630830437e-11
5095.667197680151 4.055659810484329e-11
5108.05545246385 4.0093667373814394e-11
5120.671439914531 3.987983481508664e-11
5133.447634936114 3.983891887868923e-11
5145.895026810736 3.951190618144181e-11
5158.2250506128275 3.9409100606814024e-11
5170.95099224376 3.8148238671600343e-11
5183.700390094105 3.863495368237811e-11
5196.118642963537 3.83764650300117e-11
5208.594319785777 3.808083189566583e-11
5221.348995023267 3.7480558328466663e-11
5233.86566836642 3.705525528235734e-11
5246.017090039119 3.7341909383756565e-11
5258.795061897151 3.7032755836638235e-11
5271.8211514158575 3.677898091718621e-11
5284.059572485596 3.715767424919393e-11
5296.079024382072 3.7236831691156536e-11
5309.081924588613 3.566418310317106e-11
5322.3605651521175 3.627737917691026e-11
5334.390294917684 3.581550192272124e-11
5346.181802010518 3.602301945382031e-11
5359.463528890978 3.541937557401916e-11
5372.933862046457 3.6029781838274824e-11
5384.396712939678 3.5448867569977444e-11
5395.929354426921 3.440905184229716e-11
5409.783878738565 3.522004703738086e-11
5423.640526297936 3.526727063648693e-11
5434.195806773826 3.592833839728009e-11
5445.572893198795 3.579214430782333e-11
5459.895693738757 3.443377543004329e-11
5474.13057561097 3.7069088876394173e-11
5484.976407817414 3.8616902718639814e-11
5495.746636743918 3.693357882210484e-11
5510.086276689804 3.32959373904064e-11
5524.398688742833 3.2825769043846245e-11
5535.78557637482 3.3388043600081686e-11
5545.66396493654 2.972227121929777e-11
5559.311623442359 3.001139071314733e-11
5571.991646927517 1.8892287501639812e-11
