587.4346038131274 6.835035732868175e-11
995.3208147653924 1.3922779279397508e-11
1415.701983521766 5.610111696443565e-12
1837.3984120273371 1.7536092555926269e-12
2267.39082035377 1.0109065335802476e-12
2671.870355155251 5.320277762884805e-13
3086.9392853036848 3.4879007356861814e-13
3503.7761982511383 2.0748503414477375e-13
3924.328567681456 1.564595280552995e-13
4340.7390489222435 1.138357510384155e-13
4750.249019705895 8.777206127118284e-14
5166.900844217155 6.886862096066389e-14
5591.018023375294 5.586412599889e-14
6004.519794714621 4.831847711404065e-14
6416.357858849979 4.194497659948748e-14
6830.113714525178 3.7094031108116766e-14
7244.723325431053 3.5513702175682745e-14
7660.344389209613 3.3004794897494246e-14
8077.02116986257 2.929003191180787e-14
8493.836661927684 2.9037905564198646e-14
8907.589067423683 2.7768206723850095e-14
9319.791761951621 2.6866063882316523e-14
9736.847652194689 2.6902475006482234e-14
10150.916624643924 2.6550199083379714e-14
10565.388047563407 2.6304010620009008e-14
10983.431446805575 2.597332384411484e-14
11400.622387662515 2.6108124276829554e-14
11813.622510097151 2.6985760015878836e-14
12226.747448738397 2.5399587743891258e-14
12638.978786908818 2.604629844934347e-14
13055.368436123415 2.6056218434011786e-14
13471.52564648268 2.5700727329363948e-14
13887.37724893587 2.550466240661458e-14
14303.023175314884 2.6010070905541865e-14
14717.482067518175 2.5629880272248015e-14
15132.793595860558 2.5742445989360757e-14
15545.476317090746 2.5908178673369135e-14
15959.793321994024 2.5877389738848527e-14
16375.277851861312 2.5866805264998376e-14
16788.71460651268 2.5477285929230337e-14
17203.512928271655 2.5512033625335448e-14
17618.846721560054 2.603663358700632e-14
18035.7835052224 2.5792915472547914e-14
18452.326656843932 2.5856580014138376e-14
18867.089448718067 2.6227880028616777e-14
19279.696247891257 2.6288470930045498e-14
19692.722808885163 2.5865712834197306e-14
20108.120469814705 2.5950293669896064e-14
20523.27847831579 2.5954346582674607e-14
20938.38735826926 2.5946058409798756e-14
21354.356644880376 2.5705526284439166e-14
21770.070177764257 2.6379581092412203e-14
22185.965639883652 2.5919228803780807e-14
22598.664631541 2.5492218977465597e-14
23013.03933610828 2.5985089787155062e-14
23428.44113418094 2.6037469216496347e-14
23841.01718704097 2.6159111530914826e-14
24255.86936440579 2.587996141320414e-14
24670.923202150378 2.5689521334246235e-14
25086.805623295048 2.589355480453924e-14
25501.89328326179 2.5723873908133654e-14
25915.096392362273 2.5808092055755877e-14
26331.758237053953 2.614045261944649e-14
26746.33708204138 2.6047529797229987e-14
27161.143575290967 2.5963207138736002e-14
27576.310210518055 2.624164312456546e-14
27989.421283413554 2.5979899998344303e-14
28405.427832167316 2.6003345262781375e-14
28820.825988265176 2.5955931409014838e-14
29234.27532067436 2.5775583316513902e-14
29647.72869495468 2.586448447869343e-14
30062.116011841295 2.5899015737266297e-14
30479.41155299223 2.5794162830327705e-14
30895.31731091802 2.586714948758106e-14
31310.10906983597 2.5783475784640005e-14
31725.09814417929 2.6007207980204367e-14
32138.71578410114 2.581498783719597e-14
32552.4305832733 2.5786888709764225e-14
32967.015390564215 2.5994151336426923e-14
33380.56162867793 2.5853823635244252e-14
33794.85136945491 2.6105633393280867e-14
34212.026629868364 2.5963220635936336e-14
34627.62722986864 2.5765707715661868e-14
35041.274895383714 2.5961618901795725e-14
35455.90308164267 2.593884797288466e-14
35871.78418027698 2.5888126880465728e-14
36286.642525728676 2.5947011015920385e-14
36699.228176599914 2.5780070094180117e-14
37114.52322467593 2.60590271276989e-14
37531.399865635685 2.5978080197485564e-14
37945.875132749985 2.5904632094516424e-14
38360.03732237816 2.591318607234281e-14
38774.85076827418 2.594616065670869e-14
39189.25125948088 2.5997850873826102e-14
39603.74423154479 2.5961180400179516e-14
40017.652556105415 2.6113313385045856e-14
40432.110721750905 2.6230884358875476e-14
40848.00581878953 2.6003557495122485e-14
41262.74367448722 2.5995475917337503e-14
41676.71617467222 2.5785543563392103e-14
42092.39975868764 2.5872699137472478e-14
42507.27877721934 2.6044029970455867e-14
42921.982305915364 2.5974306549131418e-14
43337.16812255918 2.5966972825835306e-14
43751.578125469874 2.604604370955199e-14
44166.205936412625 2.594412008939508e-14
44581.28649294414 2.6006459485004064e-14
44995.578683124644 2.6002783631655843e-14
45409.816109327585 2.6002722568867183e-14
45824.01897390309 2.6111279145781264e-14
46238.745285047604 2.6053383877556853e-14
46654.253567716194 2.6043976987059402e-14
47069.39550672628 2.597584827202174e-14
47484.57169277421 2.606321140679667e-14
47899.85556804584 2.5872675234744996e-14
48314.50128331974 2.61958877985212e-14
48729.387478037694 2.6085706205211445e-14
49143.63039837838 2.6047205635195144e-14
49556.86611288002 2.6007127052937648e-14
49971.96389553614 2.614049249877022e-14
50387.031347599375 2.6141072882580915e-14
50801.69588233096 2.6020244463353662e-14
51217.08767095997 2.6058062070402826e-14
51632.495113048826 2.5832782097301335e-14
52048.242605804975 2.611917714142648e-14
52461.32235100649 2.6048209865538684e-14
52874.48723906899 2.6159106797291246e-14
53289.48998392287 2.6070125252632174e-14
53704.44296981573 2.616789804102306e-14
54119.77934775567 2.6048930483466432e-14
54534.29808174639 2.6148389579068747e-14
54949.77256585162 2.6085476227197607e-14
55366.024643028824 2.6220300693950586e-14
55779.72286981138 2.604916685752287e-14
56193.24220146909 2.6191693327608255e-14
56608.52502005954 2.6288662984651268e-14
57023.44359352988 2.6096953479861214e-14
57437.834479392644 2.6360849639588624e-14
57852.37112198924 2.6316900536208e-14
58267.30662062164 2.6197481269320594e-14
58682.0184736846 2.6240776192697057e-14
59096.21932863413 2.619837440420684e-14
59511.217515200886 2.6200361360981456e-14
59926.24561510239 2.6263385245341386e-14
60341.49795111391 2.634196355231992e-14
60756.59143030421 2.6336646195653395e-14
61171.13630364964 2.638957324618211e-14
61586.25005142118 2.6384727643497747e-14
62001.705753569746 2.6290968031154752e-14
62415.62638500998 2.6332274874553755e-14
62829.38981078241 2.6385065057754448e-14
63243.60227144831 2.634306744248756e-14
63659.032240008586 2.6402851696074604e-14
64074.904445066226 2.630390247659196e-14
64488.93141343605 2.6418391316632386e-14
64903.073378623994 2.6555044118527905e-14
65317.240490260054 2.643144668406383e-14
65732.33329985802 2.6415747439708808e-14
66147.55281274168 2.6456687131391664e-14
66561.3224283839 2.6444342186838294e-14
66976.45903370097 2.658239619680887e-14
67392.1950510858 2.6606536473124268e-14
67806.81023760301 2.6489253752851448e-14
68221.67469511462 2.6580937530016174e-14
68636.74865991774 2.6653062629480088e-14
69051.23134162878 2.673744769659744e-14
69465.51892890621 2.66668653680939e-14
69879.8597156704 2.668056674261466e-14
70294.62034194708 2.6727149786869343e-14
70709.96287937586 2.6772153638787082e-14
71124.96396394998 2.6736333369121604e-14
71539.53600772005 2.6821152765475358e-14
71954.26860369477 2.6695316475770172e-14
72368.89811453932 2.6827863028824906e-14
72784.17607955351 2.6866550119738303e-14
73198.82364465533 2.6892646154082353e-14
73612.18179379377 2.6947434285010042e-14
74026.48504332195 2.7060793764578545e-14
74441.69568877349 2.712566684958017e-14
74857.33753082206 2.7161204916698196e-14
75271.49542277538 2.6973511721290084e-14
75685.695142323 2.7027831480121654e-14
76101.74977791459 2.7292975478858777e-14
76516.69953574256 2.715886807045642e-14
76931.208460699 2.734127066548616e-14
77346.01700474415 2.735149183143076e-14
77761.4859934535 2.7360914537876906e-14
78176.02150226227 2.738641304496073e-14
78589.68375537753 2.744440922308121e-14
79004.04425793843 2.743712464780981e-14
79419.18376877384 2.745132333870943e-14
79834.05255822507 2.7654785699403972e-14
80248.37946991922 2.7703349845849723e-14
80663.28693978746 2.7603450534642367e-14
81078.52499381923 2.7726052340078646e-14
81493.862619067 2.7713779186845e-14
81907.67487550915 2.7964066379570886e-14
82321.70702405003 2.788777364432191e-14
82736.92919284107 2.7901561287447146e-14
83151.74681871368 2.7924777274017762e-14
83566.41258175748 2.8006856964884642e-14
83981.20732883725 2.819506577187034e-14
84396.24770225001 2.8171904357080087e-14
84810.92948111602 2.8221251893981613e-14
85226.03352090623 2.824678055177444e-14
85641.23493185443 2.8407664340915277e-14
86055.49867561579 2.8469694405472425e-14
86469.72250341144 2.8520947094956974e-14
86884.51589045086 2.857108576687893e-14
87299.38769064934 2.870498240683007e-14
87713.82512743621 2.879494674130123e-14
88128.30087522337 2.884864602833773e-14
88543.85905226352 2.897605963263906e-14
88959.0634887955 2.896772302512212e-14
89372.97217934419 2.9117237014203086e-14
89787.56058718957 2.932169794537219e-14
90202.28482706829 2.933342867988208e-14
90617.18958594842 2.932856906985242e-14
91031.9664520004 2.951999790321324e-14
91446.1043596547 2.9617277799963714e-14
91861.22443489457 2.972848058267035e-14
92276.12907465511 2.9854016607699386e-14
92690.87673431031 2.986537461269136e-14
93105.85304764606 2.9984070155652166e-14
93520.57576295681 3.017730134834651e-14
93935.11957260419 3.030390536824338e-14
94349.61587980903 3.041312950113606e-14
94764.73903018214 3.0624603248083885e-14
95179.93342062912 3.067111293367821e-14
95594.22656673448 3.084582462358114e-14
96008.66063911929 3.101300190313753e-14
96423.64184380566 3.113184006092665e-14
96838.89202982832 3.125234613823837e-14
97253.58111376868 3.144455951071775e-14
97667.90793711523 3.161166340698334e-14
98082.83694247206 3.17243988100039e-14
98497.19081963468 3.186168116298818e-14
98910.97660856893 3.210758648432081e-14
99325.71434753829 3.221298041966109e-14
99740.9113714407 3.237944946328888e-14
100155.80497955409 3.258088978519283e-14
100570.78392709776 3.273465789360126e-14
100985.92978954643 3.303466739967195e-14
101401.25231530466 3.3270926522514457e-14
101815.80920915463 3.3396747809408757e-14
102229.88441612781 3.365142164630909e-14
102645.00664492568 3.3824539816003045e-14
103059.80863971131 3.410947445687968e-14
103473.78825747331 3.4267941932914896e-14
103888.61145380397 3.4503207416885285e-14
104303.78260202357 3.47788800086151e-14
104718.4257227477 3.504975740774689e-14
105132.59178937745 3.535740819963978e-14
105547.53681930392 3.552855988654581e-14
105963.09426532738 3.575418471753799e-14
106377.45907091702 3.589998113791433e-14
106791.80858033168 3.610787800418474e-14
107206.695396178 3.6158887417473186e-14
107621.30704512824 3.617336353615111e-14
108036.10321405299 3.630228280231253e-14
108450.74918844587 3.643343658057168e-14
108865.13449822375 3.6614193375884153e-14
109279.93074077633 3.657466987171037e-14
109694.84971244555 3.6681419856462774e-14
110110.02852571626 3.6844915760115163e-14
110524.63685871262 3.688611637266049e-14
110938.61835110755 3.695074862140942e-14
111353.85027691975 3.699281576325725e-14
111769.3830574387 3.7095359093337597e-14
112183.4528474088 3.730357412604455e-14
112598.0499091232 3.7444971322398665e-14
113013.22653043795 3.7459128075951974e-14
113427.98937242627 3.7698506930735176e-14
113842.71253019724 3.7811139485734415e-14
114257.00075326824 3.8028685892652414e-14
114672.2771196579 3.79715891079799e-14
115086.79443538033 3.808223222182585e-14
115500.636038441 3.824772534142185e-14
115915.63709358612 3.840486766386309e-14
116330.6425348973 3.859085168572956e-14
116745.35923306411 3.864480223619502e-14
117160.08956325061 3.8752639322178175e-14
117575.06436791549 3.889101680647723e-14
117989.72582497675 3.9077494842530987e-14
118404.3489120056 3.916594980307365e-14
118818.89838522869 3.946700359978329e-14
119233.63021621133 3.964657671888517e-14
119648.3889912265 3.9636325935495406e-14
120062.85209605597 3.9878614291416483e-14
120477.69452157046 4.0150700821647496e-14
120892.55777997586 4.0200082109089845e-14
121307.52265465133 4.046735947228203e-14
121722.4409525034 4.0637591849253353e-14
122136.99477813157 4.086279941691715e-14
122551.76834310897 4.087150776190882e-14
122966.47773079983 4.110025862741623e-14
123380.89661953312 4.1325223180097835e-14
123795.79823479726 4.1465930818401865e-14
124210.7933875353 4.16516760318648e-14
124625.50052589906 4.1918955284979604e-14
125039.66732188647 4.2166637244441765e-14
125454.5530583688 4.229484423353185e-14
125869.75856636798 4.2565808670012275e-14
126283.8756430343 4.273478388006015e-14
126698.39799764221 4.31831284066463e-14
127113.43868171281 4.328382465964686e-14
127528.9370097545 4.343039819998558e-14
127943.180986007 4.372688040698528e-14
128356.88195632982 4.407799155323475e-14
128771.9691079169 4.438381063210612e-14
129187.23335859455 4.4546828689215587e-14
129602.21470597564 4.487555358129514e-14
130016.75141255565 4.5198251725359116e-14
130431.6718393956 4.5494293181928e-14
130846.93394740447 4.558893946271071e-14
131261.3967208781 4.606074826616714e-14
131675.66764249856 4.614552546051636e-14
132090.52623845832 4.660089665819088e-14
132505.01971833786 4.685832657159632e-14
132919.18415487238 4.725172161478686e-14
133333.96018384382 4.7580404535249016e-14
133749.3375773844 4.797774807585001e-14
134164.07688567656 4.826195172739282e-14
134578.17857369522 4.870944197832338e-14
134992.95684532486 4.890173064486945e-14
135408.26587625346 4.9439831001035655e-14
135823.24811017752 4.9664210611679874e-14
136237.811571957 5.010464117395184e-14
136652.881926854 5.0532979624245287e-14
137068.19079700817 5.0983088635191887e-14
137482.02047534756 5.150446612827918e-14
137895.77251474105 5.1869972170281675e-14
138311.26462463418 5.1978969444328485e-14
138726.16481817205 5.2516878851518247e-14
139140.0053338555 5.2977197947222963e-14
139554.72866489875 5.356855568214334e-14
139969.38794990574 5.398276369105623e-14
140384.09791802408 5.465975159815038e-14
140799.01186662956 5.4864010448932774e-14
141214.418616192 5.5579298131286045e-14
141629.55224156228 5.5721473413464184e-14
142043.3141771418 5.6435505039595894e-14
142457.99613885581 5.6762928371006426e-14
142873.18706425774 5.752668293470181e-14
143288.1496014693 5.765317541171168e-14
143702.80020992333 5.881009762175459e-14
144117.163603637 5.874520050510737e-14
144531.53860512003 5.942866380776076e-14
144946.29837087664 5.990117271746463e-14
145360.75922299045 6.039040060713412e-14
145775.36432230793 6.086214105069068e-14
146190.8903198142 6.139646485005629e-14
146605.54964474306 6.200765891639948e-14
147018.90269685542 6.25437990525896e-14
147434.0707306132 6.26080812554167e-14
147849.9692209533 6.304999090516685e-14
148263.9657626628 6.362148825191217e-14
148678.5020697888 6.381844277778752e-14
149092.94800275197 6.415062174262084e-14
149507.32613776257 6.410492734885804e-14
149920.93272883628 6.463725943083455e-14
150335.83780129725 6.421297233502576e-14
150752.24521098367 6.464579533125073e-14
151166.2189345951 6.490294802448365e-14
151580.9751616728 6.528526362982568e-14
151996.82661801466 6.545923246264654e-14
152411.31681035785 6.598620160110412e-14
152825.40761669376 6.654381576025677e-14
153239.80746106536 6.669672328288712e-14
153655.05107893457 6.719750555122939e-14
154069.54509036642 6.800918877981222e-14
154483.00553961474 6.854843404597016e-14
154898.03702756533 6.871791856913474e-14
155313.62686124875 6.899919520934803e-14
155728.58381977768 6.964775318803918e-14
156142.04768981857 7.007663959706077e-14
156556.03473967017 7.045087059675196e-14
156972.87385098042 7.187429717437272e-14
157387.8695247441 7.179033221517589e-14
157801.36688021486 7.335322948797724e-14
158216.91480212242 7.2797496319402e-14
158633.77322395906 7.432964790013722e-14
159047.60294749602 7.495521299199277e-14
159460.65395905435 7.518720408232047e-14
159877.35695765307 7.61158573136078e-14
160292.28737763237 7.716327840607724e-14
160704.67723416607 7.890798237211165e-14
161120.01973361187 7.873532109884536e-14
161537.75991376204 7.950087929137524e-14
161951.63003072396 8.058721002335477e-14
162362.91153591484 8.197968766701086e-14
162779.35984048573 8.255878139295898e-14
163195.53590926327 8.32861016171644e-14
163608.02696542972 8.416796633734606e-14
164021.9384950384 8.538928918679387e-14
164438.34178801 8.644597461322623e-14
164855.01110789325 8.76570607512842e-14
165267.4473488715 9.02739232135503e-14
165679.7680258421 8.854651530490783e-14
166098.0977306441 9.080526786036862e-14
166514.51957793307 9.31382065501614e-14
166924.76141395068 9.553873760034975e-14
167339.4695376729 9.540594262950287e-14
167759.14340766595 9.678403887889398e-14
168173.70306603107 9.782550228452239e-14
168582.5560386994 1.0124513479081054e-13
168998.92493507898 1.0104834921652064e-13
169420.58120589107 1.0233546573473837e-13
169831.38589620174 1.0387931229271549e-13
170238.31705580218 1.0465536295465607e-13
170658.31480017028 1.08620166061819e-13
171079.08667658534 1.0655969631536919e-13
171488.92968431034 1.1261281380649792e-13
171900.66787051022 1.145608820207557e-13
172321.61391798165 1.1541207452718706e-13
172734.70512361304 1.1921755327547366e-13
173135.74182811854 1.1969458076380348e-13
173557.45674035166 1.1968554092706574e-13
173987.36034783762 1.251633883023983e-13
174391.2683173212 1.2752130359688063e-13
174787.94958708205 1.298190828201782e-13
175217.08787133417 1.3326308137371663e-13
175655.32649026593 1.360270211342939e-13
176052.34696336117 1.3623979401824907e-13
176441.50530820643 1.385872014209152e-13
176879.84578570374 1.4527304547852943e-13
177324.4108878598 1.4725201293355902e-13
177702.72250194722 1.4822623314184737e-13
178083.3374341637 1.5414603639479203e-13
178540.5821024906 1.5875634866663058e-13
178997.89684494497 1.6509742114609333e-13
179346.25566346027 1.6384319944862557e-13
179721.7367692633 1.6375395384170065e-13
180194.43608647503 1.777927090312645e-13
180664.23379976515 1.7072581983874152e-13
181022.18177678785 1.8241802384516634e-13
181377.63459801287 1.7932135106777166e-13
181850.88967075996 1.9601852088231752e-13
182323.24613388622 2.0115800462706296e-13
182699.05071161452 1.6108451314932142e-13
183025.0698805088 2.1617849385270036e-13
183475.4872998703 2.6802387985824264e-13
183893.96959507084 2.0272854993856796e-16
