587.4346038131274 6.374351738337552e-11
995.3208147653924 1.1175185585161984e-11
1415.701983521766 3.76319337386148e-12
1837.3984120273371 1.044142122666356e-12
2267.39082035377 4.865996792981862e-13
2671.870355155251 2.1862840281453824e-13
3086.9392853036848 1.345011501131286e-13
3503.7761982511383 7.698335907832875e-14
3924.328567681456 5.4516067849480365e-14
4340.7390489222435 4.5503097254644716e-14
4750.249019705895 3.7270605927122e-14
5166.900844217155 3.232640748974067e-14
5591.018023375294 3.091583194252337e-14
6004.519794714621 2.8187950340203082e-14
6416.357858849979 2.7657872510816997e-14
6830.113714525178 2.6824545757161645e-14
7244.723325431053 2.6172270692919335e-14
7660.344389209613 2.6231612349280613e-14
8077.02116986257 2.6595946948765332e-14
8493.836661927684 2.5501623673894074e-14
8907.589067423683 2.620077536709086e-14
9319.791761951621 2.5393566017884945e-14
9736.847652194689 2.6165115879788026e-14
10150.916624643924 2.5429893638412486e-14
10565.388047563407 2.6012654454545777e-14
10983.431446805575 2.571450381378085e-14
11400.622387662515 2.5639412158762435e-14
11813.622510097151 2.6482704185586565e-14
12226.747448738397 2.554766343901495e-14
12638.978786908818 2.596448259034758e-14
13055.368436123415 2.580652178553335e-14
13471.52564648268 2.5840167853765088e-14
13887.37724893587 2.623980271685933e-14
14303.023175314884 2.5625768018233528e-14
14717.482067518175 2.5695292680346826e-14
15132.793595860558 2.6171893897583334e-14
15545.476317090746 2.588071199112695e-14
15959.793321994024 2.5815388035745848e-14
16375.277851861312 2.5623288989654982e-14
16788.71460651268 2.6001540853893238e-14
17203.512928271655 2.607666141833595e-14
17618.846721560054 2.5945673683628238e-14
18035.7835052224 2.5687910818031628e-14
18452.326656843932 2.6068228763148164e-14
18867.089448718067 2.5790269512612105e-14
19279.696247891257 2.5750843294330785e-14
19692.722808885163 2.542432226806953e-14
20108.120469814705 2.5748678851789282e-14
20523.27847831579 2.6248231535567827e-14
20938.38735826926 2.5975143491949618e-14
21354.356644880376 2.6110428571701354e-14
21770.070177764257 2.6099172448005652e-14
22185.965639883652 2.593248106808329e-14
22598.664631541 2.6030749588616738e-14
23013.03933610828 2.6033096341455507e-14
23428.44113418094 2.5874901392261283e-14
23841.01718704097 2.599886299385407e-14
24255.86936440579 2.5815223297404066e-14
24670.923202150378 2.587969127048907e-14
25086.805623295048 2.5732748618162622e-14
25501.89328326179 2.5817939239275768e-14
25915.096392362273 2.601818451701757e-14
26331.758237053953 2.5747006380990314e-14
26746.33708204138 2.5837976464061613e-14
27161.143575290967 2.5973955242746337e-14
27576.310210518055 2.5948487708958033e-14
27989.421283413554 2.579468743832457e-14
28405.427832167316 2.593753439618834e-14
28820.825988265176 2.5852271034097316e-14
29234.27532067436 2.5883460431275805e-14
29647.72869495468 2.5850098442039145e-14
30062.116011841295 2.5822647562472748e-14
30479.41155299223 2.5987289855816813e-14
30895.31731091802 2.600071999783045e-14
31310.10906983597 2.591073485557584e-14
31725.09814417929 2.5888033910263962e-14
32138.71578410114 2.573022601670805e-14
32552.4305832733 2.596572732797126e-14
32967.015390564215 2.5781824677896295e-14
33380.56162867793 2.6086994734202905e-14
33794.85136945491 2.6018828319945085e-14
34212.026629868364 2.617484498083962e-14
34627.62722986864 2.6020335718811488e-14
35041.274895383714 2.5939012737298854e-14
35455.90308164267 2.6035963698773542e-14
35871.78418027698 2.583056046742455e-14
36286.642525728676 2.59347103281618e-14
36699.228176599914 2.5938736753555153e-14
37114.52322467593 2.5811005097853328e-14
37531.399865635685 2.6133004410168285e-14
37945.875132749985 2.5902800109147968e-14
38360.03732237816 2.594608119340363e-14
38774.85076827418 2.5951973601897836e-14
39189.25125948088 2.5937451965073066e-14
39603.74423154479 2.5974717397813093e-14
40017.652556105415 2.5934364651639854e-14
40432.110721750905 2.592883294016493e-14
40848.00581878953 2.5917475663510963e-14
41262.74367448722 2.5972850189767928e-14
41676.71617467222 2.5901306713156626e-14
42092.39975868764 2.608768818619854e-14
42507.27877721934 2.590601423815085e-14
42921.982305915364 2.5939407629004993e-14
43337.16812255918 2.60318956259819e-14
43751.578125469874 2.6032769497071522e-14
44166.205936412625 2.5791758030533094e-14
44581.28649294414 2.598941056270469e-14
44995.578683124644 2.595562892517469e-14
45409.816109327585 2.6068991249353554e-14
45824.01897390309 2.604583909991611e-14
46238.745285047604 2.60223202891744e-14
46654.253567716194 2.5995012368332222e-14
47069.39550672628 2.599563691810242e-14
47484.57169277421 2.599795300054512e-14
47899.85556804584 2.6068705365176845e-14
48314.50128331974 2.6137517563886117e-14
48729.387478037694 2.5939699036007526e-14
49143.63039837838 2.5965047158320812e-14
49556.86611288002 2.603938768734523e-14
49971.96389553614 2.6007143254068764e-14
50387.031347599375 2.604236514425929e-14
50801.69588233096 2.6120621681118875e-14
51217.08767095997 2.6012584756282865e-14
51632.495113048826 2.5923277109114504e-14
52048.242605804975 2.5952660959972822e-14
52461.32235100649 2.613620302282185e-14
52874.48723906899 2.6023634657964014e-14
53289.48998392287 2.6135657892534093e-14
53704.44296981573 2.6006839501601494e-14
54119.77934775567 2.6141135361721746e-14
54534.29808174639 2.603062186500026e-14
54949.77256585162 2.6188188144346997e-14
55366.024643028824 2.6065204970436978e-14
55779.72286981138 2.6229300299127932e-14
56193.24220146909 2.6064685341645104e-14
56608.52502005954 2.6120104077539625e-14
57023.44359352988 2.5982065381320705e-14
57437.834479392644 2.6200656774543256e-14
57852.37112198924 2.6256845236576224e-14
58267.30662062164 2.6277530260946938e-14
58682.0184736846 2.6213068822632744e-14
59096.21932863413 2.626721443189866e-14
59511.217515200886 2.6241359173615473e-14
59926.24561510239 2.6238260264896884e-14
60341.49795111391 2.6299894296510792e-14
60756.59143030421 2.636385047657398e-14
61171.13630364964 2.6301177933386454e-14
61586.25005142118 2.6391666361437025e-14
62001.705753569746 2.6248024590081643e-14
62415.62638500998 2.6436516760415542e-14
62829.38981078241 2.630717656116367e-14
63243.60227144831 2.6416573884690905e-14
63659.032240008586 2.6464259288802967e-14
64074.904445066226 2.639172943002148e-14
64488.93141343605 2.6524075366929523e-14
64903.073378623994 2.6339083114107634e-14
65317.240490260054 2.6376818411695972e-14
65732.33329985802 2.6580092432728303e-14
66147.55281274168 2.6507031377808544e-14
66561.3224283839 2.654221049134773e-14
66976.45903370097 2.6526876634334182e-14
67392.1950510858 2.662475401520395e-14
67806.81023760301 2.6606035630187625e-14
68221.67469511462 2.661200704481783e-14
68636.74865991774 2.6597409374372292e-14
69051.23134162878 2.658933987223389e-14
69465.51892890621 2.6811798627988784e-14
69879.8597156704 2.674817713495547e-14
70294.62034194708 2.669588823587789e-14
70709.96287937586 2.6683795000852555e-14
71124.96396394998 2.6795526506125682e-14
71539.53600772005 2.6816617068830304e-14
71954.26860369477 2.689197580904354e-14
72368.89811453932 2.6904489199330062e-14
72784.17607955351 2.6841724564040928e-14
73198.82364465533 2.6831433890583744e-14
73612.18179379377 2.703096535590839e-14
74026.48504332195 2.7012208304579442e-14
74441.69568877349 2.7052548034587866e-14
74857.33753082206 2.7017962919549203e-14
75271.49542277538 2.7050368868150816e-14
75685.695142323 2.7159932035278173e-14
76101.74977791459 2.7209678149014938e-14
76516.69953574256 2.713967920711201e-14
76931.208460699 2.724474815250847e-14
77346.01700474415 2.7393903763199056e-14
77761.4859934535 2.7286024333309578e-14
78176.02150226227 2.7333835064420845e-14
78589.68375537753 2.739757679832515e-14
79004.04425793843 2.7559617710867377e-14
79419.18376877384 2.745216097875599e-14
79834.05255822507 2.7626937631232783e-14
80248.37946991922 2.7675124603241018e-14
80663.28693978746 2.774167135737657e-14
81078.52499381923 2.7667802131981123e-14
81493.862619067 2.7724018149715128e-14
81907.67487550915 2.7774101846895936e-14
82321.70702405003 2.7890941853041265e-14
82736.92919284107 2.8009232919773664e-14
83151.74681871368 2.795762697940839e-14
83566.41258175748 2.792280655856412e-14
83981.20732883725 2.8181894156140983e-14
84396.24770225001 2.81439438309521e-14
84810.92948111602 2.8321642103083257e-14
85226.03352090623 2.8292443007568313e-14
85641.23493185443 2.8390283196378256e-14
86055.49867561579 2.847497294944436e-14
86469.72250341144 2.857072477201994e-14
86884.51589045086 2.8611281275873803e-14
87299.38769064934 2.874712183701167e-14
87713.82512743621 2.87868030677137e-14
88128.30087522337 2.87628933433669e-14
88543.85905226352 2.9002286749513377e-14
88959.0634887955 2.9023673285776e-14
89372.97217934419 2.910975962565105e-14
89787.56058718957 2.92475766312663e-14
90202.28482706829 2.9193131048261454e-14
90617.18958594842 2.939148167523267e-14
91031.9664520004 2.95819600065414e-14
91446.1043596547 2.9613990027279436e-14
91861.22443489457 2.964964684093134e-14
92276.12907465511 2.984568938163894e-14
92690.87673431031 3.005624517418147e-14
93105.85304764606 3.014264849316083e-14
93520.57576295681 3.019224602840103e-14
93935.11957260419 3.038924809134725e-14
94349.61587980903 3.046120464737533e-14
94764.73903018214 3.0624643794002533e-14
95179.93342062912 3.0697653458822377e-14
95594.22656673448 3.090704356079999e-14
96008.66063911929 3.092220298634398e-14
96423.64184380566 3.123142142070605e-14
96838.89202982832 3.13205103331974e-14
97253.58111376868 3.142362267635947e-14
97667.90793711523 3.1516007213281805e-14
98082.83694247206 3.1729229589006404e-14
98497.19081963468 3.190975977117151e-14
98910.97660856893 3.2084149306619024e-14
99325.71434753829 3.223867354783073e-14
99740.9113714407 3.244757259736358e-14
100155.80497955409 3.266234598862099e-14
100570.78392709776 3.2801628115227436e-14
100985.92978954643 3.290324635122075e-14
101401.25231530466 3.31138715656554e-14
101815.80920915463 3.336000675107709e-14
102229.88441612781 3.369526315745738e-14
102645.00664492568 3.3907259377838624e-14
103059.80863971131 3.404275160355372e-14
103473.78825747331 3.423812087973189e-14
103888.61145380397 3.449739806502158e-14
104303.78260202357 3.4794158439214615e-14
104718.4257227477 3.4981195104076785e-14
105132.59178937745 3.527762174517452e-14
105547.53681930392 3.547966598022447e-14
105963.09426532738 3.58069634406752e-14
106377.45907091702 3.5945801965839495e-14
106791.80858033168 3.609505834377653e-14
107206.695396178 3.6130687085531804e-14
107621.30704512824 3.6174474104494214e-14
108036.10321405299 3.632729916652077e-14
108450.74918844587 3.635245591505233e-14
108865.13449822375 3.645014460749711e-14
109279.93074077633 3.6708427936353864e-14
109694.84971244555 3.668993520399245e-14
110110.02852571626 3.678084549229033e-14
110524.63685871262 3.6968430079564427e-14
110938.61835110755 3.7000581199580234e-14
111353.85027691975 3.7181483383916625e-14
111769.3830574387 3.7267842367496386e-14
112183.4528474088 3.727765253024572e-14
112598.0499091232 3.7507488598112445e-14
113013.22653043795 3.7604530039452364e-14
113427.98937242627 3.763472263391287e-14
113842.71253019724 3.7719688420051754e-14
114257.00075326824 3.7900713216351274e-14
114672.2771196579 3.7949643820667594e-14
115086.79443538033 3.8209043247480803e-14
115500.636038441 3.8343267441553276e-14
115915.63709358612 3.825797056487556e-14
116330.6425348973 3.8614233572750227e-14
116745.35923306411 3.8759679199281807e-14
117160.08956325061 3.8749226927158786e-14
117575.06436791549 3.884902992688608e-14
117989.72582497675 3.9074739109436524e-14
118404.3489120056 3.920931633254698e-14
118818.89838522869 3.937719661207636e-14
119233.63021621133 3.966371716560733e-14
119648.3889912265 3.9662823281370593e-14
120062.85209605597 3.9800741630150185e-14
120477.69452157046 4.0045760002167724e-14
120892.55777997586 4.0227787052793415e-14
121307.52265465133 4.0407294601431476e-14
121722.4409525034 4.052044808222496e-14
122136.99477813157 4.077161611925951e-14
122551.76834310897 4.0943140566810586e-14
122966.47773079983 4.1034630585958695e-14
123380.89661953312 4.131724851706382e-14
123795.79823479726 4.1514718238323646e-14
124210.7933875353 4.18294785367423e-14
124625.50052589906 4.185932990911973e-14
125039.66732188647 4.207997346846863e-14
125454.5530583688 4.239291962186765e-14
125869.75856636798 4.2507363884719037e-14
126283.8756430343 4.2711286628877545e-14
126698.39799764221 4.2991326144770854e-14
127113.43868171281 4.3410878305219695e-14
127528.9370097545 4.3522927208178415e-14
127943.180986007 4.3661743244159154e-14
128356.88195632982 4.3923578963575165e-14
128771.9691079169 4.426056051783436e-14
129187.23335859455 4.4749880756614507e-14
129602.21470597564 4.490695989649408e-14
130016.75141255565 4.4968939850809955e-14
130431.6718393956 4.528899750039384e-14
130846.93394740447 4.585131860806202e-14
131261.3967208781 4.5983684631170756e-14
131675.66764249856 4.6372145871837423e-14
132090.52623845832 4.6713494160754056e-14
132505.01971833786 4.683948263502811e-14
132919.18415487238 4.716354643378438e-14
133333.96018384382 4.746200911933576e-14
133749.3375773844 4.780286158807371e-14
134164.07688567656 4.8124355855983205e-14
134578.17857369522 4.845038581111596e-14
134992.95684532486 4.907862742576773e-14
135408.26587625346 4.9428841072504563e-14
135823.24811017752 4.98198217406998e-14
136237.811571957 5.015759320809575e-14
136652.881926854 5.061402736930281e-14
137068.19079700817 5.118451609720754e-14
137482.02047534756 5.151142313610026e-14
137895.77251474105 5.173220834321031e-14
138311.26462463418 5.213959864954036e-14
138726.16481817205 5.263674686751454e-14
139140.0053338555 5.316019469740795e-14
139554.72866489875 5.3577603490410723e-14
139969.38794990574 5.397734975062337e-14
140384.09791802408 5.4283059470967954e-14
140799.01186662956 5.4852391534371013e-14
141214.418616192 5.5356147307520854e-14
141629.55224156228 5.5846239939583704e-14
142043.3141771418 5.6480434505476465e-14
142457.99613885581 5.700404489880658e-14
142873.18706425774 5.731865022230596e-14
143288.1496014693 5.824054051188807e-14
143702.80020992333 5.833235725681969e-14
144117.163603637 5.891330918963975e-14
144531.53860512003 5.955513484455695e-14
144946.29837087664 5.99179314327994e-14
145360.75922299045 6.045647909211223e-14
145775.36432230793 6.098298809983892e-14
146190.8903198142 6.125027765066088e-14
146605.54964474306 6.184543921459593e-14
147018.90269685542 6.24186322690058e-14
147434.0707306132 6.307995017406714e-14
147849.9692209533 6.303856982066616e-14
148263.9657626628 6.363577978044129e-14
148678.5020697888 6.404282792321355e-14
149092.94800275197 6.430862411087761e-14
149507.32613776257 6.439997585833364e-14
149920.93272883628 6.456504922222923e-14
150335.83780129725 6.433640932520862e-14
150752.24521098367 6.483669530796186e-14
151166.2189345951 6.506295547928389e-14
151580.9751616728 6.532290020426248e-14
151996.82661801466 6.56215451479188e-14
152411.31681035785 6.594975426383578e-14
152825.40761669376 6.642399702924328e-14
153239.80746106536 6.665242275832381e-14
153655.05107893457 6.805440337806576e-14
154069.54509036642 6.819056374572601e-14
154483.00553961474 6.767688560817114e-14
154898.03702756533 6.886543226034247e-14
155313.62686124875 6.868844707602101e-14
155728.58381977768 6.975317146181602e-14
156142.04768981857 7.10702189864274e-14
156556.03473967017 7.056276306748827e-14
156972.87385098042 7.133694567671934e-14
157387.8695247441 7.224641431952768e-14
157801.36688021486 7.296750592893166e-14
158216.91480212242 7.379003545562008e-14
158633.77322395906 7.438514849924494e-14
159047.60294749602 7.548045854786658e-14
159460.65395905435 7.588260930082495e-14
159877.35695765307 7.593017568341051e-14
160292.28737763237 7.723248844549338e-14
160704.67723416607 7.808870542901392e-14
161120.01973361187 7.841612014637002e-14
161537.75991376204 7.954317098654227e-14
161951.63003072396 8.026642836640415e-14
162362.91153591484 8.163071162053561e-14
162779.35984048573 8.225297181532432e-14
163195.53590926327 8.31024286408365e-14
163608.02696542972 8.551706743872294e-14
164021.9384950384 8.508758210401977e-14
164438.34178801 8.644973825540173e-14
164855.01110789325 8.788144945608362e-14
165267.4473488715 8.87541870954044e-14
165679.7680258421 8.9732913206715e-14
166098.0977306441 9.033436597721702e-14
166514.51957793307 9.213741939987073e-14
166924.76141395068 9.517354328269164e-14
167339.4695376729 9.504242351159131e-14
167759.14340766595 9.731516090159676e-14
168173.70306603107 9.897609259527695e-14
168582.5560386994 9.847346341163903e-14
168998.92493507898 1.0102999767096497e-13
169420.58120589107 1.0277420051118594e-13
169831.38589620174 1.0384768563272222e-13
170238.31705580218 1.0780767865888639e-13
170658.31480017028 1.0768432811854997e-13
171079.08667658534 1.1104652851597063e-13
171488.92968431034 1.1195192105832986e-13
171900.66787051022 1.116479385635441e-13
172321.61391798165 1.1582939607089432e-13
172734.70512361304 1.1835255459114891e-13
173135.74182811854 1.1968191743765107e-13
173557.45674035166 1.2397984800641887e-13
173987.36034783762 1.2574017450969715e-13
174391.2683173212 1.242730878346609e-13
174787.94958708205 1.2889305090698043e-13
175217.08787133417 1.284977552707661e-13
175655.32649026593 1.3437890320160892e-13
176052.34696336117 1.3710690320118032e-13
176441.50530820643 1.4363367060023659e-13
176879.84578570374 1.429879165478532e-13
177324.4108878598 1.4139717506394263e-13
177702.72250194722 1.5331511565776068e-13
178083.3374341637 1.5887777170052315e-13
178540.5821024906 1.5529041948540017e-13
178997.89684494497 1.6541331284259933e-13
179346.25566346027 1.581038766133602e-13
179721.7367692633 1.69907995424264e-13
180194.43608647503 1.6764296463036227e-13
180664.23379976515 1.777003965423202e-13
181022.18177678785 1.7513292207785396e-13
181377.63459801287 1.823658656020985e-13
181850.88967075996 2.0644984932133896e-13
182323.24613388622 2.390970377519334e-13
182699.05071161452 1.6320997752639155e-13
183025.0698805088 1.9393918438903257e-13
183475.4872998703 1.2782138573451084e-13
183893.96959507084 6.929589301119691e-14
