17.799282449393907 2.137189420299861e-06
30.158244330131154 4.006351582011222e-07
42.89580372913673 1.3516240334707525e-07
55.67321552978553 4.081003777166459e-08
68.70199571606821 1.817274495619174e-08
80.9577352285149 7.697766864704103e-09
93.5343336715136 4.885429865072171e-09
106.16450203531903 2.655694258478838e-09
118.9072488188118 1.983188851593797e-09
131.52449629177582 1.6876971061256875e-09
143.9326581339747 1.3160257279240489e-09
156.55721831376695 1.147312916142791e-09
169.40797891669078 1.0827827838455203e-09
181.9370924105474 9.997574975784526e-10
194.41579553660424 9.660342837217683e-10
206.95260779187328 9.429001432883684e-10
219.51528885091182 9.353161144137053e-10
232.10861695601864 9.211160477216696e-10
244.73393330749704 9.487052849944102e-10
257.3634526180588 9.252965816970293e-10
269.90016033281614 9.15784250361657e-10
282.3899117684295 9.028880073876569e-10
295.02671514949367 9.243005241419527e-10
307.57301485045366 9.127378946406283e-10
320.13150881022204 9.239039361383857e-10
332.79823373741607 9.208033078970863e-10
345.4391291552885 9.171169773987653e-10
357.9530426754169 9.411709858708466e-10
370.4707381295704 8.870821965573161e-10
382.9613574682314 8.911431021450774e-10
395.5779737303071 9.198227565260987e-10
408.18754708954486 9.276065686782461e-10
420.78786052196915 9.117482725552887e-10
433.3819419644603 9.12509835227324e-10
445.9400562432304 9.034841312077518e-10
458.52400541726837 8.982722960171112e-10
471.0283016733625 8.858464525677225e-10
483.5821167635718 8.880724931662551e-10
496.17130788792383 9.031623503107602e-10
508.6984513745909 8.812928720198727e-10
521.266850376961 8.889553721337084e-10
533.8514741793921 8.845579408546366e-10
546.4846686282311 8.968587218225804e-10
559.1059360168832 9.046258009559595e-10
571.6732584628986 8.850581140484921e-10
584.1752542788623 8.846310384508389e-10
596.6899688879645 8.855403054716992e-10
609.2765278814395 8.802944540726241e-10
621.8558254006394 8.771797934446414e-10
634.4336343236796 8.714269416873226e-10
647.0375135888845 8.70845960671835e-10
659.6336435100791 8.755904001896545e-10
672.2352858914313 8.655625105715499e-10
684.7400751418547 8.665348694172262e-10
697.2956385332539 8.714441397758039e-10
709.8823228822636 8.635418474397114e-10
722.383387084208 8.672426892867022e-10
734.9534179127145 8.552385804700598e-10
747.5295590555182 8.453957705436151e-10
760.1308062950264 8.516113706005175e-10
772.7079722519646 8.40421825185932e-10
785.22803627289 8.568781419882194e-10
797.8529000643869 8.414794708880139e-10
810.4146489153657 8.361887009126929e-10
822.9832955140954 8.435682610580402e-10
835.5628544232982 8.328391011934423e-10
848.0801297450262 8.255972905849386e-10
860.6851380540385 8.256110333218377e-10
873.2717120511252 8.19163325876932e-10
885.7992366441526 8.194794002006981e-10
898.3268837059719 8.184166051732009e-10
910.8828292509464 8.141427850484374e-10
923.5268940602116 8.091883917220973e-10
936.128848404742 8.05969601693118e-10
948.6970485528731 8.044350035243395e-10
961.27122736308 8.066204835205169e-10
973.8038516777394 8.00690286294399e-10
986.3394199199912 8.0005028583015e-10
998.9013494289071 8.076710567889296e-10
1011.4318102670842 7.994421618969746e-10
1023.984799253619 7.898578614947021e-10
1036.6252195536813 7.839788969465774e-10
1049.2179276058198 7.836114316774454e-10
1061.7514616966673 7.778517919528548e-10
1074.3147055893453 7.750913248198545e-10
1086.9159127567582 7.735531432785685e-10
1099.4861304784436 7.672484005198756e-10
1111.9874855003557 7.638411688229002e-10
1124.5709353219315 7.571493457054703e-10
1137.2023074454532 7.610861388348231e-10
1149.7609178844157 7.567805835410336e-10
1162.310042068112 7.49338156355871e-10
1174.8788993321937 7.478707164042987e-10
1187.4352440593798 7.412889318898657e-10
1199.9943909587364 7.388655674575145e-10
1212.5358230248555 7.424916041103336e-10
1225.0939152889068 7.348832942558263e-10
1237.695546608303 7.306293904912312e-10
1250.2621134875799 7.260004787081535e-10
1262.8054900766422 7.233375363220178e-10
1275.400712546411 7.158526095894779e-10
1287.9715566629113 7.173639554118414e-10
1300.5370834332223 7.108652868299125e-10
1313.1172235398076 7.083794606776728e-10
1325.6738564718507 7.09207586438215e-10
1338.2370889924387 7.008524634988952e-10
1350.8140397151212 7.009979080049924e-10
1363.367102918641 6.947789704310677e-10
1375.9185067723397 6.90364186014738e-10
1388.4688634079062 6.851677484319365e-10
1401.0350804869474 6.803342378936949e-10
1413.6249913217434 6.76146788576828e-10
1426.2038019349843 6.770918336285074e-10
1438.7836502342852 6.760101564877365e-10
1451.3667615196225 6.686815316969626e-10
1463.93053654187 6.61517094001855e-10
1476.5015980969845 6.620302347032262e-10
1489.0531684231876 6.544014424954769e-10
1501.5742203885422 6.503057556866014e-10
1514.1516930632092 6.47773776916166e-10
1526.7282467201912 6.402640460488484e-10
1539.2925919724535 6.375095982882147e-10
1551.8789730350827 6.367441624731148e-10
1564.4658283979172 6.332146621525409e-10
1577.062987304048 6.287993906302182e-10
1589.5793133959044 6.271943698338115e-10
1602.098219318471 6.206126261153898e-10
1614.6728123454723 6.172225958144843e-10
1627.245897674773 6.142856059458468e-10
1639.830599792207 6.092365668859079e-10
1652.3905272785578 6.046414622548344e-10
1664.979414016081 6.000516883773029e-10
1677.5918618421556 5.980194337065258e-10
1690.126927940609 5.932708461135208e-10
1702.6565735125293 5.875365698381666e-10
1715.239652780402 5.851173747008191e-10
1727.811695412483 5.817671460112301e-10
1740.3677490975194 5.772813977748692e-10
1752.9282192150536 5.74055120584507e-10
1765.500774679947 5.681493941284183e-10
1778.0665536787737 5.652267468925981e-10
1790.6168494226254 5.626446463392887e-10
1803.191304333419 5.57656904249103e-10
1815.7666656189658 5.533479100035014e-10
1828.3488212639727 5.531991564269038e-10
1840.9261635435228 5.479838165627843e-10
1853.4868830529422 5.446496315910875e-10
1866.0648394709856 5.39704039617393e-10
1878.6531571147755 5.336570962826091e-10
1891.1949620796393 5.317825418739404e-10
1903.7320037090342 5.298169805670703e-10
1916.2826511063677 5.203286745171784e-10
1928.8701890218213 5.196191203014025e-10
1941.4711267136497 5.112874648588691e-10
1954.0161536900057 5.105857746373916e-10
1966.5646650726826 5.056370371667703e-10
1979.1139383933348 5.053833706154656e-10
1991.6912603842213 4.987912251838427e-10
2004.2724214876746 4.957065079648067e-10
2016.8096506702707 4.925879611796484e-10
2029.388299672487 4.871677106963769e-10
2041.9851108745945 4.85786578500892e-10
2054.5479608747887 4.823315177489508e-10
2067.1183637920344 4.768949946210707e-10
2079.69511478519 4.746246152286702e-10
2092.25394988661 4.71139088682358e-10
2104.806873622057 4.669854292517467e-10
2117.3614093032174 4.624692354611439e-10
2129.928666131578 4.580730581218636e-10
2142.5135548816706 4.5455391856260534e-10
2155.088097602156 4.512129728061242e-10
2167.649640376087 4.477266701280262e-10
2180.216047885633 4.445301745377768e-10
2192.779331913286 4.403611892488041e-10
2205.362264117683 4.3846033980896876e-10
2217.92609518976 4.3445763217368197e-10
2230.4508569275185 4.3155153032772003e-10
2243.0042552295354 4.270655217343518e-10
2255.585147649584 4.2474795858056295e-10
2268.179105336766 4.204880855244579e-10
2280.7280993008117 4.1655066303265797e-10
2293.278360641959 4.1388732778343544e-10
2305.8848259833 4.094039399605434e-10
2318.4578135021575 4.0636711798189743e-10
2331.017443774536 4.017064646667304e-10
2343.5861525124205 3.997782274691293e-10
2356.174872739318 3.95364294751566e-10
2368.7353085030536 3.9232784768388805e-10
2381.2692845985334 3.892817781636563e-10
2393.8244176688013 3.868207835144188e-10
2406.4031547082923 3.8299950318565893e-10
2418.9736888834113 3.7944967245928773e-10
2431.52780414962 3.7732794811685064e-10
2444.0995103422933 3.748304517049329e-10
2456.681233242974 3.7015971510423444e-10
2469.2659731538656 3.6682753656614944e-10
2481.804494353713 3.643906824028252e-10
2494.349678289375 3.619790499831717e-10
2506.9309198668843 3.592154422560096e-10
2519.499903784357 3.545845631876846e-10
2532.064286254508 3.5156555878129007e-10
2544.6325769440127 3.4911888873991296e-10
2557.208310117243 3.457551281012726e-10
2569.7731778671878 3.4326876945505744e-10
2582.350840133166 3.4029441012778697e-10
2594.9314527475444 3.3762164625397934e-10
2607.4836540238884 3.3340281124365516e-10
2620.0346458455233 3.312562108333837e-10
2632.6028953257733 3.286727359705355e-10
2645.173520726606 3.2511226809596776e-10
2657.730984905749 3.236466657988413e-10
2670.289609909111 3.198329323282805e-10
2682.8810325445497 3.17625006274345e-10
2695.4617368341887 3.147708803713251e-10
2708.003179989755 3.1178741369126537e-10
2720.565218595557 3.09890263693623e-10
2733.1313729151952 3.0744951829623907e-10
2745.702996964865 3.045126584787399e-10
2758.2707458588034 3.012982852704484e-10
2770.8191342981145 2.989356695205246e-10
2783.3972824385987 2.96852855495234e-10
2795.9689028789417 2.935911346934927e-10
2808.5357668183638 2.919269668971604e-10
2821.1095589697384 2.8896776844967553e-10
2833.6756670949308 2.865734952246779e-10
2846.236354374274 2.847342012475301e-10
2858.79560232848 2.8213594987310364e-10
2871.373843645574 2.806662466285147e-10
2883.954243538599 2.7758354190538597e-10
2896.5073357066644 2.745675254355019e-10
2909.064697944345 2.725887195080531e-10
2921.6386383037598 2.704351108878201e-10
2934.2207288040527 2.683574358803984e-10
2946.785817897924 2.6599692620229794e-10
2959.3399304871978 2.644863689981336e-10
2971.912289205687 2.6085020829393754e-10
2984.46722152623 2.60189445821323e-10
2997.00494075996 2.5823128324526334e-10
3009.571504102365 2.558917779297407e-10
3022.151983789152 2.535751455918251e-10
3034.723269970324 2.5274378963828325e-10
3047.297141938261 2.4940694393647404e-10
3059.876071431784 2.4804170003387773e-10
3072.460353827784 2.45401697156726e-10
3085.0214375587766 2.4341839993838335e-10
3097.56792616596 2.424662464610018e-10
3110.1461395593024 2.403981590029231e-10
3122.7146498544676 2.3886097306503465e-10
3135.258242106282 2.3692485215935705e-10
3147.827394808765 2.349801270069165e-10
3160.407090461748 2.3336118732874164e-10
3172.9707868690757 2.3177591694979253e-10
3185.520028526011 2.3071946881522773e-10
3198.0928727893415 2.2865737669589645e-10
3210.684273274958 2.2745494474837701e-10
3223.239536727099 2.247107281750236e-10
3235.794336704776 2.2276546109510717e-10
3248.365417080094 2.196044968980667e-10
3260.9281598919256 2.1776155131592362e-10
3273.4964936633673 2.1507528075449166e-10
3286.0602765369263 2.124266099912512e-10
3298.616161266458 2.107303141828821e-10
3311.184497268825 2.0816304610539302e-10
3323.7565519663412 2.0605456687165146e-10
3336.336479870555 2.0328961592724728e-10
3348.8991222089053 2.00430768909832e-10
3361.442771262142 1.9953766353274766e-10
3374.0243084776243 1.9641823673752715e-10
3386.614961597868 1.942457355620303e-10
3399.16128606973 1.9178284187089694e-10
3411.723586887969 1.8999310699406715e-10
3424.3034483758647 1.876932811319258e-10
3436.8707723403413 1.857189301890605e-10
3449.4368938720895 1.8332997300208205e-10
3461.9898368720965 1.8167610126463762e-10
3474.572720638132 1.7867406114111466e-10
3487.1326051509195 1.7735855328422242e-10
3499.6720155540056 1.7521962911108901e-10
3512.2465573827917 1.733583982607645e-10
3524.8212321125134 1.7137418122040675e-10
3537.387157918102 1.694471482407533e-10
3549.9534967742106 1.6710630287285293e-10
3562.5272432128218 1.6513679233504816e-10
3575.0914952116 1.6354311915169563e-10
3587.654584597485 1.613762585821439e-10
3600.2154434833064 1.600251185452564e-10
3612.781827813574 1.5779108383487346e-10
3625.349028548668 1.5595268903202503e-10
3637.907270470111 1.5407718973974604e-10
3650.477005817321 1.5261166328886676e-10
3663.04737240162 1.5080073482716777e-10
3675.6208179613163 1.4957532131829765e-10
3688.192852242157 1.4743258049193053e-10
3700.7538430059562 1.4575401086218104e-10
3713.3214918772564 1.4385958329729637e-10
3725.88719617525 1.4265006719158887e-10
3738.4440983479285 1.4071357544223733e-10
3751.0156271459587 1.3924622755182217e-10
3763.58999013167 1.3748380391199165e-10
3776.155626274999 1.3616538750261514e-10
3788.70489003149 1.3436968721661632e-10
3801.275937702054 1.3292438092796405e-10
3813.8566744571744 1.319512765429727e-10
3826.404431717055 1.2955975125749107e-10
3838.9644689081924 1.2825681461065656e-10
3851.5402114943618 1.270127028942125e-10
3864.1298207037257 1.25556468080209e-10
3876.681423024082 1.2423314689355453e-10
3889.2165722518703 1.2276747616377532e-10
3901.7937228048927 1.2166465677569632e-10
3914.376239464566 1.2010358075200838e-10
3926.950184147634 1.1891874784704403e-10
3939.510656203867 1.1731327027879835e-10
3952.082754993091 1.162621659118554e-10
3964.66520672985 1.1496502133302929e-10
3977.223438611204 1.1342736455573017e-10
3989.775857376849 1.1218603307035101e-10
4002.346082688934 1.111519451711533e-10
4014.9052449751166 1.0995980388551098e-10
4027.454437240128 1.0870740658001978e-10
4040.0221607705066 1.073753001663966e-10
4052.608105661614 1.066240314222547e-10
4065.1747165545376 1.0570194820100809e-10
4077.7220075380287 1.0426448653878734e-10
4090.2897990210035 1.0333769689053439e-10
4102.873672523345 1.0219848113450053e-10
4115.447644068685 1.01147740123426e-10
4128.008926808098 9.991560210689037e-11
4140.585568421012 9.876198013252727e-11
4153.1694370518835 9.803527400716008e-11
4165.708486135632 9.688566601249993e-11
4178.245182757474 9.607749297386472e-11
4190.834603556789 9.478427304551296e-11
4203.40608927648 9.376134964210992e-11
4215.94546673201 9.320660062736373e-11
4228.511593513913 9.205709655475331e-11
4241.075779699394 9.118622034245838e-11
4253.641501584355 9.038818771462716e-11
4266.2134040829205 8.916305134666049e-11
4278.800238462189 8.812968912364002e-11
4291.378797171946 8.782050775424725e-11
4303.915793648459 8.668392204577555e-11
4316.4806669387035 8.553660409177963e-11
4329.060961840782 8.489823512558871e-11
4341.6343365752655 8.393728690672475e-11
4354.198259860986 8.328855937785078e-11
4366.7534805332525 8.200271336403681e-11
4379.309052921206 8.152574212711016e-11
4391.876283675789 7.985314003672881e-11
4404.434457339895 7.966828691717556e-11
4416.997001697697 7.812683155286902e-11
4429.587449292495 7.724833239059914e-11
4442.151636687611 7.664230776923072e-11
4454.676243985357 7.556149029961029e-11
4467.255845270074 7.477568542159386e-11
4479.8575794065855 7.366511388136383e-11
4492.40168445441 7.305882337088166e-11
4504.962144407178 7.20030138791562e-11
4517.519866020664 7.056489933186351e-11
4530.0755333545785 6.940906102641326e-11
4542.6078228888755 6.833342112915151e-11
4555.1794564400525 6.745439017069749e-11
4567.796610844846 6.613178909550143e-11
4580.340024503758 6.516120374618676e-11
4592.907148036285 6.454569995700987e-11
4605.507457041533 6.32078909915785e-11
4618.066519715286 6.248845924766457e-11
4630.61348098353 6.13604410344564e-11
4643.169806111598 6.145031374564529e-11
4655.7516975966855 6.012396973978709e-11
4668.310875988915 5.880062485179128e-11
4680.838737422433 5.847975022490406e-11
4693.4142013659475 5.7489786453458065e-11
4706.006583198429 5.6709006229649816e-11
4718.579788898697 5.606162810964951e-11
4731.107753982311 5.581905778731272e-11
4743.651571426617 5.387460952882901e-11
4756.281806400868 5.380802373275596e-11
4768.856185173669 5.31441887502591e-11
4781.385164866601 5.2408238768634385e-11
4793.976276771281 5.1396561295702817e-11
4806.607096854939 5.114195670710095e-11
4819.146147308174 5.109377393598954e-11
4831.661602769959 5.065528497192177e-11
4844.287713525817 4.97998886297999e-11
4856.860115107401 4.923560578057768e-11
4869.355537556235 4.880940048483011e-11
4881.940425155442 4.7606826281765854e-11
4894.597962536946 4.7051969288019767e-11
4907.1382369119165 4.70592373429491e-11
4919.600076288735 4.660891119232375e-11
4932.2184698095 4.562034266943375e-11
4944.828614579259 4.561464789000516e-11
4957.327103379369 4.528998808173791e-11
4969.86863255852 4.4634277700684495e-11
4982.485662226757 4.3754961723856576e-11
4995.110752516737 4.3840033196599474e-11
5007.607580415342 4.304954125252943e-11
5020.10090672177 4.254215391107096e-11
5032.776306714229 4.306800913426013e-11
5045.393898578722 4.1903761988822547e-11
5057.824235954894 4.1945353924856937e-11
5070.389901954609 4.1337948278326354e-11
5083.106030184285 4.1450948239861085e-11
5095.667197680151 4.047899515338295e-11
5108.05545246385 4.07732760664964e-11
5120.671439914531 3.929961171661981e-11
5133.447634936114 3.988531622811104e-11
5145.895026810736 3.96284290423482e-11
5158.2250506128275 3.8982878213775845e-11
5170.95099224376 3.8633519690130856e-11
5183.700390094105 3.8193759079308395e-11
5196.118642963537 3.82433820727496e-11
5208.594319785777 3.766267866965115e-11
5221.348995023267 3.751586095708421e-11
5233.86566836642 3.6937958790611056e-11
5246.017090039119 3.7039489500629124e-11
5258.795061897151 3.689057664817438e-11
5271.8211514158575 3.6862323000396775e-11
5284.059572485596 3.6832967405478596e-11
5296.079024382072 3.703143771508885e-11
5309.081924588613 3.5495678913913685e-11
5322.3605651521175 3.579027972653398e-11
5334.390294917684 3.547829584004328e-11
5346.181802010518 3.4931244784551624e-11
5359.463528890978 3.5269214184175314e-11
5372.933862046457 3.532810335868453e-11
5384.396712939678 3.65852834139371e-11
5395.929354426921 3.485457032019891e-11
5409.783878738565 3.5828745492843457e-11
5423.640526297936 3.5415168285849336e-11
5434.195806773826 3.3439481718342844e-11
5445.572893198795 3.3562648957694806e-11
5459.895693738757 3.4620854802042537e-11
5474.13057561097 3.667082065826854e-11
5484.976407817414 3.6575913494099075e-11
5495.746636743918 3.536852496786078e-11
5510.086276689804 3.1692815088355936e-11
5524.398688742833 3.3642328392629814e-11
5535.78557637482 3.1251817271659494e-11
5545.66396493654 2.4861846538847175e-11
5559.311623442359 5.3403958640845114e-11
5571.991646927517 9.489251313210335e-12
