17.799282449393907 2.315465348168998e-06
30.158244330131154 4.365283725786547e-07
42.89580372913673 1.594844186484548e-07
55.67321552978553 4.426624556980587e-08
68.70199571606821 2.2000581195987544e-08
80.9577352285149 9.824113619111016e-09
93.5343336715136 6.2275280191220365e-09
106.16450203531903 3.392513406398374e-09
118.9072488188118 2.407001000750146e-09
131.52449629177582 1.9106965308868477e-09
143.9326581339747 1.5236701095312885e-09
156.55721831376695 1.263436366594214e-09
169.40797891669078 1.1863733505038998e-09
181.9370924105474 1.0576633723198644e-09
194.41579553660424 1.016538549733796e-09
206.95260779187328 9.618260154211358e-10
219.51528885091182 9.814754222760394e-10
232.10861695601864 9.43642874519965e-10
244.73393330749704 9.446795300360474e-10
257.3634526180588 9.178922870981217e-10
269.90016033281614 9.361121078582388e-10
282.3899117684295 8.830076942554073e-10
295.02671514949367 9.206139220362676e-10
307.57301485045366 9.025352758189343e-10
320.13150881022204 9.066603198358299e-10
332.79823373741607 9.151855329635693e-10
345.4391291552885 8.97515800766784e-10
357.9530426754169 9.126694168258635e-10
370.4707381295704 8.981716339919069e-10
382.9613574682314 9.257703255537663e-10
395.5779737303071 9.112938709120251e-10
408.18754708954486 9.127411894703869e-10
420.78786052196915 9.069613832466191e-10
433.3819419644603 8.962347040580581e-10
445.9400562432304 9.062486496441533e-10
458.52400541726837 9.07879738977254e-10
471.0283016733625 8.824191078500497e-10
483.5821167635718 8.836829414406121e-10
496.17130788792383 9.013200378572604e-10
508.6984513745909 8.712647279119865e-10
521.266850376961 8.890325039566085e-10
533.8514741793921 8.910413830658314e-10
546.4846686282311 8.801927467126272e-10
559.1059360168832 8.920578571167125e-10
571.6732584628986 8.919158936353926e-10
584.1752542788623 8.764636271814189e-10
596.6899688879645 8.848111084080812e-10
609.2765278814395 8.748563086827979e-10
621.8558254006394 8.612985818469939e-10
634.4336343236796 8.67995736465243e-10
647.0375135888845 8.674678404725583e-10
659.6336435100791 8.639637261856445e-10
672.2352858914313 8.634986174837682e-10
684.7400751418547 8.613501168562283e-10
697.2956385332539 8.648192011917991e-10
709.8823228822636 8.561086305703013e-10
722.383387084208 8.587856838678891e-10
734.9534179127145 8.546759278617337e-10
747.5295590555182 8.550130532949e-10
760.1308062950264 8.626025437897147e-10
772.7079722519646 8.409820182305374e-10
785.22803627289 8.431640126060556e-10
797.8529000643869 8.37165529611861e-10
810.4146489153657 8.347893147815797e-10
822.9832955140954 8.306913121388498e-10
835.5628544232982 8.369360752251801e-10
848.0801297450262 8.236956203867161e-10
860.6851380540385 8.319452257861188e-10
873.2717120511252 8.231819118887818e-10
885.7992366441526 8.212663032860913e-10
898.3268837059719 8.160261294939216e-10
910.8828292509464 8.175319357653613e-10
923.5268940602116 8.080574451244002e-10
936.128848404742 8.083268845132727e-10
948.6970485528731 8.202207121572915e-10
961.27122736308 7.987012568006419e-10
973.8038516777394 8.026870748905954e-10
986.3394199199912 8.054354781833113e-10
998.9013494289071 7.939980043360668e-10
1011.4318102670842 7.814447216679662e-10
1023.984799253619 7.912227642632283e-10
1036.6252195536813 7.826848589132414e-10
1049.2179276058198 7.831850884301758e-10
1061.7514616966673 7.762464340506487e-10
1074.3147055893453 7.744907686499985e-10
1086.9159127567582 7.712435112861079e-10
1099.4861304784436 7.700938718374757e-10
1111.9874855003557 7.680706457309084e-10
1124.5709353219315 7.58291816931974e-10
1137.2023074454532 7.561511529922758e-10
1149.7609178844157 7.57772844714489e-10
1162.310042068112 7.531521371304439e-10
1174.8788993321937 7.473747442856181e-10
1187.4352440593798 7.435858884695252e-10
1199.9943909587364 7.454097623787877e-10
1212.5358230248555 7.468232729015963e-10
1225.0939152889068 7.3475880902134e-10
1237.695546608303 7.288310971914228e-10
1250.2621134875799 7.263556942663098e-10
1262.8054900766422 7.226913307872808e-10
1275.400712546411 7.170167080421194e-10
1287.9715566629113 7.127777198379394e-10
1300.5370834332223 7.084408781078367e-10
1313.1172235398076 7.048018916668596e-10
1325.6738564718507 7.016937275861716e-10
1338.2370889924387 7.032628170820396e-10
1350.8140397151212 6.912395605860995e-10
1363.367102918641 6.893191465021836e-10
1375.9185067723397 6.81808713697675e-10
1388.4688634079062 6.830689667400942e-10
1401.0350804869474 6.838158671213947e-10
1413.6249913217434 6.81595847373505e-10
1426.2038019349843 6.716483280274913e-10
1438.7836502342852 6.677931918745613e-10
1451.3667615196225 6.648329003769387e-10
1463.93053654187 6.625064117091428e-10
1476.5015980969845 6.602218544571689e-10
1489.0531684231876 6.583001043936667e-10
1501.5742203885422 6.491840581304844e-10
1514.1516930632092 6.514837453795187e-10
1526.7282467201912 6.447416157899539e-10
1539.2925919724535 6.369812387078102e-10
1551.8789730350827 6.362550817448846e-10
1564.4658283979172 6.318591381645072e-10
1577.062987304048 6.281680215732393e-10
1589.5793133959044 6.227810754622445e-10
1602.098219318471 6.150362841067706e-10
1614.6728123454723 6.158165585657822e-10
1627.245897674773 6.093285542720143e-10
1639.830599792207 6.101323788076671e-10
1652.3905272785578 6.06562803406188e-10
1664.979414016081 6.020468073743878e-10
1677.5918618421556 5.98619262724412e-10
1690.126927940609 5.948360277707508e-10
1702.6565735125293 5.900425450552691e-10
1715.239652780402 5.864569533957313e-10
1727.811695412483 5.812268842707571e-10
1740.3677490975194 5.786739376777003e-10
1752.9282192150536 5.744433407165445e-10
1765.500774679947 5.697188581238524e-10
1778.0665536787737 5.646204948185067e-10
1790.6168494226254 5.606325425326648e-10
1803.191304333419 5.581931442737793e-10
1815.7666656189658 5.544910202696969e-10
1828.3488212639727 5.486291614064472e-10
1840.9261635435228 5.46418030877773e-10
1853.4868830529422 5.409049776094821e-10
1866.0648394709856 5.369317630546765e-10
1878.6531571147755 5.361090941880113e-10
1891.1949620796393 5.300800735052873e-10
1903.7320037090342 5.262740457073695e-10
1916.2826511063677 5.227387390360385e-10
1928.8701890218213 5.198699380363978e-10
1941.4711267136497 5.174846302196119e-10
1954.0161536900057 5.126787601966313e-10
1966.5646650726826 5.115568703786199e-10
1979.1139383933348 5.031311541898714e-10
1991.6912603842213 5.016260943141228e-10
2004.2724214876746 4.999265736442855e-10
2016.8096506702707 4.914766503747321e-10
2029.388299672487 4.891275739396887e-10
2041.9851108745945 4.853491305662702e-10
2054.5479608747887 4.820055001058761e-10
2067.1183637920344 4.781221459101173e-10
2079.69511478519 4.73794768085513e-10
2092.25394988661 4.696396908806838e-10
2104.806873622057 4.675321680205724e-10
2117.3614093032174 4.6382137439406014e-10
2129.928666131578 4.576373535973979e-10
2142.5135548816706 4.574982433603194e-10
2155.088097602156 4.530586219355939e-10
2167.649640376087 4.4841747420491147e-10
2180.216047885633 4.441552662204317e-10
2192.779331913286 4.3995758871394954e-10
2205.362264117683 4.3946659147055693e-10
2217.92609518976 4.338252336815098e-10
2230.4508569275185 4.311753095859772e-10
2243.0042552295354 4.2783528323095213e-10
2255.585147649584 4.2379522339065736e-10
2268.179105336766 4.2135976708979967e-10
2280.7280993008117 4.1744620786536604e-10
2293.278360641959 4.1475898206902907e-10
2305.8848259833 4.098716787589811e-10
2318.4578135021575 4.0575789000497266e-10
2331.017443774536 4.0348960017181244e-10
2343.5861525124205 3.995367868802556e-10
2356.174872739318 3.9669574915318964e-10
2368.7353085030536 3.938358973171264e-10
2381.2692845985334 3.884117879804387e-10
2393.8244176688013 3.873372214253356e-10
2406.4031547082923 3.834325955464021e-10
2418.9736888834113 3.809545737238899e-10
2431.52780414962 3.7727132598628083e-10
2444.0995103422933 3.7250185704240297e-10
2456.681233242974 3.692054851538023e-10
2469.2659731538656 3.663376802043189e-10
2481.804494353713 3.637760148290122e-10
2494.349678289375 3.6101098668979456e-10
2506.9309198668843 3.5833355021634334e-10
2519.499903784357 3.5529101782743697e-10
2532.064286254508 3.510164397053061e-10
2544.6325769440127 3.492613984404236e-10
2557.208310117243 3.4588495573517636e-10
2569.7731778671878 3.430804645029484e-10
2582.350840133166 3.397719805905544e-10
2594.9314527475444 3.3693425885624e-10
2607.4836540238884 3.339391752107244e-10
2620.0346458455233 3.322508086472308e-10
2632.6028953257733 3.2829944752908353e-10
2645.173520726606 3.264078292701109e-10
2657.730984905749 3.233311240634248e-10
2670.289609909111 3.2038576715247545e-10
2682.8810325445497 3.175936149600102e-10
2695.4617368341887 3.1432958720533315e-10
2708.003179989755 3.128785475261426e-10
2720.565218595557 3.090221058497044e-10
2733.1313729151952 3.06643888195387e-10
2745.702996964865 3.037594275179954e-10
2758.2707458588034 3.0187930372483615e-10
2770.8191342981145 2.9934772456026877e-10
2783.3972824385987 2.968513493376281e-10
2795.9689028789417 2.939608259000381e-10
2808.5357668183638 2.92040850069371e-10
2821.1095589697384 2.891393744204426e-10
2833.6756670949308 2.8665500285220233e-10
2846.236354374274 2.847824466711337e-10
2858.79560232848 2.818229565539461e-10
2871.373843645574 2.7973143935977687e-10
2883.954243538599 2.764247851324093e-10
2896.5073357066644 2.749429522972699e-10
2909.064697944345 2.7268412558742924e-10
2921.6386383037598 2.7007276079820145e-10
2934.2207288040527 2.6906187349922856e-10
2946.785817897924 2.654890258776923e-10
2959.3399304871978 2.6375932449252254e-10
2971.912289205687 2.612814387258521e-10
2984.46722152623 2.5960712754318717e-10
2997.00494075996 2.5798422723033083e-10
3009.571504102365 2.558020879350138e-10
3022.151983789152 2.532206632326846e-10
3034.723269970324 2.514648437886333e-10
3047.297141938261 2.4940132278631046e-10
3059.876071431784 2.484056547428352e-10
3072.460353827784 2.4564273483760695e-10
3085.0214375587766 2.4418932032462644e-10
3097.56792616596 2.421497936585794e-10
3110.1461395593024 2.4059043272697914e-10
3122.7146498544676 2.3899226613261744e-10
3135.258242106282 2.3674947514509515e-10
3147.827394808765 2.3585107816708126e-10
3160.407090461748 2.34227782308394e-10
3172.9707868690757 2.3223068176955038e-10
3185.520028526011 2.3015511561611066e-10
3198.0928727893415 2.2978220340663583e-10
3210.684273274958 2.2799270020025064e-10
3223.239536727099 2.2506592532414925e-10
3235.794336704776 2.2343256213235333e-10
3248.365417080094 2.2010212256193832e-10
3260.9281598919256 2.1733412336215347e-10
3273.4964936633673 2.1545958031506817e-10
3286.0602765369263 2.1300082579911553e-10
3298.616161266458 2.0996826524159968e-10
3311.184497268825 2.0799066626059874e-10
3323.7565519663412 2.050815752711928e-10
3336.336479870555 2.0344562864798516e-10
3348.8991222089053 2.007909966981277e-10
3361.442771262142 1.9868796465919985e-10
3374.0243084776243 1.9628304807340866e-10
3386.614961597868 1.944247119977407e-10
3399.16128606973 1.923040935232562e-10
3411.723586887969 1.8982034646420024e-10
3424.3034483758647 1.8814304808270512e-10
3436.8707723403413 1.851781743737436e-10
3449.4368938720895 1.8335217447249603e-10
3461.9898368720965 1.8142926923149386e-10
3474.572720638132 1.7897134003604362e-10
3487.1326051509195 1.7714429285344736e-10
3499.6720155540056 1.7471523581856086e-10
3512.2465573827917 1.7286841728404907e-10
3524.8212321125134 1.710261542658116e-10
3537.387157918102 1.692761048420841e-10
3549.9534967742106 1.6713062875649772e-10
3562.5272432128218 1.6511854402554885e-10
3575.0914952116 1.6366749988011379e-10
3587.654584597485 1.6130522437078564e-10
3600.2154434833064 1.6016446402064437e-10
3612.781827813574 1.5773615115106466e-10
3625.349028548668 1.5596491050512878e-10
3637.907270470111 1.5416004018159493e-10
3650.477005817321 1.521653603930855e-10
3663.04737240162 1.50746568021579e-10
3675.6208179613163 1.4895496417000201e-10
3688.192852242157 1.4731959779831455e-10
3700.7538430059562 1.4557083033797537e-10
3713.3214918772564 1.4402565400693524e-10
3725.88719617525 1.422216565990842e-10
3738.4440983479285 1.4032728337998137e-10
3751.0156271459587 1.3934496128618432e-10
3763.58999013167 1.3737830587140504e-10
3776.155626274999 1.3601787231728986e-10
3788.70489003149 1.3445846393287017e-10
3801.275937702054 1.3325902712046278e-10
3813.8566744571744 1.3094393590218084e-10
3826.404431717055 1.3007215434887078e-10
3838.9644689081924 1.2821143569605188e-10
3851.5402114943618 1.2677806886518224e-10
3864.1298207037257 1.2596456261112815e-10
3876.681423024082 1.2478211622988395e-10
3889.2165722518703 1.2302968148073626e-10
3901.7937228048927 1.2134072422168861e-10
3914.376239464566 1.2015627954203505e-10
3926.950184147634 1.1902024985975294e-10
3939.510656203867 1.1746230732329291e-10
3952.082754993091 1.1629608261209534e-10
3964.66520672985 1.1457227017736423e-10
3977.223438611204 1.1357451302523138e-10
3989.775857376849 1.1276845828779239e-10
4002.346082688934 1.1149878139267787e-10
4014.9052449751166 1.1019268445803799e-10
4027.454437240128 1.0904308871457895e-10
4040.0221607705066 1.0783254320617987e-10
4052.608105661614 1.0649896144154822e-10
4065.1747165545376 1.0540463662822587e-10
4077.7220075380287 1.0410382409783749e-10
4090.2897990210035 1.0312587551517985e-10
4102.873672523345 1.0224990368732052e-10
4115.447644068685 1.0111063416318046e-10
4128.008926808098 9.981202048227152e-11
4140.585568421012 9.904708561616513e-11
4153.1694370518835 9.791468326561726e-11
4165.708486135632 9.691300797522825e-11
4178.245182757474 9.599270637484066e-11
4190.834603556789 9.475074246388974e-11
4203.40608927648 9.399345723830148e-11
4215.94546673201 9.316323248719039e-11
4228.511593513913 9.189504750764125e-11
4241.075779699394 9.087064211100324e-11
4253.641501584355 9.034600976119208e-11
4266.2134040829205 8.897287686346424e-11
4278.800238462189 8.841238732725e-11
4291.378797171946 8.759011232587673e-11
4303.915793648459 8.648350080207918e-11
4316.4806669387035 8.56190641345122e-11
4329.060961840782 8.502426313722323e-11
4341.6343365752655 8.423844021334088e-11
4354.198259860986 8.302132166222243e-11
4366.7534805332525 8.183161592534151e-11
4379.309052921206 8.154698684520557e-11
4391.876283675789 7.989266369223584e-11
4404.434457339895 7.921839341489897e-11
4416.997001697697 7.861325053168394e-11
4429.587449292495 7.797240648122444e-11
4442.151636687611 7.695706314373754e-11
4454.676243985357 7.607945868958152e-11
4467.255845270074 7.486399986334007e-11
4479.8575794065855 7.3773059958652e-11
4492.40168445441 7.281699082476149e-11
4504.962144407178 7.201283449815886e-11
4517.519866020664 7.082719714911287e-11
4530.0755333545785 6.976463865502839e-11
4542.6078228888755 6.857406965046846e-11
4555.1794564400525 6.723557342932193e-11
4567.796610844846 6.610618805710584e-11
4580.340024503758 6.503386418847829e-11
4592.907148036285 6.436121320555621e-11
4605.507457041533 6.308429137259432e-11
4618.066519715286 6.2143586130052e-11
4630.61348098353 6.130605798950351e-11
4643.169806111598 6.049444610253932e-11
4655.7516975966855 5.99663675365171e-11
4668.310875988915 5.910960042438645e-11
4680.838737422433 5.844529799161236e-11
4693.4142013659475 5.7259706026635606e-11
4706.006583198429 5.699118362989489e-11
4718.579788898697 5.5841589589536053e-11
4731.107753982311 5.5127111954154123e-11
4743.651571426617 5.4443121723902544e-11
4756.281806400868 5.3712894195508175e-11
4768.856185173669 5.328489891703979e-11
4781.385164866601 5.2853468495790425e-11
4793.976276771281 5.1754903088336636e-11
4806.607096854939 5.164792297616575e-11
4819.146147308174 5.08510617283565e-11
4831.661602769959 4.9894175193612035e-11
4844.287713525817 4.970938831631437e-11
4856.860115107401 4.8990055959780867e-11
4869.355537556235 4.8626425137454026e-11
4881.940425155442 4.791696558612154e-11
4894.597962536946 4.742789824551057e-11
4907.1382369119165 4.734443949017008e-11
4919.600076288735 4.61991214412201e-11
4932.2184698095 4.570911288025412e-11
4944.828614579259 4.558355083191682e-11
4957.327103379369 4.4997002376485983e-11
4969.86863255852 4.421301428297687e-11
4982.485662226757 4.366469834359404e-11
4995.110752516737 4.342476014323528e-11
5007.607580415342 4.312161662300311e-11
5020.10090672177 4.289390700382947e-11
5032.776306714229 4.180154337602247e-11
5045.393898578722 4.201371170005286e-11
5057.824235954894 4.1808432072211816e-11
5070.389901954609 4.093462366960662e-11
5083.106030184285 4.153557007741636e-11
5095.667197680151 4.056921679765626e-11
5108.05545246385 4.087925017421904e-11
5120.671439914531 3.999690460538875e-11
5133.447634936114 3.991335125701975e-11
5145.895026810736 3.928109071010822e-11
5158.2250506128275 3.877485610795542e-11
5170.95099224376 3.883678306818041e-11
5183.700390094105 3.795374579875342e-11
5196.118642963537 3.777529324804282e-11
5208.594319785777 3.846704732873824e-11
5221.348995023267 3.7962580939602245e-11
5233.86566836642 3.780823004150962e-11
5246.017090039119 3.7314382249578894e-11
5258.795061897151 3.818239792943981e-11
5271.8211514158575 3.633085318314148e-11
5284.059572485596 3.7050635942475737e-11
5296.079024382072 3.666621484098777e-11
5309.081924588613 3.6918768508339684e-11
5322.3605651521175 3.664179517450452e-11
5334.390294917684 3.5806313482336125e-11
5346.181802010518 3.550345257711936e-11
5359.463528890978 3.5696329565797165e-11
5372.933862046457 3.5025993319046943e-11
5384.396712939678 3.600486719504914e-11
5395.929354426921 3.533923006717458e-11
5409.783878738565 3.6651126407054514e-11
5423.640526297936 3.508603235647979e-11
5434.195806773826 3.6420174720256635e-11
5445.572893198795 3.474694137843962e-11
5459.895693738757 3.66944951868858e-11
5474.13057561097 3.3842806628153584e-11
5484.976407817414 3.5427089186608367e-11
5495.746636743918 3.3727509697770706e-11
5510.086276689804 3.44679753435426e-11
5524.398688742833 3.3644867855212346e-11
5535.78557637482 3.0977570787055754e-11
5545.66396493654 3.254724926176891e-11
5559.311623442359 3.410263036689223e-11
5571.991646927517 1.1194001670427257e-10
