0.017799282449393907 33.96667837901277
0.030158244330131156 26.3089284759473
0.04289580372913673 18.53320447768983
0.05567321552978553 17.503243370042945
0.06870199571606822 15.886859530000072
0.08095773522851492 10.80746855390884
0.09353433367151359 9.32831535188392
0.10616450203531903 7.0385129605250105
0.1189072488188118 7.064902641642521
0.13152449629177584 5.849116593944813
0.14393265813397474 5.112917801830129
0.15655721831376695 4.181757381088257
0.1694079789166908 3.5829731243114002
0.1819370924105474 3.298463401019966
0.19441579553660426 3.2806321903596056
0.2069526077918733 2.629084921158596
0.21951528885091184 2.3133485927130213
0.23210861695601867 2.1022235913185088
0.24473393330749707 1.9424475154678593
0.2573634526180588 1.7804955260236406
0.26990016033281616 1.577099831640753
0.28238991176842954 1.4307737694369056
0.2950267151494937 1.3030622231846958
0.3075730148504537 1.1802644730537668
0.32013150881022207 1.1220399859914225
0.3327982337374161 1.0518327542090504
0.34543912915528857 0.975368656651317
0.35795304267541694 0.8940295086848811
0.37047073812957043 0.85306010846889
0.38296135746823146 0.7703475678446012
0.3955779737303071 0.7326820356070292
0.40818754708954486 0.6687874526146341
0.4207878605219692 0.6295851405544916
0.43338194196446034 0.5799329216427525
0.4459400562432304 0.5561808398558477
0.4585240054172684 0.5222964608682831
0.47102830167336246 0.49361317571477586
0.4835821167635718 0.4604532104426276
0.49617130788792385 0.43186437269041084
0.5086984513745909 0.41084095395381653
0.5212668503769611 0.3870771053679382
0.5338514741793922 0.36822959286821855
0.5464846686282312 0.3458750381048253
0.5591059360168832 0.32329938525143564
0.5716732584628986 0.3106321367019511
0.5841752542788623 0.2986419867950317
0.5966899688879646 0.2829106222541307
0.6092765278814395 0.2618306440841462
0.6218558254006394 0.2532156389834837
0.6344336343236796 0.24106626805628212
0.6470375135888846 0.22874277211847746
0.6596336435100791 0.2207641482812343
0.6722352858914313 0.20580845998473557
0.6847400751418548 0.19591517753848575
0.6972956385332539 0.18468177980651954
0.7098823228822636 0.17791032859288386
0.7223833870842081 0.17057219337970744
0.7349534179127145 0.16031569420173172
0.7475295590555182 0.15421664970307905
0.7601308062950265 0.14710684185085088
0.7727079722519647 0.14107885072346218
0.78522803627289 0.13395194925984683
0.7978529000643869 0.1283193729597349
0.8104146489153657 0.12321018720489092
0.8229832955140954 0.11655396896302832
0.8355628544232983 0.11198463597058453
0.8480801297450262 0.10852516361030567
0.8606851380540385 0.10278388281784318
0.8732717120511252 0.09821187846942582
0.8857992366441527 0.09391814029883187
0.8983268837059719 0.08940352557792858
0.9108828292509465 0.08684084317062449
0.9235268940602117 0.08277635656088936
0.9361288484047421 0.07936159138355604
0.9486970485528732 0.07558095526621643
0.96127122736308 0.07261297378617113
0.9738038516777395 0.06958256080612585
0.9863394199199912 0.06714650464907444
0.9989013494289072 0.06460086549700458
1.0114318102670843 0.06157197687143656
1.023984799253619 0.05891994102555304
1.0366252195536814 0.05627564082916682
1.04921792760582 0.054292334517445376
1.0617514616966675 0.05206964837256681
1.0743147055893454 0.050011975790327824
1.0869159127567583 0.04780737511691577
1.0994861304784436 0.04600827860360924
1.1119874855003558 0.044173657559362055
1.1245709353219315 0.04191828168749795
1.1372023074454531 0.040734923200227854
1.149760917884416 0.03907008199853576
1.162310042068112 0.03744014011734971
1.1748788993321937 0.03589406559265493
1.1874352440593798 0.03498532695593237
1.1999943909587365 0.033289165831043195
1.2125358230248555 0.03198568288208824
1.2250939152889069 0.030421002317238932
1.237695546608303 0.029570274658603197
1.2502621134875798 0.028125594767999453
1.2628054900766421 0.027052021021890475
1.275400712546411 0.025980447048411837
1.2879715566629113 0.025055605069930674
1.3005370834332224 0.02401314715136734
1.3131172235398076 0.0230153616152184
1.3256738564718509 0.0222304652010627
1.3382370889924389 0.021305624480478437
1.3508140397151212 0.020529373743383428
1.363367102918641 0.019548187464947235
1.3759185067723396 0.01872803012089994
1.3884688634079063 0.018067988139633166
1.4010350804869476 0.017404096979138847
1.4136249913217434 0.01671236094429835
1.4262038019349843 0.016041803366661455
1.4387836502342854 0.015324187069127315
1.4513667615196226 0.01475294203862779
1.46393053654187 0.014080848440749288
1.4765015980969847 0.013647290739496894
1.4890531684231876 0.013029070486968091
1.5015742203885425 0.012467166270511504
1.5141516930632093 0.012101782397179751
1.5267282467201915 0.011561908931078084
1.5392925919724534 0.011078823404675912
1.5518789730350828 0.010716071911865657
1.5644658283979174 0.01024908846304049
1.577062987304048 0.009853981197038687
1.5895793133959044 0.009424285116976346
1.602098219318471 0.009040044134378774
1.6146728123454723 0.008692969774501808
1.6272458976747732 0.008377555825977996
1.6398305997922074 0.008081802036202405
1.652390527278558 0.007685935194007718
1.6649794140160812 0.007401425338437011
1.6775918618421557 0.00708218679054827
1.690126927940609 0.006830295353162113
1.7026565735125296 0.006536603377809296
1.715239652780402 0.006285015101033236
1.7278116954124831 0.0060421959410093895
1.7403677490975196 0.005782057083028442
1.7529282192150537 0.005550178037316408
1.7655007746799471 0.005324239597158867
1.7780665536787739 0.005131314510650004
1.7906168494226256 0.004914138616633594
1.8031913043334191 0.004730821160416678
1.815766665618966 0.0045269522936099045
1.8283488212639727 0.004346510634263579
1.840926163543523 0.004180760440174272
1.8534868830529423 0.003999862313471593
1.8660648394709858 0.0038507472153071183
1.8786531571147758 0.0036993981930734158
1.8911949620796393 0.003529303287536299
1.9037320037090344 0.003399657121205689
1.9162826511063678 0.0032675486027252437
1.9288701890218214 0.0031572588877784003
1.94147112671365 0.003009476601856952
1.9540161536900058 0.002897363188578267
1.9665646650726827 0.002782627108489451
1.979113938393335 0.0026625047358442293
1.9916912603842214 0.0025741342117068986
2.004272421487675 0.0024565912804272935
2.016809650670271 0.002362967763835962
2.029388299672487 0.002278841184251873
2.0419851108745943 0.0021943285593462344
2.054547960874789 0.0021053956135657233
2.0671183637920345 0.0020367337425267716
2.07969511478519 0.0019517544413877055
2.09225394988661 0.0018700243251515043
2.1048068736220573 0.0018056125185240406
2.1173614093032174 0.0017339339269168183
2.1299286661315784 0.0016720135346071122
2.142513554881671 0.001612873461887064
2.1550880976021562 0.001543778949515963
2.167649640376087 0.0014858105775448949
2.1802160478856334 0.0014406492377685156
2.1927793319132864 0.0013848176819635108
2.205362264117683 0.0013346210398198248
2.21792609518976 0.0012849143438716964
2.2304508569275185 0.0012460169455442626
2.2430042552295357 0.0011993830677253792
2.255585147649584 0.0011613698972840732
2.268179105336766 0.0011231510493458076
2.280728099300812 0.0010765264725060746
2.293278360641959 0.0010464486136548131
2.3058848259833 0.0010104882949187406
2.3184578135021576 0.0009772825503874256
2.3310174437745363 0.0009491030838614452
2.3435861525124206 0.0009163118891057
2.356174872739318 0.0008891702074276792
2.368735308503054 0.000859872707690508
2.3812692845985333 0.0008314052288633998
2.3938244176688017 0.0008101589165125432
2.4064031547082925 0.0007851961677858344
2.4189736888834115 0.0007671138075566491
2.4315278041496198 0.0007425294264985301
2.4440995103422933 0.0007259521676030461
2.456681233242974 0.0007073563233456303
2.4692659731538655 0.0006888286279157144
2.481804494353713 0.0006679712520118426
2.494349678289375 0.0006504014784506474
2.5069309198668845 0.0006351027798328447
2.519499903784357 0.0006222947535968868
2.5320642862545077 0.0006072448354289739
2.544632576944013 0.0005924212914571737
2.5572083101172427 0.0005795692916209202
2.5697731778671877 0.0005690780366742846
2.5823508401331665 0.0005550085204750786
2.5949314527475447 0.0005457591654308428
2.6074836540238886 0.0005367908790567062
2.6200346458455237 0.0005244995577707627
2.6326028953257734 0.0005153387409685405
2.6451735207266065 0.0005066787922318623
2.6577309849057493 0.0004982600037957424
2.670289609909111 0.0004945013212589612
2.6828810325445502 0.0004867348692392466
2.695461736834189 0.0004779821408103276
2.7080031799897553 0.0004699054429318915
2.720565218595557 0.0004668242844728783
2.733131372915196 0.00045915406517177
2.7457029969648654 0.0004541647006087259
2.7582707458588036 0.0004485330938351395
2.7708191342981143 0.0004448409610351561
2.7833972824385986 0.000438987534561099
2.7959689028789416 0.00043730340001157855
2.808535766818364 0.000432344421863462
2.8211095589697384 0.00042940639278207234
2.833675667094931 0.0004281438796548204
2.846236354374274 0.00042340974516764647
2.85879560232848 0.00042017928390025884
2.8713738436455745 0.00041677500315705825
2.883954243538599 0.00041530570975548364
2.896507335706665 0.00041191635517313886
2.9090646979443453 0.00041190463554520017
2.92163863830376 0.00041099899282489796
2.934220728804053 0.0004091155087444629
2.9467858178979243 0.0004078725636898817
2.959339930487198 0.0004087270777042533
2.971912289205687 0.0004043630297392654
2.9844672215262302 0.00040581895796833406
2.99700494075996 0.0004046610392832881
3.0095715041023654 0.00040104871378514876
3.022151983789152 0.0004046262193075469
3.0347232699703244 0.0004023042302302417
3.047297141938261 0.0004037138883792533
3.0598760714317845 0.00040564087428617235
3.072460353827784 0.00040480855252995906
3.0850214375587766 0.00040560496598223057
3.0975679261659606 0.0004081239982008722
3.1101461395593026 0.0004081733389096925
3.122714649854468 0.0004101890542409887
3.135258242106282 0.0004103776483830436
3.147827394808765 0.00041223862417060614
3.160407090461748 0.0004137920736961789
3.172970786869076 0.00041426659214420335
3.1855200285260117 0.00041664703702224516
3.1980928727893416 0.00041942816484721987
3.210684273274958 0.0004225340329356009
3.2232395367270996 0.00041598841666517735
3.235794336704776 0.00040198285987467944
3.248365417080094 0.0003887104135950733
3.2609281598919257 0.00037802312766995854
3.2734964936633677 0.00036649041636708564
3.2860602765369262 0.000356310660241908
3.2986161612664584 0.0003451356685163353
3.3111844972688256 0.00033487021987310624
3.3237565519663415 0.0003275029045525607
3.3363364798705555 0.00031732028074317546
3.3488991222089055 0.000309361939668114
3.361442771262142 0.0003028658158319501
3.3740243084776247 0.00029432980211337645
3.3866149615978682 0.0002872111014877246
3.39916128606973 0.0002802458911537038
3.4117235868879687 0.0002736445018093707
3.424303448375865 0.000268380320710167
3.4368707723403413 0.0002624161013380117
3.4494368938720896 0.0002562433140196032
3.461989836872097 0.0002503685434621905
3.474572720638132 0.0002455570600566617
3.48713260515092 0.00024135540436154824
3.499672015554006 0.00023578518813626638
3.5122465573827917 0.00023182147221021313
3.5248212321125134 0.00022781155999330402
3.537387157918102 0.0002246295392009947
3.549953496774211 0.00022027535516693417
3.562527243212822 0.00021605055754812702
3.5750914952116 0.00021219486988803166
3.587654584597485 0.0002096085972383141
3.600215443483307 0.00020651320424037707
3.6127818278135746 0.00020318342087048436
3.625349028548668 0.00020012416006939793
3.6379072704701114 0.00019740425142662034
3.650477005817321 0.00019545683083963843
3.6630473724016204 0.00019235867118364437
3.675620817961317 0.00019026924445108488
3.6881928522421576 0.00018810165750118138
3.7007538430059563 0.00018620268996980815
3.7133214918772564 0.00018411295615350612
3.7258871961752504 0.0001817906463150668
3.738444098347929 0.00018069781661495915
3.751015627145959 0.0001785909684318933
3.7635899901316705 0.00017771548847014357
3.7761556262749996 0.0001752811236852414
3.78870489003149 0.00017428579259507005
3.8012759377020537 0.0001725929557625576
3.813856674457175 0.00017089813283919435
3.826404431717055 0.00016992516654325051
3.8389644689081925 0.0001698177300158626
3.851540211494362 0.0001681588227138139
3.864129820703726 0.00016754742786086256
3.8766814230240825 0.00016608537943518713
3.8892165722518706 0.0001655255800951516
3.901793722804893 0.00016477329593563795
3.9143762394645663 0.00016411344216836097
3.926950184147634 0.00016399673683548872
3.939510656203867 0.00016305181754635762
3.9520827549930915 0.00016250465831839112
3.9646652067298502 0.00016209519835267132
3.977223438611204 0.00016172385231735632
3.9897758573768494 0.00016104005905446904
4.002346082688934 0.00016101956920758947
4.014905244975117 0.00016053801541507772
4.027454437240128 0.00016060177032304365
4.040022160770507 0.0001611723558415763
4.052608105661615 0.00016030549389350435
4.065174716554538 0.00016106217328306624
4.0777220075380285 0.0001613831243018134
4.090289799021003 0.00016052945323338108
4.102873672523345 0.0001615574620374594
4.115447644068685 0.00016142101900026967
4.128008926808098 0.0001624399612269949
4.140585568421012 0.00016177587625166535
4.153169437051885 0.00016320859327371087
4.165708486135632 0.00016347826586390828
4.1782451827574745 0.00016343951521913432
4.190834603556789 0.000163689102651467
4.203406089276481 0.00016519359248739105
4.215945466732009 0.00016552802929977473
4.228511593513913 0.00016568434274237727
4.241075779699394 0.00016633092490755385
4.253641501584355 0.00016767156730417262
4.266213404082921 0.00016810779427306515
4.278800238462189 0.00016915815494271885
4.291378797171946 0.0001700433093173312
4.30391579364846 0.00017022231533632957
4.316480666938704 0.00017222106106065517
4.329060961840781 0.00017172028122481382
4.341634336575265 0.0001732508842766092
4.354198259860986 0.00017327541232237557
4.366753480533252 0.00017412892618310356
4.379309052921206 0.0001754610276860902
4.391876283675789 0.00017536376974960446
4.404434457339895 0.00017749837086236922
4.416997001697697 0.0001770896843583309
4.429587449292495 0.00017801261446141975
4.442151636687611 0.00017742474782289316
4.454676243985358 0.00017790267073061565
4.467255845270074 0.00017827138242419122
4.479857579406586 0.00017832857207833336
4.492401684454411 0.00017957175490549725
4.504962144407179 0.00017806355077750786
4.517519866020665 0.00017781909167053795
4.530075533354578 0.00017667371351325528
4.542607822888876 0.00017549165101174725
4.555179456440053 0.00017432154283996125
4.567796610844846 0.00017371093065843174
4.580340024503759 0.00017368910038370602
4.592907148036286 0.00017369293725686931
4.605507457041533 0.00017260122656618848
4.618066519715286 0.00017295012488907242
4.630613480983531 0.00017348226515063726
4.643169806111598 0.00017474869644716772
4.655751697596686 0.0001752400092600173
4.668310875988915 0.00017484470915236978
4.680838737422433 0.00017614586224197192
4.693414201365948 0.00017699487399566312
4.7060065831984295 0.00017941409573649274
4.718579788898698 0.0001796022748588764
4.731107753982311 0.00018065706332302467
4.743651571426617 0.00018292097756646638
4.756281806400868 0.00018462388066342334
4.768856185173669 0.00018505127058997974
4.781385164866602 0.00018607089071549825
4.793976276771281 0.00018894217315295985
4.80660709685494 0.00019122843618499464
4.8191461473081745 0.00019306212108287038
4.83166160276996 0.00019428948059357955
4.8442877135258176 0.00019780430315384723
4.856860115107401 0.0001982084575529287
4.869355537556235 0.0002020314578277513
4.881940425155443 0.00020507868210198292
4.894597962536946 0.00020702625575612588
4.9071382369119165 0.00020954791240828006
4.919600076288735 0.00021367993872963025
4.9322184698095 0.00021416723167694946
4.944828614579259 0.00021861631257211764
4.957327103379369 0.00022162224779811144
4.969868632558521 0.00022582564025682014
4.9824856622267575 0.00022982828222187926
4.995110752516737 0.00023168866002301996
5.007607580415343 0.00023284407212326145
5.020100906721771 0.00024009517790008159
5.032776306714229 0.0002462515497706766
5.045393898578722 0.0002483216265049328
5.057824235954895 0.00025472467388822957
5.070389901954609 0.00025967065644688425
5.083106030184285 0.0002623468285963812
5.095667197680152 0.00026733675806373816
5.108055452463851 0.00027253148560732395
5.120671439914532 0.0002795008451115571
5.133447634936115 0.00028042102249326766
5.145895026810737 0.0002904125333496734
5.1582250506128275 0.00029328293752682295
5.17095099224376 0.0003007279173590783
5.183700390094105 0.00030641557588889976
5.196118642963538 0.0003107800489472768
5.208594319785777 0.0003184625215483114
5.221348995023267 0.00032853510175650635
5.233865668366421 0.000332036325202132
5.2460170900391185 0.00034125405198830275
5.2587950618971515 0.00033184768982091943
5.271821151415858 0.00035603883091172705
5.284059572485596 0.0003624619770847771
5.296079024382072 0.0003692613204147794
5.309081924588614 0.00036710638539812863
5.322360565152118 0.0003863880463746352
5.334390294917683 0.00040039104167633106
5.346181802010519 0.00040884424995391206
5.359463528890978 0.00041776094297968374
5.372933862046457 0.0004290332802370262
5.384396712939678 0.00043499209847847384
5.395929354426922 0.0004529121288870657
5.4097838787385655 0.00045325376316479165
5.423640526297937 0.00047836118752623
5.434195806773826 0.00047220223794305915
5.445572893198795 0.00047536111627262227
5.459895693738757 0.0005334142488946994
5.47413057561097 0.0005607785854085769
5.484976407817414 0.0005613870730363854
5.495746636743919 0.0004888662413319682
5.510086276689805 0.0005115984675816022
5.524398688742833 0.0005752867043570917
5.5357855763748205 0.0006239512203389617
5.545663964936541 0.00046404132577064505
5.559311623442359 0.0007827471514249084
5.5719916469275175 0.002214593686885966
