587.4350643364326 6.135315861592515e-11
995.3215950538334 1.1401129885014444e-11
1415.7030933708493 3.9927248946141075e-12
1837.3998524681692 1.3792190968169635e-12
2267.3925978900397 7.867635836589399e-13
2671.8724497859707 3.829541652665408e-13
3086.941705330481 3.063737274184257e-13
3503.778945060034 1.6922284088555337e-13
3924.3316441852076 1.2303208029478946e-13
4340.74245187379 9.258940733638816e-14
4750.252743695535 6.921381007597399e-14
5166.904894843793 5.5809602015786583e-14
5591.022406491445 4.497824449138734e-14
6004.524501998263 4.2341248153683334e-14
6416.3628889968395 3.6346988585136324e-14
6830.119069038722 3.526361239095535e-14
7244.729004980588 3.0888874383468153e-14
7660.350394588074 2.981810127539375e-14
8077.027501897592 2.77922465577361e-14
8493.843320728012 2.796242491522209e-14
8907.59605058799 2.65900137438977e-14
9319.799068265 2.688803089597483e-14
9736.855285461836 2.5811788477088878e-14
10150.924582523223 2.6828159241160535e-14
10565.396330370364 2.6889201444362273e-14
10983.440057340464 2.530271182032698e-14
11400.631325257047 2.5892493890008212e-14
11813.631771465904 2.5712883521937856e-14
12226.75703397922 2.6237165379134398e-14
12638.988695321168 2.5638658426200176e-14
13055.37867096723 2.611805229530098e-14
13471.536207575737 2.6208292981859646e-14
13887.388136038586 2.6212645297849477e-14
14303.034388266016 2.6118184324203646e-14
14717.49360538714 2.5363969801401693e-14
15132.805459315787 2.603184395756208e-14
15545.488504071367 2.5928515925020013e-14
15959.805833781245 2.564187664302451e-14
16375.290689370422 2.6187034270876345e-14
16788.727768138313 2.5872992537022014e-14
17203.526415081218 2.6037652309603708e-14
17618.860533973337 2.5526050767485865e-14
18035.797644496077 2.5957396152324812e-14
18452.34112266941 2.581546979911307e-14
18867.104239699624 2.5995097054535146e-14
19279.711362338687 2.58071707994846e-14
19692.73824712754 2.6078033963015552e-14
20108.136233710873 2.562934565523187e-14
20523.294567677865 2.5949053620086054e-14
20938.40377305873 2.6139957881936923e-14
21354.373385771767 2.5748527219104022e-14
21770.087244557064 2.598590864977709e-14
22185.9830327205 2.6116195561421878e-14
22598.682347915998 2.566652096924577e-14
23013.05737733511 2.6096746275912595e-14
23428.4595010648 2.5720095196612068e-14
23841.0358773666 2.578664060962478e-14
24255.88837995757 2.6025072840557113e-14
24670.942543086407 2.5602967010864368e-14
25086.825290264896 2.6159406023385518e-14
25501.913275642397 2.561435971623423e-14
25915.116708676233 2.5792764683271612e-14
26331.778880012767 2.604959346908953e-14
26746.358050012066 2.5656135451634067e-14
27161.16486845199 2.5757872808487544e-14
27576.331829151753 2.5871691145373048e-14
27989.443225908453 2.5935732167646097e-14
28405.450100793347 2.588874771222319e-14
28820.848582545383 2.5860849365122994e-14
29234.298239080945 2.591464023207298e-14
29647.75193749082 2.595392918111339e-14
30062.139579239156 2.6037560799214224e-14
30479.435447531734 2.591680866750178e-14
30895.341531509635 2.6028916099400986e-14
31310.13361560637 2.5622798284800667e-14
31725.123015283167 2.566304288289269e-14
32138.740979463346 2.5992304746814124e-14
32552.45610297 2.5692161365812502e-14
32967.04123527746 2.600811345304974e-14
33380.58779759354 2.6082911920631607e-14
33794.87786315574 2.6089923267951857e-14
34212.05345061654 2.6027412512221862e-14
34627.654376429695 2.577539528284614e-14
35041.30236622664 2.599935234240033e-14
35455.93087753614 2.6049548731537775e-14
35871.81230220324 2.5812958835060904e-14
36286.67097288592 2.5876600182506895e-14
36699.25694720646 2.6031172286295183e-14
37114.55232085582 2.6142529629800816e-14
37531.42928862882 2.57680452059418e-14
37945.904880673785 2.5987274435980646e-14
38360.067394987185 2.593359177535224e-14
38774.881166078994 2.6027331501100264e-14
39189.28198215775 2.6014729420569884e-14
39603.77527916621 2.6161400228565237e-14
40017.683928213046 2.5981445964407995e-14
40432.1424187758 2.6019278775697628e-14
40848.037841858175 2.5890320780850196e-14
41262.7760226924 2.6076555143870934e-14
41676.74884741393 2.5851754141912165e-14
42092.43275730729 2.6123582965591726e-14
42507.31210108618 2.6070808744186178e-14
42922.015954891824 2.6049062923222224e-14
43337.20209702335 2.605543446884341e-14
43751.61242481355 2.5923299992248653e-14
44166.24056080655 2.5943697049110972e-14
44581.32144274327 2.5877113804575224e-14
44995.61395771092 2.600621494377126e-14
45409.85170865807 2.6137277084891295e-14
45824.0548979507 2.5944531300503744e-14
46238.78153422269 2.598040257614009e-14
46654.29014263179 2.6155114677774104e-14
47069.43240709519 2.6241408991332952e-14
47484.60891862327 2.6121266822832032e-14
47899.893119459484 2.61276202120268e-14
48314.539159797685 2.6274840596121812e-14
48729.425679768465 2.6057783913693454e-14
49143.668924857666 2.6113174465628903e-14
49556.90496331822 2.596546677259756e-14
49972.00307139304 2.6037837421717205e-14
50387.070848851195 2.6078432046493277e-14
50801.73570866182 2.60617316133109e-14
51217.12782294002 2.6145111689406552e-14
51632.535590690335 2.6057310239580304e-14
52048.28340937452 2.619645364639664e-14
52461.36347841268 2.599242491737471e-14
52874.528690378575 2.600965159251788e-14
53289.53176057664 2.6108020458169302e-14
53704.48507177468 2.6140999350668643e-14
54119.821775320364 2.6223078935152767e-14
54534.34083427583 2.597219583133519e-14
54949.81564409508 2.6105946457214314e-14
55366.068047595894 2.624593617212947e-14
55779.766598699964 2.5993394071661522e-14
56193.28625453892 2.6172733702983106e-14
56608.56939869312 2.6147208644848287e-14
57023.488297441676 2.6209890616406325e-14
57437.87950816896 2.6395824781464464e-14
57852.416475744336 2.6152801040590577e-14
58267.352299668215 2.6369370038873707e-14
58682.064477847314 2.6178557191347552e-14
59096.265657512384 2.6152442317343372e-14
59511.26416941977 2.621301907592766e-14
59926.292594685336 2.6230190361330792e-14
60341.54525623671 2.6225492400242565e-14
60756.63906084233 2.627214047723109e-14
61171.18425917301 2.6171561351575635e-14
61586.29833237576 2.6268485389293355e-14
62001.75436022361 2.6267834731107783e-14
62415.67531615971 2.6372281225986118e-14
62829.43906630475 2.64223282969409e-14
63243.65185169529 2.643655267354213e-14
63659.08214593469 2.640669651625534e-14
64074.95467701814 2.6382542284358122e-14
64488.98196996718 2.6369969459803253e-14
64903.12425982451 2.638654894236754e-14
65317.29169614966 2.6550459704389724e-14
65732.38483116242 2.6549822149633883e-14
66147.60466956021 2.6477543282467505e-14
66561.37460957989 2.6593271116951688e-14
66976.5115403461 2.657720391241894e-14
67392.24788364998 2.6522303472946882e-14
67806.86339520755 2.65362019545396e-14
68221.72817795492 2.661384188699378e-14
68636.80246815807 2.6561852582096048e-14
69051.28547480561 2.668127977391824e-14
69465.57338686657 2.665517757659896e-14
69879.91449845601 2.6698714165412965e-14
70294.67544988707 2.6654610692463565e-14
70710.01831292642 2.6710552219622425e-14
71125.01972284343 2.6704276759353774e-14
71539.59209162003 2.6839518953040152e-14
71954.32501272716 2.6843411166072636e-14
72368.95484862331 2.686760874685957e-14
72784.23313919744 2.6823483311852938e-14
73198.881029365 2.6945886551299398e-14
73612.23950255835 2.6894102043220653e-14
74026.54307688236 2.7035996116764928e-14
74441.75404784105 2.708461393551309e-14
74857.39621573484 2.6966841678913667e-14
75271.55443237002 2.7224027636776437e-14
75685.7544766323 2.711914911503543e-14
76101.80943839272 2.7183998625412078e-14
76516.75952152335 2.7165514241874828e-14
76931.26877143682 2.7243559288210684e-14
77346.07764067393 2.7222767104504598e-14
77761.54695509298 2.7292320277085334e-14
78176.08278887965 2.737375008957629e-14
78589.74536628822 2.745176102296225e-14
79004.10619368982 2.7453625968653173e-14
79419.24602997664 2.7474530823886854e-14
79834.11514466704 2.7436711133489133e-14
80248.44238117557 2.7599162779221605e-14
80663.35017631331 2.767005019068841e-14
81078.58855587372 2.7709492437783228e-14
81493.92650672822 2.7714098289448515e-14
81907.73908758127 2.779664335409318e-14
82321.77156070544 2.7923997556783526e-14
82736.99405501268 2.803567687401101e-14
83151.81200608438 2.8053153591165106e-14
83566.47809420817 2.8110872585956863e-14
83981.27316646907 2.8172381417298008e-14
84396.31386525554 2.8226803512441035e-14
84810.99596921411 2.833595772226312e-14
85226.10033442792 2.831349510436714e-14
85641.30207087605 2.843371137128093e-14
86055.56613940225 2.8507054118122514e-14
86469.79029193147 2.85483609630701e-14
86884.58400415094 2.8723350239652705e-14
87299.45612959095 2.859753677426484e-14
87713.89389127884 2.8754257729497974e-14
88128.36996399706 2.8867955870567965e-14
88543.92846681683 2.896118627260191e-14
88959.1332288511 2.906625540711566e-14
89373.0422438863 2.9169177587140116e-14
89787.63097675104 2.923967899441505e-14
90202.35554175562 2.923822713475695e-14
90617.26062590313 2.937816550660659e-14
91032.03781712223 2.945492800382825e-14
91446.17604944271 2.96300874778299e-14
91861.29645011877 2.9756920988037426e-14
92276.20141514658 2.9811284528571785e-14
92690.949399946 3.00357702328444e-14
93105.92603860522 3.004892673050462e-14
93520.64907904061 3.0166041036475955e-14
93935.1932136724 3.0328015523312893e-14
94349.68984582441 3.047451085885383e-14
94764.8133216361 3.054086989529206e-14
95180.00803757751 3.069593025906526e-14
95594.30150847077 3.0832611968674525e-14
96008.73590575396 3.1010441238463294e-14
96423.71743576764 3.114927025626336e-14
96838.96794732846 3.1318868658723103e-14
97253.65735636713 3.1427280786816275e-14
97667.98450452797 3.1531979481189314e-14
98082.91383517117 3.1762189997130356e-14
98497.2680371693 3.1965467052297253e-14
98911.05415049371 3.205898315987392e-14
99325.7922145995 3.226631242655504e-14
99740.9895639984 3.2453612712886326e-14
100155.88349737044 3.264547046387307e-14
100570.86277023963 3.276787699040166e-14
100986.0089581447 3.3035340312600955e-14
101401.33180949782 3.31883356998371e-14
101815.88902834244 3.3429711974765e-14
102229.96455993268 3.363537938846908e-14
102645.08711416839 3.377637702698718e-14
103059.88943414084 3.410372672337255e-14
103473.86937644494 3.42752750536102e-14
103888.69289797902 3.437922985290273e-14
104303.86437167483 3.478302324384734e-14
104718.50781746124 3.4898541630858925e-14
105132.67420877924 3.5258364878796675e-14
105547.61956400466 3.546147822441095e-14
105963.17733580718 3.585267424186797e-14
106377.54246624089 3.612291754191471e-14
106791.89230048764 3.602387242694396e-14
107206.77944158725 3.60967426572549e-14
107621.3914155751 3.619930875923322e-14
108036.18790968209 3.637752577820413e-14
108450.83420913947 3.637695164500501e-14
108865.2198437775 3.6533103042879046e-14
109280.01641151238 3.656609064929844e-14
109694.9357084601 3.668144966432652e-14
110110.11484721304 3.682228819509526e-14
110524.7235052444 3.688902651895106e-14
110938.7053221829 3.7050285263360875e-14
111353.93757351895 3.714644814246837e-14
111769.47067979763 3.729148231119175e-14
112183.54079438052 3.7420908253273525e-14
112598.13818112107 3.7438340926023355e-14
113013.31512791631 3.750676885949624e-14
113428.07829506075 3.7568805123983746e-14
113842.80177795673 3.769024231687092e-14
114257.09032581176 3.797625380751287e-14
114672.36701776013 3.803055986773645e-14
115086.88465844619 3.814378507768514e-14
115500.72658594078 3.837419314090047e-14
115915.72796642876 3.839875745034554e-14
116330.73373308624 3.859347072383364e-14
116745.45075637299 3.86848625158153e-14
117160.18141169012 3.8784189531342384e-14
117575.15654167728 3.89423513236051e-14
117989.81832381518 3.916487325249219e-14
118404.44173589059 3.929107301038634e-14
118818.99153410252 3.9415211529896514e-14
119233.72369021697 3.959494119495873e-14
119648.48279038507 3.984603816965382e-14
120062.94622013568 3.984645533204498e-14
120477.78897086867 3.995488291733691e-14
120892.65255450891 4.023396195608761e-14
121307.61775449889 4.0384219218522446e-14
121722.53637762895 4.0597458121862995e-14
122137.09052824938 4.065010001913402e-14
122551.86441839128 4.0872359536931774e-14
122966.57413119636 4.117845731829094e-14
123380.99334481612 4.127551633621039e-14
123795.89528534516 4.1571038108143297e-14
124210.89076342146 4.1665534797603955e-14
124625.59822689765 4.192512915523024e-14
125039.76534757392 4.199248162827145e-14
125454.65140930869 4.237779599767467e-14
125869.85724281103 4.280570948981986e-14
126283.97464412721 4.281896046270155e-14
126698.4973237027 4.297616775983652e-14
127113.53833314724 4.322853453331341e-14
127529.03698692164 4.364367954301323e-14
127943.2812879235 4.3797157595096814e-14
128356.98258256997 4.392930511523692e-14
128772.07005956741 4.4210524700251525e-14
129187.33463579425 4.461277727107056e-14
129602.31630850276 4.4856890633224924e-14
130016.8533400616 4.506615444348152e-14
130431.77409218121 4.531114714558613e-14
130847.03652573761 4.5563915322361994e-14
131261.49962413212 4.6049049103686834e-14
131675.77087052306 4.612975958178018e-14
132090.629791714 4.652011258168883e-14
132505.1235965385 4.7068040656976395e-14
132919.28835775997 4.735687900020553e-14
133334.0647118979 4.7536444234627436e-14
133749.44243107637 4.7865977749039794e-14
134164.1820645062 4.8101445404112064e-14
134578.28407716265 4.858511924799875e-14
134993.0626739605 4.903484389443253e-14
135408.3720304734 4.94046089699478e-14
135823.35458972558 4.975429741065521e-14
136237.91837650488 4.9959873260159934e-14
136652.98905679907 5.040139140478734e-14
137068.2982525374 5.1051846934759325e-14
137482.12825530136 5.144230154024373e-14
137895.88061905853 5.164882261764967e-14
138311.37305467948 5.230238526069623e-14
138726.2735734812 5.277708161004592e-14
139140.11441359765 5.3071643905414715e-14
139554.8380697661 5.3558527808813464e-14
139969.497679848 5.391863305501619e-14
140384.207973081 5.471147552176898e-14
140799.12224696108 5.48613941725126e-14
141214.52932218442 5.5453237000582745e-14
141629.6632730015 5.581666985266486e-14
142043.42553295245 5.635568147059611e-14
142458.1078197592 5.687468779383916e-14
142873.29907065284 5.716448878505172e-14
143288.26193317707 5.796499460871727e-14
143702.9128666992 5.840841597111972e-14
144117.27658525584 5.894934649409724e-14
144531.65191159095 5.984893497144519e-14
144946.41200250128 5.977973996967219e-14
145360.87317953445 6.060821817478874e-14
145775.47860388437 6.06213866984435e-14
146191.00492714506 6.154196919014384e-14
146605.66457714885 6.232866544524658e-14
147019.0179533121 6.210154568160458e-14
147434.18631254366 6.276724956948972e-14
147850.0851289302 6.305702804264543e-14
148264.08199519504 6.316785821876305e-14
148678.61862729958 6.396105529407382e-14
149093.06488517043 6.37155315872343e-14
149507.44334503557 6.413223338159766e-14
149921.05026035893 6.39914687503355e-14
150335.95565808754 6.40722785190735e-14
150752.36339421934 6.462987848583687e-14
151166.33744236824 6.50735583117108e-14
151581.0939945969 6.522618478752827e-14
151996.94577694827 6.564340151165018e-14
152411.43629423383 6.56716390121231e-14
152825.52742519902 6.657474598437654e-14
153239.92759444215 6.706775367687791e-14
153655.1715378444 6.7224998035894e-14
154069.6658742216 6.728450296439663e-14
154483.12664760504 6.836501172048844e-14
154898.15846092236 6.840888458494152e-14
155313.7486204102 6.909057019637663e-14
155728.7059042474 6.995730413759936e-14
156142.1700984261 7.059897463442169e-14
156556.1574728256 7.128105055191083e-14
156972.99691091973 7.175291215638802e-14
157387.99291002203 7.22676434016519e-14
157801.4905896568 7.300835991574124e-14
158217.03883733597 7.309348375978117e-14
158633.89758597157 7.413916860989588e-14
159047.72763393313 7.50332394357356e-14
159460.7789693056 7.574591208287052e-14
159877.4822945814 7.639712844545123e-14
160292.4130398482 7.715477701060553e-14
160704.8032196777 7.835725827764762e-14
161120.14604473405 7.870433502090555e-14
161537.88655237443 7.960298830118494e-14
161951.7569937926 8.070870736918676e-14
162363.0388214104 8.121626391793841e-14
162779.48745245874 8.22985375608819e-14
163195.66384750028 8.398009387277536e-14
163608.15522704186 8.41901040336778e-14
164022.06708113928 8.603975411324755e-14
164438.47070055304 8.615205453000887e-14
164855.140347087 8.746866118977809e-14
165267.57691139742 8.933736190610467e-14
165679.8979116096 9.024533968039745e-14
166098.22794436396 9.189090131327217e-14
166514.65011810962 9.255465463639361e-14
166924.89227573908 9.298566802088454e-14
167339.60072457453 9.627865948128076e-14
167759.27492357374 9.663740504761726e-14
168173.83490693566 9.74786965464932e-14
168582.68820012707 1.0101145230700434e-13
168999.05742292182 1.0287915870277174e-13
169420.7140242942 1.0437245280772487e-13
169831.51903665796 1.0336366437190349e-13
170238.4505152748 1.0594766516417569e-13
170658.44858890297 1.0589572430708844e-13
171079.22079518499 1.0898508199849812e-13
171489.06412420914 1.1134403399540622e-13
171900.80263319393 1.145735725801223e-13
172321.74901066886 1.1624229299794003e-13
172734.84054014587 1.1788146464233035e-13
173135.87755904678 1.1780404450003302e-13
173557.59280188615 1.210783263257154e-13
173987.49674639793 1.2356939392471919e-13
174391.4050325279 1.2725637099206944e-13
174788.0866132697 1.2690243860659422e-13
175217.22523394763 1.305440675733055e-13
175655.4641964395 1.3534732363057116e-13
176052.48498078162 1.3977758192934892e-13
176441.64363071017 1.4163123611794428e-13
176879.98445184744 1.3857666367955258e-13
177324.54990252331 1.4451287896432344e-13
177702.86181319068 1.559402444993352e-13
178083.47704379278 1.5287386145470522e-13
178540.72207057968 1.5227995126996935e-13
178998.03717154905 1.5268991011446123e-13
179346.39626316258 1.642954661548626e-13
179721.87766332657 1.7395646948358334e-13
180194.57735111407 1.6953235014165014e-13
180664.37543270527 1.7987991534620718e-13
181022.32369034368 1.8016131266948934e-13
181377.77679022832 1.8038566798354237e-13
181851.03223398695 1.9881722032205982e-13
182323.3890674202 2.0693415143650804e-13
182699.19393976303 1.587461769209973e-13
183025.21336424223 2.3421674461205404e-13
183475.63113671148 2.0118860839402486e-13
183894.11375998403 1.712025556290951e-13
