17.799282449393907 2.1907145038242844e-06
30.158244330131154 3.888119991532637e-07
42.89580372913673 1.2916844760857193e-07
55.67321552978553 3.699080645588933e-08
68.70199571606821 1.789529929399884e-08
80.9577352285149 7.810766283561716e-09
93.5343336715136 5.465911056157507e-09
106.16450203531903 3.0898495230504423e-09
118.9072488188118 2.1065407902060437e-09
131.52449629177582 1.6672608803302848e-09
143.9326581339747 1.4161788750816816e-09
156.55721831376695 1.1698071150260287e-09
169.40797891669078 1.0919204993420633e-09
181.9370924105474 1.0394695547496704e-09
194.41579553660424 9.543380793373321e-10
206.95260779187328 9.818129295852526e-10
219.51528885091182 9.48199928101234e-10
232.10861695601864 9.133190103463208e-10
244.73393330749704 9.199335037022602e-10
257.3634526180588 9.334698027799173e-10
269.90016033281614 9.45388290662657e-10
282.3899117684295 9.174403417134859e-10
295.02671514949367 9.387457576548e-10
307.57301485045366 9.375823939853395e-10
320.13150881022204 8.891272244046005e-10
332.79823373741607 9.041462278284701e-10
345.4391291552885 9.124055035199611e-10
357.9530426754169 9.172466817835114e-10
370.4707381295704 8.914194508859227e-10
382.9613574682314 9.231375276117369e-10
395.5779737303071 9.148713488628142e-10
408.18754708954486 9.242710189978333e-10
420.78786052196915 9.069891749433833e-10
433.3819419644603 9.15119336324917e-10
445.9400562432304 9.019727020010894e-10
458.52400541726837 8.883911893932166e-10
471.0283016733625 8.869442843245043e-10
483.5821167635718 8.960199480344915e-10
496.17130788792383 8.861070499143617e-10
508.6984513745909 8.892036183933135e-10
521.266850376961 9.081239795464223e-10
533.8514741793921 8.964202043569458e-10
546.4846686282311 8.875207860466741e-10
559.1059360168832 8.739939269459306e-10
571.6732584628986 8.964527350940704e-10
584.1752542788623 8.743722294689889e-10
596.6899688879645 8.667522033695714e-10
609.2765278814395 8.820645873221383e-10
621.8558254006394 8.611792277662901e-10
634.4336343236796 8.674557863316606e-10
647.0375135888845 8.815410259171262e-10
659.6336435100791 8.703419267602074e-10
672.2352858914313 8.640442928879594e-10
684.7400751418547 8.727994702208155e-10
697.2956385332539 8.59846602261841e-10
709.8823228822636 8.612093197142542e-10
722.383387084208 8.504243599725485e-10
734.9534179127145 8.50173077454903e-10
747.5295590555182 8.483409633036531e-10
760.1308062950264 8.467201773934821e-10
772.7079722519646 8.471900699892598e-10
785.22803627289 8.455095985371672e-10
797.8529000643869 8.487191111466333e-10
810.4146489153657 8.407839379029668e-10
822.9832955140954 8.470191585521278e-10
835.5628544232982 8.337054367057471e-10
848.0801297450262 8.338569319243141e-10
860.6851380540385 8.198650617455827e-10
873.2717120511252 8.171456700270256e-10
885.7992366441526 8.263957113843795e-10
898.3268837059719 8.156473453578939e-10
910.8828292509464 8.130883767456194e-10
923.5268940602116 8.147719805424772e-10
936.128848404742 8.098255678575313e-10
948.6970485528731 8.073957895306547e-10
961.27122736308 8.04342405723863e-10
973.8038516777394 8.053894360482886e-10
986.3394199199912 7.940363905173195e-10
998.9013494289071 7.932543851045302e-10
1011.4318102670842 7.894979306478634e-10
1023.984799253619 7.968434008766181e-10
1036.6252195536813 7.801944973258432e-10
1049.2179276058198 7.854702959907546e-10
1061.7514616966673 7.787476571033806e-10
1074.3147055893453 7.727670618873408e-10
1086.9159127567582 7.762782617546698e-10
1099.4861304784436 7.723936011005177e-10
1111.9874855003557 7.713022951867183e-10
1124.5709353219315 7.63287017266764e-10
1137.2023074454532 7.515823074441427e-10
1149.7609178844157 7.498305467971975e-10
1162.310042068112 7.518710617437293e-10
1174.8788993321937 7.50921133637746e-10
1187.4352440593798 7.434297457187865e-10
1199.9943909587364 7.392053871742906e-10
1212.5358230248555 7.300082579237363e-10
1225.0939152889068 7.30144933434939e-10
1237.695546608303 7.332911967191339e-10
1250.2621134875799 7.194100470357215e-10
1262.8054900766422 7.208724130239363e-10
1275.400712546411 7.237779243517582e-10
1287.9715566629113 7.152840646295503e-10
1300.5370834332223 7.17070099356604e-10
1313.1172235398076 7.048419765253764e-10
1325.6738564718507 7.040213872488142e-10
1338.2370889924387 7.01437998644442e-10
1350.8140397151212 6.984272689045102e-10
1363.367102918641 6.950747203603538e-10
1375.9185067723397 6.941964349799924e-10
1388.4688634079062 6.895368448362926e-10
1401.0350804869474 6.834170835422725e-10
1413.6249913217434 6.766937099422102e-10
1426.2038019349843 6.7314085486253e-10
1438.7836502342852 6.689299093015787e-10
1451.3667615196225 6.699373630588114e-10
1463.93053654187 6.60093676086893e-10
1476.5015980969845 6.588211985394565e-10
1489.0531684231876 6.546786120955314e-10
1501.5742203885422 6.557623352189268e-10
1514.1516930632092 6.478686816954915e-10
1526.7282467201912 6.439874624415098e-10
1539.2925919724535 6.425524818623821e-10
1551.8789730350827 6.404094260610037e-10
1564.4658283979172 6.319123475968747e-10
1577.062987304048 6.327063392659141e-10
1589.5793133959044 6.266381244714206e-10
1602.098219318471 6.203222032521888e-10
1614.6728123454723 6.193984540252856e-10
1627.245897674773 6.155110759576209e-10
1639.830599792207 6.088336670456765e-10
1652.3905272785578 6.054657311987487e-10
1664.979414016081 5.999312826547685e-10
1677.5918618421556 6.023893972819654e-10
1690.126927940609 5.922587417369639e-10
1702.6565735125293 5.901396912439548e-10
1715.239652780402 5.843687939828332e-10
1727.811695412483 5.833019255029771e-10
1740.3677490975194 5.77750983790013e-10
1752.9282192150536 5.723089290882833e-10
1765.500774679947 5.709434539002922e-10
1778.0665536787737 5.66842606982418e-10
1790.6168494226254 5.629172711987295e-10
1803.191304333419 5.577111423155387e-10
1815.7666656189658 5.543133674842027e-10
1828.3488212639727 5.507681079167046e-10
1840.9261635435228 5.471597377815356e-10
1853.4868830529422 5.430260913058364e-10
1866.0648394709856 5.414173297807481e-10
1878.6531571147755 5.339580850159301e-10
1891.1949620796393 5.303351811129741e-10
1903.7320037090342 5.279816738856994e-10
1916.2826511063677 5.228006230644932e-10
1928.8701890218213 5.212172602042809e-10
1941.4711267136497 5.16097989156925e-10
1954.0161536900057 5.121725409141186e-10
1966.5646650726826 5.081409922998826e-10
1979.1139383933348 5.037735597207778e-10
1991.6912603842213 4.988260326398772e-10
2004.2724214876746 4.966899848977108e-10
2016.8096506702707 4.926747595156086e-10
2029.388299672487 4.908677655090014e-10
2041.9851108745945 4.880963635367544e-10
2054.5479608747887 4.825496054743621e-10
2067.1183637920344 4.774117725914516e-10
2079.69511478519 4.734675728998255e-10
2092.25394988661 4.703895327888827e-10
2104.806873622057 4.671038968451136e-10
2117.3614093032174 4.6228330195573755e-10
2129.928666131578 4.588352288389419e-10
2142.5135548816706 4.5621105258317974e-10
2155.088097602156 4.5241430864100673e-10
2167.649640376087 4.4855593081061225e-10
2180.216047885633 4.4436006477132673e-10
2192.779331913286 4.413685690188364e-10
2205.362264117683 4.3727192606164116e-10
2217.92609518976 4.353193496309775e-10
2230.4508569275185 4.313890129314062e-10
2243.0042552295354 4.278918294965317e-10
2255.585147649584 4.2368386593164554e-10
2268.179105336766 4.2041778510416777e-10
2280.7280993008117 4.1722507591013225e-10
2293.278360641959 4.1367238861504315e-10
2305.8848259833 4.0990348879563463e-10
2318.4578135021575 4.064567763904399e-10
2331.017443774536 4.0285870719010244e-10
2343.5861525124205 4.009476622363089e-10
2356.174872739318 3.963876248237516e-10
2368.7353085030536 3.937305502909784e-10
2381.2692845985334 3.896831196033601e-10
2393.8244176688013 3.8504958290310386e-10
2406.4031547082923 3.8414884646368243e-10
2418.9736888834113 3.802403392230173e-10
2431.52780414962 3.7721575019823586e-10
2444.0995103422933 3.735969370605169e-10
2456.681233242974 3.706588364506721e-10
2469.2659731538656 3.6698871696563183e-10
2481.804494353713 3.65594616459864e-10
2494.349678289375 3.6045469698073915e-10
2506.9309198668843 3.5791043689478895e-10
2519.499903784357 3.553601069275428e-10
2532.064286254508 3.5214333395912695e-10
2544.6325769440127 3.48643323117483e-10
2557.208310117243 3.4542736622653996e-10
2569.7731778671878 3.4300177797250967e-10
2582.350840133166 3.398223194844578e-10
2594.9314527475444 3.370672130422618e-10
2607.4836540238884 3.342065351024584e-10
2620.0346458455233 3.309801494042795e-10
2632.6028953257733 3.2805101530902226e-10
2645.173520726606 3.25131222702217e-10
2657.730984905749 3.2401940700247256e-10
2670.289609909111 3.199150445914443e-10
2682.8810325445497 3.1756780977528097e-10
2695.4617368341887 3.1500816753324396e-10
2708.003179989755 3.129342865436376e-10
2720.565218595557 3.088019103738812e-10
2733.1313729151952 3.067621054819937e-10
2745.702996964865 3.0409894494771605e-10
2758.2707458588034 3.010723279466579e-10
2770.8191342981145 2.9902947840450365e-10
2783.3972824385987 2.9676486582479536e-10
2795.9689028789417 2.937370080766065e-10
2808.5357668183638 2.918033703476318e-10
2821.1095589697384 2.888690063202313e-10
2833.6756670949308 2.868980557929365e-10
2846.236354374274 2.8388732255002727e-10
2858.79560232848 2.824408234696954e-10
2871.373843645574 2.803420008227658e-10
2883.954243538599 2.772793265445756e-10
2896.5073357066644 2.7509874975515767e-10
2909.064697944345 2.7246972235200947e-10
2921.6386383037598 2.7012681236735347e-10
2934.2207288040527 2.6859788345285603e-10
2946.785817897924 2.6653065772123684e-10
2959.3399304871978 2.6345193996149894e-10
2971.912289205687 2.621440967985696e-10
2984.46722152623 2.599472248504601e-10
2997.00494075996 2.575517314352177e-10
3009.571504102365 2.548920507193541e-10
3022.151983789152 2.532372492919039e-10
3034.723269970324 2.518373611715636e-10
3047.297141938261 2.4961169947143397e-10
3059.876071431784 2.4780066115210073e-10
3072.460353827784 2.452420541816039e-10
3085.0214375587766 2.4445161048674224e-10
3097.56792616596 2.4240085885123784e-10
3110.1461395593024 2.4043727934514125e-10
3122.7146498544676 2.381213595710877e-10
3135.258242106282 2.3735483694189975e-10
3147.827394808765 2.3586048795142555e-10
3160.407090461748 2.3440998778494544e-10
3172.9707868690757 2.3193464174645616e-10
3185.520028526011 2.3014209495071753e-10
3198.0928727893415 2.2811623771108426e-10
3210.684273274958 2.2670911565875697e-10
3223.239536727099 2.253717148291816e-10
3235.794336704776 2.2298640358494283e-10
3248.365417080094 2.200116199666495e-10
3260.9281598919256 2.1770487967455707e-10
3273.4964936633673 2.1562383197285882e-10
3286.0602765369263 2.122632568824584e-10
3298.616161266458 2.1028806755282355e-10
3311.184497268825 2.0824083816527736e-10
3323.7565519663412 2.0552508929901916e-10
3336.336479870555 2.0309081408153365e-10
3348.8991222089053 2.0127055230635105e-10
3361.442771262142 1.9847938592355315e-10
3374.0243084776243 1.9664878681672396e-10
3386.614961597868 1.9402270199141323e-10
3399.16128606973 1.9230749391482161e-10
3411.723586887969 1.901189133262541e-10
3424.3034483758647 1.8819156074455568e-10
3436.8707723403413 1.8533806297732667e-10
3449.4368938720895 1.8308312193038974e-10
3461.9898368720965 1.8100033122557659e-10
3474.572720638132 1.7896045215085975e-10
3487.1326051509195 1.7707889295804974e-10
3499.6720155540056 1.7507079691607804e-10
3512.2465573827917 1.7302821648123316e-10
3524.8212321125134 1.7141895989400715e-10
3537.387157918102 1.6923413428498516e-10
3549.9534967742106 1.6688825798924727e-10
3562.5272432128218 1.651339444994982e-10
3575.0914952116 1.6331502798713143e-10
3587.654584597485 1.6138356499739353e-10
3600.2154434833064 1.5923765564498887e-10
3612.781827813574 1.578376817290614e-10
3625.349028548668 1.561188410768397e-10
3637.907270470111 1.5460643765692094e-10
3650.477005817321 1.5252162854771544e-10
3663.04737240162 1.509020267698677e-10
3675.6208179613163 1.4928681259132604e-10
3688.192852242157 1.471719722541737e-10
3700.7538430059562 1.4582266749369444e-10
3713.3214918772564 1.4404373173332652e-10
3725.88719617525 1.4212645433354097e-10
3738.4440983479285 1.409284862842151e-10
3751.0156271459587 1.3873794672314732e-10
3763.58999013167 1.3752725120960706e-10
3776.155626274999 1.3661571831748928e-10
3788.70489003149 1.3423214240372054e-10
3801.275937702054 1.3301370577129895e-10
3813.8566744571744 1.3109155269436407e-10
3826.404431717055 1.2962728285860799e-10
3838.9644689081924 1.284692778415608e-10
3851.5402114943618 1.2690859421202286e-10
3864.1298207037257 1.2575493689766453e-10
3876.681423024082 1.240201147933259e-10
3889.2165722518703 1.2293056925106167e-10
3901.7937228048927 1.2182535674068778e-10
3914.376239464566 1.203371489179138e-10
3926.950184147634 1.1862742844083166e-10
3939.510656203867 1.175486958607755e-10
3952.082754993091 1.1650890603371872e-10
3964.66520672985 1.1467666959867797e-10
3977.223438611204 1.1361063867759532e-10
3989.775857376849 1.126200087280819e-10
4002.346082688934 1.111780198538476e-10
4014.9052449751166 1.1049134934448534e-10
4027.454437240128 1.0882979454843221e-10
4040.0221607705066 1.0739961045344932e-10
4052.608105661614 1.0637160108062412e-10
4065.1747165545376 1.0560023734732938e-10
4077.7220075380287 1.0408731290158291e-10
4090.2897990210035 1.0287220108968522e-10
4102.873672523345 1.0235613558698306e-10
4115.447644068685 1.0101565895541646e-10
4128.008926808098 9.993803323539774e-11
4140.585568421012 9.890158914752985e-11
4153.1694370518835 9.792293359273381e-11
4165.708486135632 9.732719462682923e-11
4178.245182757474 9.567534020818161e-11
4190.834603556789 9.498740229143973e-11
4203.40608927648 9.410518698946648e-11
4215.94546673201 9.288916436722602e-11
4228.511593513913 9.220167075568621e-11
4241.075779699394 9.111991585357765e-11
4253.641501584355 9.02014199213203e-11
4266.2134040829205 8.911618673802712e-11
4278.800238462189 8.84556105770842e-11
4291.378797171946 8.764466479555505e-11
4303.915793648459 8.646964571025514e-11
4316.4806669387035 8.575789760849572e-11
4329.060961840782 8.432774848538156e-11
4341.6343365752655 8.39467822883957e-11
4354.198259860986 8.276398810414326e-11
4366.7534805332525 8.238293909118489e-11
4379.309052921206 8.095067556241605e-11
4391.876283675789 8.016374474142768e-11
4404.434457339895 7.956566593316693e-11
4416.997001697697 7.863068439662024e-11
4429.587449292495 7.790089107107758e-11
4442.151636687611 7.641797516171561e-11
4454.676243985357 7.566911751281935e-11
4467.255845270074 7.545808909149589e-11
4479.8575794065855 7.403743247861024e-11
4492.40168445441 7.30704010510398e-11
4504.962144407178 7.16825498435249e-11
4517.519866020664 7.076175725432685e-11
4530.0755333545785 6.957817008171346e-11
4542.6078228888755 6.828767897095531e-11
4555.1794564400525 6.699564194960674e-11
4567.796610844846 6.622489098783357e-11
4580.340024503758 6.502894094983567e-11
4592.907148036285 6.42042643436974e-11
4605.507457041533 6.298982959209501e-11
4618.066519715286 6.248076896024783e-11
4630.61348098353 6.165237973504838e-11
4643.169806111598 6.061752771592259e-11
4655.7516975966855 6.019837368810338e-11
4668.310875988915 5.91999758870022e-11
4680.838737422433 5.850345133949873e-11
4693.4142013659475 5.7692086358272104e-11
4706.006583198429 5.6766157585727e-11
4718.579788898697 5.588583707507339e-11
4731.107753982311 5.5105566874942684e-11
4743.651571426617 5.422764147474242e-11
4756.281806400868 5.3581581627449064e-11
4768.856185173669 5.3219341700046687e-11
4781.385164866601 5.2674273641298145e-11
4793.976276771281 5.208280800034083e-11
4806.607096854939 5.1559558330741516e-11
4819.146147308174 5.08246872645144e-11
4831.661602769959 5.029007388527629e-11
4844.287713525817 4.9785236695566264e-11
4856.860115107401 4.8762066337818745e-11
4869.355537556235 4.8495564940681185e-11
4881.940425155442 4.737192259320177e-11
4894.597962536946 4.738824939809203e-11
4907.1382369119165 4.686503387819101e-11
4919.600076288735 4.634035258883257e-11
4932.2184698095 4.5684870649040874e-11
4944.828614579259 4.57819618913716e-11
4957.327103379369 4.4520947418684307e-11
4969.86863255852 4.501557956548739e-11
4982.485662226757 4.394050368446496e-11
4995.110752516737 4.336910025122254e-11
5007.607580415342 4.319406351953298e-11
5020.10090672177 4.299934581424034e-11
5032.776306714229 4.230470776584821e-11
5045.393898578722 4.174520980107632e-11
5057.824235954894 4.146354916740576e-11
5070.389901954609 4.1103540061749305e-11
5083.106030184285 4.07926869663495e-11
5095.667197680151 4.059108534979706e-11
5108.05545246385 3.9853977897887015e-11
5120.671439914531 4.0663344708966224e-11
5133.447634936114 4.0054804585362136e-11
5145.895026810736 3.9393151082317333e-11
5158.2250506128275 3.871964891498543e-11
5170.95099224376 3.841462940602862e-11
5183.700390094105 3.835965427752387e-11
5196.118642963537 3.845980147993562e-11
5208.594319785777 3.742283676247469e-11
5221.348995023267 3.8577741962322485e-11
5233.86566836642 3.7628784791390174e-11
5246.017090039119 3.681713273430221e-11
5258.795061897151 3.7523079542853585e-11
5271.8211514158575 3.6363115351955366e-11
5284.059572485596 3.631478637786132e-11
5296.079024382072 3.6504140087974983e-11
5309.081924588613 3.6138861742144926e-11
5322.3605651521175 3.667827265628655e-11
5334.390294917684 3.6490178377666286e-11
5346.181802010518 3.614230058275896e-11
5359.463528890978 3.542110461641667e-11
5372.933862046457 3.5619642585708926e-11
5384.396712939678 3.5392145606480687e-11
5395.929354426921 3.478035663161007e-11
5409.783878738565 3.5736400384292073e-11
5423.640526297936 3.515771681221256e-11
5434.195806773826 3.537647806538358e-11
5445.572893198795 3.587020639901587e-11
5459.895693738757 3.632118740622032e-11
5474.13057561097 3.4002423762495485e-11
5484.976407817414 3.465172702281243e-11
5495.746636743918 3.563951725374868e-11
5510.086276689804 3.588946632735818e-11
5524.398688742833 3.006953450687799e-11
5535.78557637482 3.249253290397495e-11
5545.66396493654 3.838523689667405e-11
5559.311623442359 2.455955134043402e-11
5571.991646927517 7.092936337853393e-11
