0.07119712979757563 35.788227674893896
0.12063297732052462 27.692800210142696
0.17158321491654693 19.28108262292215
0.22269286211914213 18.172615021215602
0.2748079828642729 16.61390411818463
0.3238309409140597 11.219748260733349
0.37413733468605437 9.845671051600302
0.42465800814127613 7.269631011037747
0.4756289952752472 7.367286076242393
0.5260979851671034 6.104851724491127
0.575730632535899 5.420596690800149
0.6262288732550678 4.402967884395064
0.6776319156667632 3.8894739229224045
0.7277483696421896 3.5423651449021154
0.777663182146417 3.5904590824759
0.8278104311674932 2.799444435576533
0.8780611554036474 2.5354967587625645
0.9284344678240747 2.3056296868906854
0.9789357332299883 2.13843569409081
1.0294538104722353 1.941975225501152
1.0796006413312647 1.7331108554315615
1.1295596470737181 1.6020284515792207
1.1801068605979748 1.450801813517326
1.2302920594018147 1.366074697922291
1.2805260352408883 1.2710147610358056
1.3311929349496645 1.2138819749741736
1.3817565166211543 1.1178554833936272
1.4318121707016678 1.0352689527507413
1.4818829525182817 0.9987138044359346
1.5318454298729258 0.9069973557980328
1.5823118949212285 0.8681929896234247
1.6327501883581794 0.8177301237821466
1.6831514420878768 0.7561690635018675
1.7335277678578414 0.7158132489215921
1.7837602249729216 0.6787517931945647
1.8340960216690736 0.6365608850992066
1.8841132066934498 0.5983422662301964
1.9343284670542873 0.5785071948464869
1.9846852315516954 0.5495745340051902
2.0347938054983636 0.5283546173851672
2.0850674015078443 0.49390766208507636
2.1354058967175686 0.4701173456981389
2.185938674512925 0.4562038093936188
2.2364237440675327 0.4277624037242295
2.2866930338515945 0.41619191678798695
2.336701017115449 0.3987222718397983
2.386759875551858 0.3802891233479729
2.437106111525758 0.3581766306581661
2.4874233016025578 0.34573905740244704
2.5377345372947184 0.3350417545013548
2.5881500543555385 0.31898577742291845
2.6385345740403165 0.3083838631777737
2.6889411435657253 0.29379168226193114
2.738960300567419 0.2847673485953604
2.7891825541330157 0.27196401675713205
2.8395292915290544 0.26381958360913144
2.8895335483368325 0.25425105758313954
2.939813671650858 0.24254153711942386
2.990118236222073 0.23579805462927728
3.040523225180106 0.22672244773055727
3.090831889007859 0.21775245161023524
3.14091214509156 0.21084912187036445
3.1914116002575477 0.20483657211861456
3.241658595661463 0.19704291411986796
3.2919331820563817 0.19064356933003043
3.342251417693193 0.18418723110653956
3.392320518980105 0.17711523954843186
3.442740552216154 0.17224230102421156
3.4930868482045008 0.16701182872998915
3.543196946576611 0.16112970646096958
3.5933075348238877 0.1568546308601168
3.643531317003786 0.1517010234577868
3.694107576240847 0.14688295892799258
3.7445153936189683 0.14186771703847678
3.7947881942114927 0.1381104337138092
3.84508490945232 0.13477542390171793
3.895215406710958 0.1318905694266959
3.9453576796799648 0.1269097831069638
3.9956053977156287 0.12248756752740475
4.045727241068337 0.12133263629895476
4.095939197014476 0.11607689342081051
4.1465008782147255 0.11393023909603907
4.19687171042328 0.109960191880363
4.24700584678667 0.10600983491478766
4.2972588223573815 0.10386358939270733
4.347663651027033 0.10171284824671992
4.397944521913774 0.09865958152041106
4.447949942001423 0.09623414901322384
4.498283741287726 0.09390893738396651
4.548809229781813 0.09083329326300751
4.599043671537664 0.08902265154919381
4.649240168272448 0.086708077184502
4.699515597328775 0.08447242725229454
4.749740976237519 0.0821615083064291
4.799977563834946 0.08019896188393898
4.850143292099422 0.07874389975064683
4.9003756611556275 0.07700043433108361
4.950782186433212 0.07528602244668597
5.001048453950319 0.07298904555877062
5.0512219603065684 0.0716157886534853
5.101602850185644 0.06988030498943615
5.151886226651645 0.06822044931479211
5.2021483337328895 0.06639670073272731
5.252468894159231 0.06532959392208405
5.3026954258874035 0.06366699818662723
5.3529483559697555 0.06221065768765393
5.403256158860485 0.06128656626416312
5.453468411674564 0.05994629250519611
5.5036740270893585 0.05812803395641691
5.553875453631625 0.05717101554443039
5.60414032194779 0.055927787949389816
5.654499965286973 0.05473077732628605
5.704815207739937 0.0537850428457284
5.755134600937142 0.05248714648858854
5.8054670460784905 0.05153299288224419
5.85572214616748 0.050437818125604716
5.906006392387939 0.04959366553692554
5.95621267369275 0.04848194670260981
6.00629688155417 0.04759614237117789
6.056606772252837 0.04647927825172602
6.106912986880766 0.045918586291012926
6.1571703678898135 0.044804115025451174
6.207515892140331 0.044050527082866935
6.2578633135916695 0.04342382398984203
6.308251949216192 0.04249359316100778
6.358317253583618 0.04171518955970249
6.408392877273884 0.04088319866089169
6.458691249381889 0.04020582999453244
6.508983590699093 0.03929459229291448
6.559322399168829 0.03884441940372958
6.609562109114232 0.0382816436229645
6.659917656064325 0.03750854703878507
6.710367447368623 0.03675717799168147
6.760507711762436 0.03607255427366314
6.8106262940501185 0.03571170723844732
6.860958611121608 0.03491670200171495
6.911246781649933 0.034420239913433494
6.961470996390078 0.03380330771955623
7.011712876860215 0.033363925134396885
7.062003098719789 0.03279714672513457
7.1122662147150955 0.03219642454983431
7.162467397690502 0.03161234818743299
7.2127652173336765 0.031336137293931
7.263066662475864 0.03085284917648406
7.313395285055891 0.030085188528581445
7.363704654174092 0.029842880113626433
7.413947532211769 0.02934222040959046
7.464259357883943 0.02886350712014555
7.514612628459103 0.028523621967403188
7.564779848318557 0.028138565290982166
7.614928014836138 0.027702982632078408
7.665130604425471 0.027268844477996303
7.715480756087286 0.026892948771772607
7.7658845068546 0.026548564584412668
7.816064614760023 0.02635346417642615
7.866258660290731 0.025767305629543314
7.91645575357334 0.025416953730591878
7.966765041536886 0.02515720632177635
8.0170896859507 0.024755951831268344
8.067238602681083 0.024442363854620702
8.117553198689947 0.024129404313709104
8.167940443498377 0.02390699792952203
8.218191843499156 0.02353754839388232
8.268473455168138 0.023196017061048096
8.31878045914076 0.022905948761840742
8.36901579954644 0.022700097720000315
8.41922749448823 0.022265235001611056
8.46944563721287 0.022011684259085517
8.519714664526314 0.02178334663245026
8.570054219526684 0.02144085372861263
8.620352390408625 0.021195970287386352
8.670598561504349 0.021090624460055413
8.720864191542534 0.02073994100440211
8.771117327653146 0.020534877388210884
8.821449056470732 0.020259714694086203
8.87170438075904 0.020084754743661223
8.921803427710074 0.019813456600437134
8.972017020918143 0.01961988836908636
9.022340590598336 0.019356860673273316
9.072716421347064 0.019116406098586763
9.122912397203248 0.018863012382952533
9.173113442567836 0.01868835893511862
9.2235393039332 0.018478508784110885
9.27383125400863 0.01831140348522369
9.324069775098145 0.01809390224820697
9.374344610049683 0.017886120618993036
9.424699490957272 0.017676905096648352
9.474941234012215 0.01753338616015334
9.525077138394133 0.017301748537230013
9.575297670675207 0.017138084489145555
9.62561261883317 0.017004304132529704
9.675894755533646 0.016823698497052272
9.726111216598479 0.016616510328088443
9.776398041369173 0.016412836018088312
9.826724932971896 0.016356524916199322
9.877063892615462 0.016132290574218725
9.927217977414852 0.01593263863753959
9.9773987131575 0.01582840732347938
10.027723679467538 0.01564515028122821
10.077999615137427 0.015546009679657713
10.128257145018031 0.015388002606120608
10.178530307776052 0.015255022248803473
10.22883324046897 0.015064855199084673
10.279092711468751 0.015022263521182145
10.329403360532666 0.014811218063880898
10.379725810990179 0.014765452459580448
10.429934616095554 0.014548264255144033
10.480138583382095 0.014422923471256212
10.530411581303094 0.014331875554380999
10.580694082906426 0.014189233404051371
10.630923939622997 0.01410952802405238
10.681158439636445 0.014022272064391718
10.731524130178201 0.013929799168589984
10.781846947336756 0.013771673998633964
10.832012719959021 0.013642025950172118
10.882260874382228 0.013544118615999365
10.932525491660783 0.01347839641312983
10.982811987859462 0.013352931257527739
11.033082983435214 0.01326901709498083
11.083276537192457 0.013155969521967598
11.133589129754395 0.013083108257698763
11.183875611515766 0.013019751869850764
11.234143067273456 0.012918405371956434
11.284438235878953 0.01281572101913902
11.334702668379723 0.012735288783776966
11.384945417497097 0.01268076289731351
11.43518240931392 0.012605481616325015
11.485495374582298 0.012539236043010691
11.535816974154397 0.012431722417898899
11.58602934282666 0.012336284187899203
11.636258791777381 0.012320747614125523
11.68655455321504 0.012249580729485579
11.736882915216212 0.012198166822435375
11.787143271591697 0.012140986937709843
11.837359721948792 0.012103403168220825
11.887649156822748 0.01202590104635089
11.937868886104921 0.011976980728804326
11.98801976303984 0.011944746559514724
12.038286016409462 0.011940417764715505
12.088607935156608 0.011885625939057815
12.138893079881298 0.011793908477571328
12.189188567753044 0.011820834599329385
12.239504285727138 0.011787586185444985
12.289841415311136 0.011726038599667934
12.340085750235106 0.011712965932346393
12.390271704663842 0.01168905472246024
12.44058455823721 0.011714038883045568
12.490858599417871 0.011707470728991018
12.541032968425128 0.011690606699620939
12.59130957923506 0.011668994144269109
12.641628361846992 0.01168979327416133
12.691883147476304 0.011702917187884963
12.742080114104047 0.011667273404259174
12.792371491157366 0.011717022431341857
12.842737093099831 0.011699445305673718
12.892958146908398 0.01168210006192327
12.943177346819104 0.011511786887353253
12.993461668320377 0.011391288139925307
13.043712639567703 0.011318226992838092
13.09398597465347 0.011206583016387647
13.144241106147705 0.011085414277168977
13.194464645065834 0.011009979583561718
13.244737989075302 0.010911801418949525
13.295026207865366 0.010837778979714177
13.345345919482222 0.010714130764783706
13.395596488835622 0.010699770464342404
13.445771085048568 0.010615604686861286
13.496097233910499 0.010514766940771747
13.546459846391473 0.01042374627370284
13.59664514427892 0.010375546482837715
13.646894347551875 0.01029501146506366
13.69721379350346 0.010246591495055846
13.747483089361365 0.010222486134846602
13.797747575488359 0.010141809512693088
13.847959347488388 0.010106336397606592
13.898290882552528 0.010021997674825124
13.94853042060368 0.00997010373441751
13.998688062216024 0.009942603667688704
14.048986229531167 0.009856570138225336
14.099284928450054 0.009795193589833934
14.149548631672408 0.009799559722329014
14.199813987096844 0.00972168672580022
14.250108972851288 0.009690885861266069
14.3003659808464 0.009669293391425022
14.35061833838994 0.009623092100584412
14.400861773933228 0.009599257095537802
14.451127311254298 0.009568272856503865
14.501396114194671 0.009497562716668564
14.551629081880446 0.009511715327131257
14.601908023269283 0.009465395829687796
14.652189489606481 0.009441120968046307
14.702483271845267 0.00943270534550338
14.75277140896863 0.009369846141964138
14.803015372023825 0.009350063932715133
14.853285967509025 0.009329745659634065
14.903548784701002 0.009290708274031972
14.953776393391715 0.009284397283975818
15.004062508583836 0.009238913511556866
15.054359960526682 0.009232332844580363
15.104622505099998 0.009236380864912295
15.15481956012596 0.009211205179401136
15.205103750808215 0.009215146796670565
15.2554266978287 0.009173367336582158
15.30561772686822 0.009161210621896888
15.35585787563277 0.009159986182917261
15.406160845977448 0.009104697122499856
15.456519282814904 0.00914042300392911
15.50672569209633 0.009104328927105627
15.556866289007482 0.009113867497602858
15.607174891219572 0.009114667497960605
15.657504957858265 0.009120355911942305
15.707800736590537 0.009094952106995251
15.758042624815468 0.009082037599956433
15.808331019972366 0.009134802075291803
15.858660826919401 0.009122478685023852
15.908893754444817 0.009127972164652259
15.959103429507397 0.009129413952879462
16.009384330755736 0.009109813401188608
16.05962097990047 0.009141630554683287
16.109817748960513 0.009156551111909736
16.160088643082027 0.009143568842445448
16.21043242264646 0.009143089823444063
16.260698866218153 0.009167215118335134
16.310888030152114 0.009174955615120528
16.361159196084014 0.009197640175576612
16.41149469009338 0.00921203184271629
16.46179057627474 0.009246685499357041
16.512035707232393 0.00927554551590266
16.56234227368405 0.009262855998732783
16.61267774820754 0.009281912538535183
16.662833944542527 0.009360592398844503
16.712980731029898 0.009376639365503182
16.763338414227157 0.009400708677551405
16.813624357105923 0.009424090349382451
16.863781866928036 0.00944098841518453
16.91404637405565 0.009468499094540053
16.964303118797577 0.009495284947927585
17.01456600633742 0.009560335498244425
17.064853616331686 0.009564973754671455
17.115200953848756 0.009604267084456516
17.165515188687785 0.009650579924044956
17.21566317459384 0.009686706192904633
17.265922667754815 0.009714725536138837
17.316243847363125 0.009726474310220926
17.36653734630106 0.009820229730571867
17.416793039443945 0.009806458346758314
17.46701392213301 0.009798463852560132
17.517236211684825 0.009859982735243961
17.567505134703158 0.00982422331810972
17.61773782935958 0.00993112933644357
17.66798800679079 0.009977477220943188
17.71834979716998 0.00997889447273212
17.768606546750444 0.009989059808654702
17.818704975941433 0.009993064202268349
17.869023381080297 0.010055075753139747
17.919430317626343 0.009947972620889473
17.969606737817642 0.009976911144032208
18.019848577628714 0.009937495217437869
18.07007946408266 0.009889463159277755
18.120302133418313 0.009931520800585108
18.170431291555506 0.009844118630655143
18.22071782576021 0.009671695029971578
18.271186443379385 0.009637438679758862
18.321360098015035 0.009639068911223016
18.371628592145143 0.009653581245797663
18.42202982816613 0.009598123287622459
18.472266078861143 0.009572058650285736
18.522453923934123 0.009646152239030916
18.572679224446393 0.009617668639789991
18.623006790386743 0.009602206991134817
18.67324350395566 0.009668679808283908
18.723354949689732 0.009659592083257701
18.77365680546379 0.009671038726256062
18.824026332793718 0.009695679563180673
18.87431915559479 0.009736999983167034
18.924431015929244 0.009831455066210758
18.974606285706468 0.00979027569424191
19.025127225603473 0.009844848014813924
19.075424740694675 0.009902714074778843
19.12554065946641 0.009890858614046084
19.175905107085125 0.009962676701748784
19.22642838741976 0.010062099385947421
19.276584589232698 0.010048814763179027
19.32664641107984 0.010152375896908084
19.37715085410327 0.01013948760701406
19.427440460429604 0.01032452005401976
19.47742215022494 0.010242414852678232
19.52776170062177 0.010227102520438224
19.578391850147785 0.010432069943055063
19.628552947647666 0.010581181691114949
19.67840030515494 0.010679023301292988
19.728873879238 0.01063481791041299
19.779314458317035 0.010603871292839906
19.829308413517477 0.010804869373513007
19.879474530234084 0.010904316420110445
19.92994264890703 0.011015718995715507
19.98044301006695 0.011053764623288548
20.03043032166137 0.011330945485939744
20.080403626887083 0.011329189843873195
20.131105226856917 0.011351639175968303
20.18157559431489 0.011567512521015002
20.23129694381958 0.011699899261244637
20.281559607818437 0.011837440322134072
20.33242412073714 0.01191165154281314
20.382668790720608 0.012083404956549543
20.432221809855402 0.012306708270503413
20.48268575965813 0.012450437714213647
20.53379053974446 0.012665215829591615
20.58358010724295 0.012817946362942041
20.63290020245131 0.012918958556632543
20.68380396897504 0.013180615201764273
20.73480156037642 0.013502260168075543
20.78447457185415 0.013694104706226512
20.83437727914311 0.013734437073707384
20.88539598009307 0.013963954495977681
20.935462673465683 0.01430067661763708
20.984068360156474 0.014219406009564785
21.035180247588606 0.015178852088411186
21.08728460566343 0.015115546340638894
21.136238289942384 0.015331538684343645
21.18431609752829 0.015851933407605913
21.236327698354454 0.016175120999728544
21.28944226060847 0.0167217990908403
21.337561179670733 0.016342382668242714
21.384727208042076 0.016430419865438493
21.437854115563912 0.017005985917627156
21.49173544818583 0.0179657236478691
21.53758685175871 0.017906977137254743
21.58371741770769 0.01847877265726674
21.639135514954262 0.019341380803842238
21.694562105191746 0.01982874610581724
21.736783227095305 0.02028959100768724
21.78229157279518 0.02038111141954852
21.839582774955026 0.021163648598757696
21.89652230244388 0.02222730103691774
21.939905631269657 0.021026205023564067
21.982986546975678 0.021665286692128836
22.04034510675922 0.02105681185576068
22.097594754971333 0.023101707501341277
22.143142305499282 0.026872058026023462
22.182655859746163 0.03146745807904643
22.237246493769437 0.026603670407107444
22.28796658771007 0.03280538171750706
