0.01783209187197508 33.741132639552546
0.030213835030787024 26.16851620524127
0.04297487357678422 18.49750247874746
0.05577583798436833 17.494569600524166
0.06882863412500559 15.822718930951549
0.08110696464570512 10.808741399909689
0.0937067455363178 9.27433803787201
0.10636019509318806 7.027538186676263
0.1191264305855798 7.019867552930568
0.13176693543452675 5.813622244101106
0.14419796924510378 5.102662349095701
0.15684580028039358 4.15940621668746
0.16972024869412158 3.541843787250729
0.18227245710657144 3.2548951454698063
0.19477416222977575 3.245291867283161
0.20733408359476724 2.6308066831857206
0.21991992144750183 2.2958245870747436
0.23253646283801377 2.0960493715983692
0.24518505143884123 1.918625433743388
0.25783785074606774 1.7685295035829394
0.270397667377848 1.5755498431742687
0.2829104411759611 1.4228820686609909
0.2955705379804193 1.29264015632967
0.3081399642793132 1.1592754718161131
0.32072160731469634 1.1100827787491718
0.33341168081967926 1.0374949105307447
0.3460758772037984 0.9622388157985439
0.358612857624404 0.8832715951408061
0.3711536269502748 0.8348620229602375
0.38366727025124153 0.7580383428614357
0.3963071427257889 0.7154739663422575
0.40893995931531346 0.6570391958412936
0.4215634989091988 0.6142436203173345
0.43418079502572204 0.5630443066951514
0.4467620576802408 0.5455034565456842
0.45936920285149746 0.5099163410498715
0.47189654828056316 0.47682049459693193
0.4844735038218256 0.4444887212616087
0.49708590060588487 0.4169049109802583
0.5096361353798303 0.3944456321185906
0.5222277017157831 0.3719990634990434
0.5348355227589757 0.35099272103876317
0.547492003978863 0.3303940248404145
0.5601365361534097 0.30898369617410243
0.5727270239485912 0.29410490077874835
0.5852520646971244 0.28350789215855887
0.5977898476833514 0.26920707480977235
0.610399607484726 0.24874406590330025
0.623002092426748 0.24034550697605037
0.6356030860286804 0.22751120286706406
0.648230198028247 0.2158535836096971
0.660849546399435 0.20811929006925645
0.6734744173919002 0.19255556751580163
0.6860022567240318 0.1842446391765845
0.6985809637891282 0.17334429210029673
0.7111908491771053 0.16542693280090134
0.723714956594375 0.15910537327933655
0.7363081577644097 0.14950279412813539
0.7489074805118859 0.14339891780643188
0.761531955634142 0.13653444286848468
0.7741323050847929 0.1304242829315581
0.7866754473434153 0.12344497640622278
0.7993235825500573 0.11749243704472241
0.8119084864763928 0.1134270158387225
0.8245003008650996 0.10728242556186458
0.8371030476789447 0.10290236795342615
0.8496433960979598 0.09904076991541236
0.8622716392225005 0.09368009513854808
0.874881414055143 0.08978763704953657
0.8874320306379424 0.08535733613209935
0.8999827699152803 0.0813564956690196
0.9125618598383759 0.07840547114981782
0.9252292314560279 0.07469040056862275
0.9378544149867131 0.07121148752625148
0.9504457821018787 0.0675715477152534
0.9630431388995897 0.0650958136650707
0.9755988646043394 0.06227680975511516
0.9881575396632241 0.059711643752406
1.0007426245805036 0.057443912849683525
1.013296182820834 0.05481383391779045
1.0258723107356649 0.05202448035584758
1.038536031126189 0.0500452130470908
1.051151951320789 0.04821008521901221
1.0637085884787174 0.04571314262155568
1.0762949902025627 0.04412102612270298
1.0889194251788588 0.04193498462461862
1.1015128135865726 0.040254384130178726
1.1140372123598785 0.03876823092390168
1.1266438572582165 0.03671057975670912
1.1392985127936937 0.03534210389351557
1.151880272522977 0.033772530926325144
1.1644525285109768 0.032387683282782284
1.1770445539533552 0.031027210561682634
1.1896240437944752 0.02996122920583042
1.2022063409730102 0.02860001138478808
1.2147708906645505 0.027375811092791903
1.2273521312637707 0.02603436204014507
1.2399769911738892 0.025161040548345795
1.2525667220095957 0.023827087364870225
1.2651332198084189 0.022903249166846367
1.2777516590554758 0.02194680920172541
1.2903456750126385 0.02109563573859468
1.302934363822146 0.020205699533600643
1.3155376929046947 0.019160647204202845
1.3281174714819197 0.018485135830639352
1.340703861812713 0.017667754859806723
1.3533039956323667 0.0169390276256012
1.3658801979009867 0.01614366730128901
1.3784547377611054 0.015436202243352262
1.3910282284727546 0.014838300930688057
1.4036176088634387 0.014243571788789095
1.4162307266845844 0.013637148883662232
1.4288327238231333 0.0129751983155127
1.4414357605605095 0.012399104261375988
1.454042066298585 0.011839884233959274
1.466629000131031 0.011263794652433334
1.4792232339276126 0.0108177195486186
1.4917979405670945 0.010311454805051249
1.5043420725912247 0.009832748562729782
1.516942729324977 0.009463168048763073
1.529542465347019 0.00903430698429776
1.542129970460585 0.008564848125173951
1.554739552003134 0.008313192698477355
1.567349608720166 0.0078849544194633
1.5799699879730185 0.007561126876725054
1.5925093854124461 0.007165121904592266
1.605051367437987 0.00680003657056999
1.6176486600174493 0.006297277438910184
1.630244500194968 0.005880507170868975
1.642852769411225 0.005497372238945314
1.6554322216394648 0.00509326322012814
1.668044025585916 0.004746565037237598
1.68067892068905 0.004384178260828366
1.6932331315939055 0.004103534800306024
1.7057845975195425 0.0038260285876754803
1.7183896309732545 0.0035581308829097467
1.7309874185440826 0.0033103056140203514
1.7435623448937703 0.0030721451778641085
1.7561426634640525 0.0028568201597906698
1.7687458921757948 0.002649455764732837
1.7813334782050356 0.0024683023227870574
1.7938985526958404 0.002296283404693544
1.806498080681977 0.0021317922460788795
1.8190945363690565 0.0019740162654029512
1.831693539710293 0.0018234192852707395
1.8442938066535473 0.0016992052432040392
1.856887679193593 0.0015738078878992793
1.8694996979258094 0.0014581359261760134
1.8820874678435393 0.0013531651809020667
1.8946480071290932 0.0012487689901066234
1.9072244238241323 0.0011589124624428494
1.9197955083167124 0.0010721233153197307
1.9324077190392608 0.0009942060653961768
1.9450267994293646 0.0009179563487768857
1.957590129498701 0.0008488770391167755
1.970167723362544 0.0007866116298433045
1.9827403283412872 0.000727876308147329
1.9953314743596564 0.0006720258081388793
2.0079478346643795 0.0006219387573888831
2.0205022754362734 0.0005728139944334755
2.0330913752296613 0.0005284650536686518
2.045722350451925 0.000488169258241842
2.0582763462883706 0.0004514643483800744
2.070869909095251 0.00042041566710082417
2.0835199499115777 0.0003858459029963886
2.0960971256414114 0.00035804159505470123
2.1086272060888436 0.00033342592288708467
2.121187091512554 0.0003045636696217366
2.1338231323869703 0.00028410558515398103
2.1464102873771296 0.0002612465943516767
2.158963563085569 0.00024394494877990147
2.1715722325463145 0.00022516999798255686
2.1842062325035845 0.00021118698298077345
2.196758254187651 0.00019704317317304848
2.2093298486834185 0.00018272477846636873
2.2219259092398147 0.00017023617051993133
2.2344895913326543 0.00015662221265964576
2.2470405345948916 0.00014456208568822284
2.2596241003144457 0.00013374124683781656
2.272229531496594 0.00012286239462797256
2.2848348222229333 0.0001113883707142136
2.2974000386780022 0.00010054921523744544
2.3099677799709863 9.152998487740199e-05
2.322578483572143 8.363465744637908e-05
2.3351595212304237 7.590747893530837e-05
2.3476935649900073 6.910880310654775e-05
2.360343316487166 6.411974860934681e-05
2.3730332994737737 5.7166686486134046e-05
2.385567863558985 5.3432166312571434e-05
2.398060143366867 4.7169526683227266e-05
2.4107789685311127 4.287740508494044e-05
2.4234531099437797 3.989736620326276e-05
2.435831195209728 3.636229045367601e-05
2.4484709440435926 3.271147433113103e-05
2.4612848053934613 3.0350122935540168e-05
2.473794880423979 2.7003008258774373e-05
2.486110768659138 2.5204817466391583e-05
2.4987555116598146 2.3035091267806273e-05
2.511584783245337 2.0838693686317578e-05
2.5240933241388954 1.934932916596026e-05
2.5365627011107588 1.753912932326011e-05
2.5493077516226523 1.5889230903562854e-05
2.5619784398313152 1.4622399096050305e-05
2.5742127557983454 1.3966731677456205e-05
2.5867319401348885 1.2329458242443333e-05
2.599886904080181 1.151840290016525e-05
2.6126019917307155 1.1208683147694091e-05
2.6241685674096216 1.0208514189964258e-05
2.6366174310925152 9.402336686515204e-06
2.6502878476251643 9.209283830317145e-06
2.6633415931334254 8.1891836531486e-06
2.6741769121319705 9.05724320728231e-06
2.686549260713743 8.408128095407126e-06
2.7007770451010447 7.454368829370225e-06
2.71458844164102 7.250596219768469e-06
2.7248746414473457 7.4784318185867984e-06
2.736437828453116 7.207364531717047e-06
2.7506817507001937 7.965086915292686e-06
2.7647976990558103 8.593082831340349e-06
2.7766321634107727 1.1463135582989294e-05
2.785694055607805 4.463410603299217e-06
