0.01783209187197505 33.40122059720505
0.03021383503078697 26.001555616560694
0.04297487357678415 18.265113612032454
0.055775837984368234 17.17725611973917
0.06882863412500548 15.515419975085418
0.08110696464570498 10.519491556468846
0.09370674553631765 9.091409166790214
0.10636019509318788 6.774250233718722
0.1191264305855796 6.803361430600964
0.13176693543452653 5.611414148896987
0.14419796924510356 4.882001050580036
0.15684580028039333 4.008022638786543
0.1697202486941213 3.417997361572794
0.18227245710657114 3.1388278986628153
0.19477416222977542 3.112763680010654
0.2073340835947669 2.5040127957390146
0.21991992144750147 2.194498323340357
0.23253646283801338 1.9778520621469118
0.2451850514388408 1.8337146650198024
0.2578378507460673 1.6770123965294452
0.27039766737784754 1.4847949162121135
0.2829104411759606 1.345360622506383
0.2955705379804188 1.2211946971618675
0.30813996427931273 1.1085522099333291
0.3207216073146958 1.0512770980044912
0.3334116808196787 0.9796319144762354
0.34607587720379784 0.9137592840802483
0.3586128576244034 0.8266414332484195
0.3711536269502742 0.7929904869208634
0.3836672702512409 0.7146067785516041
0.3963071427257882 0.6772079585796028
0.4089399593153128 0.6121900604006288
0.4215634989091981 0.5755754030767009
0.4341807950257213 0.5319703369525546
0.44676205768024 0.506195633683982
0.45936920285149674 0.47758261986943845
0.4718965482805624 0.4502783049981049
0.48447350382182475 0.41876455208537283
0.49708590060588403 0.391734408271566
0.5096361353798295 0.37132609124695504
0.5222277017157823 0.35063697566543456
0.5348355227589748 0.3316894046701961
0.5474920039788621 0.31044597860250217
0.5601365361534087 0.2905723792543036
0.5727270239485902 0.27789546056569636
0.5852520646971234 0.2667034922938999
0.5977898476833504 0.2513404361204276
0.610399607484725 0.23319522270749582
0.623002092426747 0.22457777579417146
0.6356030860286793 0.2130605814211449
0.6482301980282459 0.2017477311146318
0.6608495463994339 0.19449282510262117
0.6734744173918991 0.18089934924984405
0.6860022567240306 0.1724307483666948
0.6985809637891269 0.1618280673982159
0.7111908491771041 0.154950360045577
0.7237149565943738 0.14926503634792032
0.7363081577644085 0.13925926378963463
0.7489074805118847 0.13437572375178689
0.7615319556341408 0.12715316312160152
0.7741323050847916 0.12247434718587298
0.786675447343414 0.11607095871904366
0.7993235825500561 0.11024135038148344
0.8119084864763915 0.1059479613543836
0.8245003008650983 0.09982715579238488
0.8371030476789433 0.09566205015015093
0.8496433960979584 0.09248618463643908
0.862271639222499 0.08756481110008285
0.8748814140551415 0.08382861452232426
0.887432030637941 0.07958780021733701
0.8999827699152788 0.07592205682209019
0.9125618598383743 0.07346009871563067
0.9252292314560263 0.06991937495060012
0.9378544149867115 0.06636187621042204
0.9504457821018771 0.06352971133459093
0.9630431388995881 0.06098815567939398
0.9755988646043379 0.05822148856909128
0.9881575396632225 0.056048945640651736
1.0007426245805018 0.05354404526577868
1.0132961828208324 0.051121300674836015
1.025872310735663 0.048532968769042666
1.0385360311261873 0.046748083420129524
1.0511519513207872 0.0449022340633618
1.0637085884787156 0.042806908493520576
1.076294990202561 0.04097528785762413
1.088919425178857 0.039271047912862365
1.1015128135865706 0.037624611893287446
1.1140372123598765 0.036097083989880076
1.1266438572582145 0.03404060109534925
1.1392985127936917 0.032970914940876145
1.151880272522975 0.031613034536733704
1.164452528510975 0.030197898696075958
1.1770445539533532 0.028924209253659582
1.1896240437944732 0.02800573961127646
1.2022063409730082 0.02670192696945747
1.2147708906645485 0.025520733461090125
1.2273521312637687 0.024252766799792394
1.2399769911738872 0.02344698380174002
1.2525667220095937 0.02219062352103963
1.2651332198084169 0.02138847005219659
1.2777516590554738 0.020467797312848177
1.2903456750126363 0.019677524638774365
1.3029343638221438 0.01881734848982269
1.3155376929046927 0.017918241392277
1.3281174714819175 0.017285875151168337
1.3407038618127107 0.016476561640572457
1.3533039956323645 0.015864366856462354
1.3658801979009842 0.015051872665422317
1.3784547377611032 0.01440032940322812
1.3910282284727524 0.013882522879119624
1.4036176088634365 0.013286970399668887
1.416230726684582 0.012756932569392756
1.4288327238231309 0.012140504186757273
1.441435760560507 0.011548857589622173
1.4540420662985825 0.011081682039255483
1.4666290001310285 0.010531701534212642
1.4792232339276101 0.010107056167475521
1.491797940567092 0.00963555966581574
1.5043420725912222 0.009198807674033766
1.5169427293249744 0.008854539252981436
1.5295424653470167 0.008444579701079022
1.5421299704605824 0.008049997855391502
1.5547395520031315 0.007770518563735823
1.5673496087201635 0.007398211730878622
1.579969987973016 0.0070669528337809024
1.5925093854124435 0.0067177514189796185
1.6050513674379843 0.006368994848964733
1.6176486600174467 0.0059102185912189836
1.6302445001949653 0.005533322147316797
1.6428527694112223 0.0051898144287340275
1.6554322216394621 0.004816042961751605
1.6680440255859132 0.004491635648715595
1.6806789206890473 0.004179036062041048
1.6932331315939029 0.0039150850677832395
1.7057845975195398 0.003654586635852154
1.7183896309732518 0.0034099977570416283
1.7309874185440797 0.003180389184257819
1.7435623448937674 0.002964649178867223
1.7561426634640496 0.0027669710750866895
1.768745892175792 0.002563552753897254
1.7813334782050327 0.0024085280829682838
1.7938985526958373 0.002229912312805104
1.8064980806819741 0.002087557677897358
1.8190945363690536 0.0019360097525950746
1.8316935397102898 0.0017906902056903091
1.8442938066535441 0.001676491989216985
1.85688767919359 0.001558322636890371
1.8694996979258063 0.0014484270831575238
1.8820874678435362 0.0013448513714027248
1.89464800712909 0.0012448376131243349
1.9072244238241292 0.0011566313994929016
1.9197955083167093 0.0010714574004789261
1.9324077190392577 0.0010006768765838552
1.9450267994293615 0.0009233939030625472
1.9575901294986977 0.0008550037006788083
1.9701677233625408 0.0007988759446158798
1.9827403283412839 0.0007415610248336199
1.995331474359653 0.0006850748497517053
2.007947834664376 0.0006351884635396836
2.0205022754362703 0.0005889754102503584
2.033091375229658 0.0005451162944782337
2.0457223504519213 0.0005046834765123841
2.058276346288367 0.0004648701265656848
2.0708699090952476 0.00043334903098647063
2.083519949911574 0.00039946542179015375
2.096097125641408 0.0003710758625217246
2.10862720608884 0.0003453238325888583
2.121187091512551 0.00031782987358225254
2.1338231323869667 0.00029693558311381425
2.146410287377126 0.0002734540851242001
2.1589635630855653 0.0002539468527361523
2.171572232546311 0.00023507007100296892
2.184206232503581 0.0002196676882794968
2.1967582541876474 0.00020413183773152895
2.2093298486834145 0.00018952661700583802
2.221925909239811 0.0001750561610990199
2.234489591332651 0.00016259295089895786
2.247040534594888 0.0001503712040688491
2.259624100314442 0.00013912267633109604
2.27222953149659 0.00012822230967988725
2.2848348222229298 0.00011594644207332301
2.2974000386779987 0.0001063022089355497
2.3099677799709823 9.715601943111144e-05
2.322578483572139 8.870070039386605e-05
2.3351595212304197 8.123155764933828e-05
2.3476935649900033 7.39298602108813e-05
2.360343316487162 6.835405056860134e-05
2.3730332994737697 6.120403253535607e-05
2.385567863558981 5.700363392787392e-05
2.398060143366863 5.1189112732124675e-05
2.4107789685311087 4.674249018426009e-05
2.4234531099437757 4.317370592446987e-05
2.435831195209724 3.936568796217372e-05
2.4484709440435886 3.501045280367742e-05
2.4612848053934573 3.295020459992665e-05
2.473794880423975 3.003658864046528e-05
2.486110768659134 2.801654431450627e-05
2.4987555116598106 2.529855892901709e-05
2.511584783245333 2.285057015526407e-05
2.5240933241388914 2.1040480882117714e-05
2.5365627011107548 1.9303833683508216e-05
2.5493077516226483 1.7304971569841854e-05
2.561978439831311 1.5723914346624847e-05
2.574212755798341 1.5188640386338238e-05
2.586731940134884 1.3510823419411436e-05
2.5998869040801766 1.2298220242056417e-05
2.6126019917307115 1.1786379310987042e-05
2.624168567409617 1.0838701182010485e-05
2.636617431092511 9.85283700440455e-06
2.65028784762516 9.585969975313617e-06
2.663341593133421 8.400980647210541e-06
2.674176912131966 9.014286331440605e-06
2.6865492607137385 8.068633841271805e-06
2.70077704510104 7.462332380282857e-06
2.7145884416410158 7.200420182233937e-06
2.7248746414473413 7.045023109635653e-06
2.7364378284531115 6.804151082991238e-06
2.7506817507001893 7.116667056736925e-06
2.7647976990558054 7.185741366960441e-06
2.7766321634107682 6.544522714400815e-06
2.7856940556078005 3.063340654139815e-06
