0.01783209187197505 33.37665626680997
0.03021383503078697 26.03966901470724
0.04297487357678415 18.405627649204703
0.055775837984368234 17.384681142324883
0.06882863412500548 15.73857323048766
0.08110696464570498 10.734528841823062
0.09370674553631765 9.255824367431334
0.10636019509318788 6.94214254012231
0.1191264305855796 6.930702592147509
0.13176693543452653 5.710163630235242
0.14419796924510356 4.9744029974979895
0.15684580028039333 4.0467893396882095
0.1697202486941213 3.4167308606516498
0.18227245710657114 3.108663621348039
0.19477416222977542 3.0669809440509495
0.2073340835947669 2.4529637595743443
0.21991992144750147 2.1198382414530297
0.23253646283801338 1.896616137278925
0.2451850514388408 1.7238356521331581
0.2578378507460673 1.5613087170256081
0.27039766737784754 1.367292939663656
0.2829104411759606 1.2179806683214738
0.2955705379804188 1.0862606605853302
0.30813996427931273 0.9609325713677928
0.3207216073146958 0.9010283540382141
0.3334116808196787 0.8249141442762042
0.34607587720379784 0.751340075323018
0.3586128576244034 0.6695682805702506
0.3711536269502742 0.623899047193524
0.3836672702512409 0.5511326650872309
0.3963071427257882 0.508885466263848
0.4089399593153128 0.4519164843908402
0.4215634989091981 0.41257651270602214
0.4341807950257213 0.3688745295214263
0.44676205768024 0.34454500391541026
0.45936920285149674 0.3142300255841179
0.4718965482805624 0.28625091671615677
0.48447350382182475 0.25772004768804163
0.49708590060588403 0.2336102901608791
0.5096361353798295 0.21399270299167938
0.5222277017157823 0.19479816509383585
0.5348355227589748 0.17767299904765957
0.5474920039788621 0.16039359001456097
0.5601365361534087 0.1443240797076555
0.5727270239485902 0.13240125365130323
0.5852520646971234 0.12231953864849134
0.5977898476833504 0.11095468761297578
0.610399607484725 0.09834718190414769
0.623002092426747 0.09079645275326877
0.6356030860286793 0.0821840539478838
0.6482301980282459 0.07435428082316918
0.6608495463994339 0.06839340697164298
0.6734744173918991 0.06031175485568778
0.6860022567240306 0.05479408547331399
0.6985809637891269 0.04889360615278603
0.7111908491771041 0.044319084537833765
0.7237149565943738 0.04047585574861863
0.7363081577644085 0.035826723889595694
0.7489074805118847 0.03260876961181734
0.7615319556341408 0.02920078513229119
0.7741323050847916 0.02639962084580906
0.786675447343414 0.023523572190501777
0.7993235825500561 0.021015247328153585
0.8119084864763915 0.01901706921952787
0.8245003008650983 0.01681519446347625
0.8371030476789433 0.015093872606323661
0.8496433960979584 0.013618887058753993
0.862271639222499 0.012023163621465004
0.8748814140551415 0.010734052355523561
0.887432030637941 0.009489702920538003
0.8999827699152788 0.00840854633427926
0.9125618598383743 0.0075309524348118
0.9252292314560263 0.006632277432866293
0.9378544149867115 0.005830257225620259
0.9504457821018771 0.005122557403260322
0.9630431388995881 0.004541162485960145
0.9755988646043379 0.003986952537727824
0.9881575396632225 0.0035172598837550834
1.0007426245805018 0.003082218551070232
1.0132961828208324 0.0026901288622316385
1.025872310735663 0.0023258643995929984
1.0385360311261873 0.002033785901911394
1.0511519513207872 0.0017747577187158458
1.0637085884787156 0.0015270552617674324
1.076294990202561 0.0013245394757681766
1.088919425178857 0.0011368544769298115
1.1015128135865706 0.0009779808158840847
1.1140372123598765 0.0008402231520103582
1.1266438572582145 0.0007077164839381715
1.1392985127936917 0.0006073310853298089
1.151880272522975 0.0005153568884832874
1.164452528510975 0.00043398637504144454
1.1770445539533532 0.00036423750780869906
1.1896240437944732 0.0003082106283548484
1.2022063409730082 0.00025551246356436447
1.2147708906645485 0.00021134224509531164
1.2273521312637687 0.0001725753312581287
1.2399769911738872 0.00014219795053562747
1.2525667220095937 0.00011422059134563037
1.2651332198084169 9.234328906432487e-05
1.2777516590554738 7.368064593266699e-05
1.2903456750126363 5.840355340630497e-05
1.3029343638221438 4.561301731185519e-05
1.3155376929046927 3.502888253122129e-05
1.3281174714819175 2.6788341312382547e-05
1.3407038618127107 2.0000254493344785e-05
1.3533039956323645 1.4840022135653016e-05
1.3658801979009842 1.0593782682274493e-05
1.3784547377611032 7.507957681791691e-06
1.3910282284727524 5.259309202068713e-06
1.4036176088634365 3.6109226769932293e-06
1.416230726684582 2.5641056161895446e-06
1.4288327238231309 1.9002850446323734e-06
1.441435760560507 1.5905121126313487e-06
1.4540420662985825 1.512316848898112e-06
1.4666290001310285 1.6588093260017356e-06
1.4792232339276101 1.932029668260152e-06
1.491797940567092 2.289675405287257e-06
1.5043420725912222 2.69765153315458e-06
1.5169427293249744 3.1792549015359906e-06
1.5295424653470167 3.6458804696786825e-06
1.5421299704605824 4.0333821742324116e-06
1.5547395520031315 4.506868041219081e-06
1.5673496087201635 4.846802362653033e-06
1.579969987973016 5.18819271754152e-06
1.5925093854124435 5.458663130362135e-06
1.6050513674379843 5.6660342920241946e-06
1.6176486600174467 5.6742650719497485e-06
1.6302445001949653 5.65981370867571e-06
1.6428527694112223 5.607269196108248e-06
1.6554322216394621 5.482928003823038e-06
1.6680440255859132 5.372307212301022e-06
1.6806789206890473 5.18924617874523e-06
1.6932331315939029 5.008254083064101e-06
1.7057845975195398 4.787295175681613e-06
1.7183896309732518 4.544565363303757e-06
1.7309874185440797 4.315414342185512e-06
1.7435623448937674 4.061694049761249e-06
1.7561426634640496 3.8255922577084995e-06
1.768745892175792 3.556682779483109e-06
1.7813334782050327 3.317544310035368e-06
1.7938985526958373 3.069817324815398e-06
1.8064980806819741 2.837853956700752e-06
1.8190945363690536 2.6043547938991405e-06
1.8316935397102898 2.3833918254891334e-06
1.8442938066535441 2.183674147494775e-06
1.85688767919359 1.990124667075607e-06
1.8694996979258063 1.8043959058378366e-06
1.8820874678435362 1.6306820528552477e-06
1.89464800712909 1.4666700090233754e-06
1.9072244238241292 1.3176986213824551e-06
1.9197955083167093 1.1799471486753276e-06
1.9324077190392577 1.0651852695984913e-06
1.9450267994293615 9.459716106054018e-07
1.9575901294986977 8.386466310323161e-07
1.9701677233625408 7.486891718298545e-07
1.9827403283412839 6.61633612431239e-07
1.995331474359653 5.851022924085605e-07
2.007947834664376 5.157474753366929e-07
2.0205022754362703 4.5348289836277615e-07
2.033091375229658 3.971336541054735e-07
2.0457223504519213 3.469841872781748e-07
2.058276346288367 3.020188459429262e-07
2.0708699090952476 2.654675692342422e-07
2.083519949911574 2.308283319104588e-07
2.096097125641408 2.0132469510718012e-07
2.10862720608884 1.7610567708924172e-07
2.121187091512551 1.51978663163266e-07
2.1338231323869667 1.3281071025256552e-07
2.146410287377126 1.1425804691573104e-07
2.1589635630855653 9.963984098141998e-08
2.171572232546311 8.608551293770655e-08
2.184206232503581 7.561643168118177e-08
2.1967582541876474 6.609401451369314e-08
2.2093298486834145 5.684768006228458e-08
2.221925909239811 4.939324983095952e-08
2.234489591332651 4.2621649955387744e-08
2.247040534594888 3.661508228966069e-08
2.259624100314442 3.154324395969117e-08
2.27222953149659 2.657545719243597e-08
2.2848348222229298 2.2250094235075437e-08
2.2974000386779987 1.841511343055245e-08
2.3099677799709823 1.530348298713234e-08
2.322578483572139 1.2968199256723219e-08
2.3351595212304197 1.075446665659177e-08
2.3476935649900033 9.101468630452193e-09
2.360343316487162 7.711393113377355e-09
2.3730332994737697 6.279551722672451e-09
2.385567863558981 5.3449625595065946e-09
2.398060143366863 4.475310032437189e-09
2.4107789685311087 3.689248145676198e-09
2.4234531099437757 3.157019894972492e-09
2.435831195209724 2.6738799754081837e-09
2.4484709440435886 2.199940351421436e-09
2.4612848053934573 1.9053089548060736e-09
2.473794880423975 1.5838860757743492e-09
2.486110768659134 1.3515505136212581e-09
2.4987555116598106 1.1746650248767376e-09
2.511584783245333 9.967829592379662e-10
2.5240933241388914 8.473171002152464e-10
2.5365627011107548 7.455201909461098e-10
2.5493077516226483 6.197256407681654e-10
2.561978439831311 5.578864034960784e-10
2.574212755798341 5.048774017984196e-10
2.586731940134884 4.334085837449214e-10
2.5998869040801766 3.7471558126163343e-10
2.6126019917307115 3.4074686968446844e-10
2.624168567409617 3.121789795550339e-10
2.636617431092511 2.7349667598641263e-10
2.65028784762516 2.5208414234233495e-10
2.663341593133421 2.2990911850658048e-10
2.674176912131966 2.2787507678337043e-10
2.6865492607137385 1.9921982994028087e-10
2.70077704510104 1.9584946218794646e-10
2.7145884416410158 1.8570308185697455e-10
2.7248746414473413 1.5453988693149245e-10
2.7364378284531115 1.5011751159764509e-10
2.7506817507001893 1.4778515797216907e-10
2.7647976990558054 1.7282879450935456e-10
2.7766321634107682 1.6503784400535856e-10
2.7856940556078005 3.011402630791273e-11
