0.01783209187197505 33.38070859536748
0.03021383503078697 26.052691912815728
0.04297487357678415 18.429733034524677
0.055775837984368234 17.428568672681877
0.06882863412500548 15.803694925644567
0.08110696464570498 10.80280725525927
0.09370674553631765 9.343980314736916
0.10636019509318788 7.03649625706976
0.1191264305855796 7.053208691529992
0.13176693543452653 5.837550909889898
0.14419796924510356 5.1145315275306436
0.15684580028039333 4.1917655085137895
0.1697202486941213 3.5680238092591448
0.18227245710657114 3.2718665971578287
0.19477416222977542 3.254018689086407
0.2073340835947669 2.6289687432489317
0.21991992144750147 2.2990278185258464
0.23253646283801338 2.08380492455197
0.2451850514388408 1.9177602039787693
0.2578378507460673 1.7589493474883704
0.27039766737784754 1.56277025276368
0.2829104411759606 1.4153568736846946
0.2955705379804188 1.2850445106932573
0.30813996427931273 1.1567891808863924
0.3207216073146958 1.103899086291763
0.3334116808196787 1.030269365100339
0.34607587720379784 0.9590123509070435
0.3586128576244034 0.8739801757056483
0.3711536269502742 0.8330612155444559
0.3836672702512409 0.7530305291310654
0.3963071427257882 0.7124739573120574
0.4089399593153128 0.6497323119528359
0.4215634989091981 0.6097416374041997
0.4341807950257213 0.5608442296290245
0.44676205768024 0.539204436428548
0.45936920285149674 0.5064789841586452
0.4718965482805624 0.4759563457548348
0.48447350382182475 0.4427070386781897
0.49708590060588403 0.4149871153433755
0.5096361353798295 0.3934564641882174
0.5222277017157823 0.37100295587372356
0.5348355227589748 0.3509609039168021
0.5474920039788621 0.32913388722955084
0.5601365361534087 0.30805533839298554
0.5727270239485902 0.2939905325458008
0.5852520646971234 0.2829404880620743
0.5977898476833504 0.26774420433926993
0.610399607484725 0.24781866743931424
0.623002092426747 0.23927348864985076
0.6356030860286793 0.22674989599654788
0.6482301980282459 0.21492501379342202
0.6608495463994339 0.20743397375497521
0.6734744173918991 0.1921289659669029
0.6860022567240306 0.18364297949857497
0.6985809637891269 0.17254144529544477
0.7111908491771041 0.16487106183051572
0.7237149565943738 0.158858145431135
0.7363081577644085 0.14864185908163338
0.7489074805118847 0.1431606986201351
0.7615319556341408 0.13586270447828563
0.7741323050847916 0.13031114441788472
0.786675447343414 0.12336937590508372
0.7993235825500561 0.11726220598763983
0.8119084864763915 0.1130285207672514
0.8245003008650983 0.10667068323524974
0.8371030476789433 0.10229938373931016
0.8496433960979584 0.09869800304877531
0.862271639222499 0.09341170319722501
0.8748814140551415 0.08945924486588717
0.887432030637941 0.08500364108392398
0.8999827699152788 0.08104650347160786
0.9125618598383743 0.07829081208754358
0.9252292314560263 0.07451968284139149
0.9378544149867115 0.07088751446406899
0.9504457821018771 0.06751792264733764
0.9630431388995881 0.06497482541618411
0.9755988646043379 0.06206490807079455
0.9881575396632225 0.05965294331277824
1.0007426245805018 0.05717323954826998
1.0132961828208324 0.05456694477676845
1.025872310735663 0.051783670187051316
1.0385360311261873 0.04984282872303507
1.0511519513207872 0.04794854452428196
1.0637085884787156 0.04557912297713641
1.076294990202561 0.04379607371972279
1.088919425178857 0.041802594591013015
1.1015128135865706 0.04008606546802366
1.1140372123598765 0.03851611176202101
1.1266438572582145 0.03637526338626877
1.1392985127936917 0.035139534868405535
1.151880272522975 0.03364369000667848
1.164452528510975 0.03218969209520013
1.1770445539533532 0.03081551400453005
1.1896240437944732 0.02980650912322103
1.2022063409730082 0.028424676990053143
1.2147708906645485 0.027183986550858703
1.2273521312637687 0.02583263924211616
1.2399769911738872 0.024973445576430435
1.2525667220095937 0.023630266902920295
1.2651332198084169 0.022749586404084702
1.2777516590554738 0.02177412203197294
1.2903456750126363 0.020933302713237508
1.3029343638221438 0.020026761198751193
1.3155376929046927 0.019022725131857616
1.3281174714819175 0.0183563941251439
1.3407038618127107 0.017511921615796663
1.3533039956323645 0.016823929094583957
1.3658801979009842 0.01598949259009425
1.3784547377611032 0.01529192343277019
1.3910282284727524 0.014719071491149616
1.4036176088634365 0.01410474861763976
1.416230726684582 0.013520984972452176
1.4288327238231309 0.012863440377403008
1.441435760560507 0.01225688674605572
1.4540420662985825 0.011731525946142372
1.4666290001310285 0.011151104212221069
1.4792232339276101 0.010702324335127841
1.491797940567092 0.010197752055876794
1.5043420725912222 0.00972721881166053
1.5169427293249744 0.009364575558703845
1.5295424653470167 0.008931508642591825
1.5421299704605824 0.008485829453795554
1.5547395520031315 0.008219398935870977
1.5673496087201635 0.0078080160567001655
1.579969987973016 0.007472279506658335
1.5925093854124435 0.007088275983881654
1.6050513674379843 0.006723616217413888
1.6176486600174467 0.00623076703330985
1.6302445001949653 0.005826077920222396
1.6428527694112223 0.0054523327990637395
1.6554322216394621 0.005052381483578169
1.6680440255859132 0.004708172300764887
1.6806789206890473 0.0043618963085720755
1.6932331315939029 0.004083125018186406
1.7057845975195398 0.0038066617797985116
1.7183896309732518 0.0035455360613229625
1.7309874185440797 0.003301584025251433
1.7435623448937674 0.0030681236957286785
1.7561426634640496 0.002857340623243502
1.768745892175792 0.0026463102555528382
1.7813334782050327 0.002474962805582992
1.7938985526958373 0.0022953510838835175
1.8064980806819741 0.0021391487551562782
1.8190945363690536 0.001980978599717872
1.8316935397102898 0.0018289350612803702
1.8442938066535441 0.0017081950683976864
1.85688767919359 0.0015838133553386553
1.8694996979258063 0.001468860997696726
1.8820874678435362 0.0013618916397216516
1.89464800712909 0.0012578795048015336
1.9072244238241292 0.0011669106300622818
1.9197955083167093 0.0010797114799595854
1.9324077190392577 0.0010041327285445097
1.9450267994293615 0.0009260319719345588
1.9575901294986977 0.0008559095222527059
1.9701677233625408 0.0007960705171713787
1.9827403283412839 0.000737028936807001
1.995331474359653 0.0006799730505178104
2.007947834664376 0.000629176464556191
2.0205022754362703 0.0005808359197624765
2.033091375229658 0.000536089288508584
2.0457223504519213 0.0004953027647187868
2.058276346288367 0.00045654541278155133
2.0708699090952476 0.0004248155878489885
2.083519949911574 0.0003901837440333858
2.096097125641408 0.00036195545533603083
2.10862720608884 0.00033636444229977387
2.121187091512551 0.0003080975684068957
2.1338231323869667 0.0002872133125623269
2.146410287377126 0.0002638938514495143
2.1589635630855653 0.00024523199329233467
2.171572232546311 0.00022637244246084
2.184206232503581 0.0002116731857232837
2.1967582541876474 0.00019679531191967443
2.2093298486834145 0.0001823103409640711
2.221925909239811 0.00016856604874723998
2.234489591332651 0.00015575891133288357
2.247040534594888 0.00014365564946761203
2.259624100314442 0.00013279462300729017
2.27222953149659 0.00012209828771638946
2.2848348222229298 0.00011040291000900891
2.2974000386779987 0.0001003563181707957
2.3099677799709823 9.158518364738659e-05
2.322578483572139 8.346066798268753e-05
2.3351595212304197 7.61349444693794e-05
2.3476935649900033 6.918536769214337e-05
2.360343316487162 6.410390190002135e-05
2.3730332994737697 5.706023730984627e-05
2.385567863558981 5.332190281365886e-05
2.398060143366863 4.730256112572592e-05
2.4107789685311087 4.299766371166303e-05
2.4234531099437757 3.984935301967095e-05
2.435831195209724 3.626670075793796e-05
2.4484709440435886 3.232772082048542e-05
2.4612848053934573 3.0216348932794456e-05
2.473794880423975 2.7096976113916993e-05
2.486110768659134 2.531161486775656e-05
2.4987555116598106 2.294682665626031e-05
2.511584783245333 2.0634551852016188e-05
2.5240933241388914 1.905651243377482e-05
2.5365627011107548 1.7311014311502505e-05
2.5493077516226483 1.5555126588565696e-05
2.561978439831311 1.4172021449733505e-05
2.574212755798341 1.3652368719331867e-05
2.586731940134884 1.2030432180091436e-05
2.5998869040801766 1.100138773363977e-05
2.6126019917307115 1.0720662527951313e-05
2.624168567409617 9.692697163174639e-06
2.636617431092511 8.770457453699276e-06
2.65028784762516 8.573902776851438e-06
2.663341593133421 7.558848497748433e-06
2.674176912131966 8.166173082031291e-06
2.6865492607137385 7.439581830927849e-06
2.70077704510104 6.682685822548863e-06
2.7145884416410158 6.4449377786554675e-06
2.7248746414473413 6.567627785099794e-06
2.7364378284531115 6.1526696882719295e-06
2.7506817507001893 6.774295008436402e-06
2.7647976990558054 7.162805827179442e-06
2.7766321634107682 8.019600588237738e-06
2.7856940556078005 2.6492064731947325e-06
