0.01783209187197505 33.30984646533365
0.03021383503078697 25.944042698479965
0.04297487357678415 18.323247992306918
0.055775837984368234 17.2411010684775
0.06882863412500548 15.527301216110041
0.08110696464570498 10.580909756315554
0.09370674553631765 9.03909845003106
0.10636019509318788 6.795342407547993
0.1191264305855796 6.7451497908173375
0.13176693543452653 5.574442594949124
0.14419796924510356 4.888868565527837
0.15684580028039333 3.9694996582899655
0.1697202486941213 3.357727681554821
0.18227245710657114 3.0718501094174027
0.19477416222977542 3.0612257169090147
0.2073340835947669 2.481883734319924
0.21991992144750147 2.1598372239105617
0.23253646283801338 1.9617005133794907
0.2451850514388408 1.7888864580508976
0.2578378507460673 1.6476940241151647
0.27039766737784754 1.4679345577469705
0.2829104411759606 1.323393703248453
0.2955705379804188 1.1980034789922949
0.30813996427931273 1.0712673966802295
0.3207216073146958 1.0247262105339023
0.3334116808196787 0.9574758248940421
0.34607587720379784 0.8869702321834648
0.3586128576244034 0.8123471115796714
0.3711536269502742 0.7660652772074411
0.3836672702512409 0.6947042021926499
0.3963071427257882 0.6552369258815798
0.4089399593153128 0.6011667175105494
0.4215634989091981 0.5611374580783531
0.4341807950257213 0.5135108704252054
0.44676205768024 0.4968645575909609
0.45936920285149674 0.4640443786062813
0.4718965482805624 0.4335621491734095
0.48447350382182475 0.40373259483643936
0.49708590060588403 0.37818245164516806
0.5096361353798295 0.3573907729085347
0.5222277017157823 0.3367585689102511
0.5348355227589748 0.3174884344330081
0.5474920039788621 0.29857622889103586
0.5601365361534087 0.2789474802714952
0.5727270239485902 0.265256527759235
0.5852520646971234 0.25547588272288557
0.5977898476833504 0.2423989074624555
0.610399607484725 0.22380035455781414
0.623002092426747 0.21606733933909844
0.6356030860286793 0.2043604096619989
0.6482301980282459 0.1937336595481265
0.6608495463994339 0.1866585921808336
0.6734744173918991 0.17257256037682567
0.6860022567240306 0.16500817149158584
0.6985809637891269 0.15513313325457403
0.7111908491771041 0.14793956402063457
0.7237149565943738 0.14218976067384903
0.7363081577644085 0.1335199100468943
0.7489074805118847 0.12798420331384064
0.7615319556341408 0.12178088335577351
0.7741323050847916 0.11625560685297207
0.786675447343414 0.10996373593535384
0.7993235825500561 0.10459757395860574
0.8119084864763915 0.10091986698411284
0.8245003008650983 0.0953963455269435
0.8371030476789433 0.09144765121489327
0.8496433960979584 0.0879652761563554
0.862271639222499 0.08315754863323745
0.8748814140551415 0.07965549375545522
0.887432030637941 0.07568621508149218
0.8999827699152788 0.07210024357809595
0.9125618598383743 0.06944518949102955
0.9252292314560263 0.0661221185341276
0.9378544149867115 0.06300851841851102
0.9504457821018771 0.059760001291639525
0.9630431388995881 0.05754204993859708
0.9755988646043379 0.055021189230062606
0.9881575396632225 0.05272892723591097
1.0007426245805018 0.050703591034045974
1.0132961828208324 0.04835909246281387
1.025872310735663 0.04587787032095853
1.0385360311261873 0.044113303161339976
1.0511519513207872 0.04247533326660816
1.0637085884787156 0.0402594574323958
1.076294990202561 0.03883855359425859
1.088919425178857 0.036900189320068555
1.1015128135865706 0.03540461441674333
1.1140372123598765 0.0340852704950006
1.1266438572582145 0.03226192940771309
1.1392985127936917 0.031046403071157018
1.151880272522975 0.02965329905634893
1.164452528510975 0.028427117960796083
1.1770445539533532 0.027223355896627284
1.1896240437944732 0.026276683168637908
1.2022063409730082 0.02507353912884175
1.2147708906645485 0.02399091893073981
1.2273521312637687 0.02280778724492269
1.2399769911738872 0.022033425683609966
1.2525667220095937 0.020858513719199195
1.2651332198084169 0.02004176933834492
1.2777516590554738 0.019198800452932225
1.2903456750126363 0.018447960551646148
1.3029343638221438 0.017662966479778393
1.3155376929046927 0.016743790149556657
1.3281174714819175 0.01614735174721534
1.3407038618127107 0.015428378824475954
1.3533039956323645 0.014786292034462693
1.3658801979009842 0.014088237203978584
1.3784547377611032 0.013465776898908368
1.3910282284727524 0.012940138723157078
1.4036176088634365 0.01241805269944013
1.416230726684582 0.011885277096617599
1.4288327238231309 0.01130415536986086
1.441435760560507 0.010798740647038117
1.4540420662985825 0.010308422566498361
1.4666290001310285 0.009804019543222544
1.4792232339276101 0.00941301638000569
1.491797940567092 0.00896975996937935
1.5043420725912222 0.008550434228000578
1.5169427293249744 0.0082270170543947
1.5295424653470167 0.007851671242560886
1.5421299704605824 0.007441167644756062
1.5547395520031315 0.0072202788402292275
1.5673496087201635 0.006846219457895932
1.579969987973016 0.006563237204723647
1.5925093854124435 0.006217900679281819
1.6050513674379843 0.005899132212142815
1.6176486600174467 0.005461063995498468
1.6302445001949653 0.005097680235446786
1.6428527694112223 0.004763851849757719
1.6554322216394621 0.0044118659187529176
1.6680440255859132 0.0041102070174902205
1.6806789206890473 0.0037948941220654884
1.6932331315939029 0.0035505058692684227
1.7057845975195398 0.003309054093821204
1.7183896309732518 0.0030760073788347066
1.7309874185440797 0.0028601905135352667
1.7435623448937674 0.0026535077281810795
1.7561426634640496 0.0024665523344126507
1.768745892175792 0.0022863382229533595
1.7813334782050327 0.0021289046905196766
1.7938985526958373 0.001979541426915545
1.8064980806819741 0.0018367505981712617
1.8190945363690536 0.0017001740784225213
1.8316935397102898 0.0015695215424008707
1.8442938066535441 0.0014616603045338747
1.85688767919359 0.0013530366154346832
1.8694996979258063 0.0012528409290609728
1.8820874678435362 0.0011618004970936726
1.89464800712909 0.001071597129106916
1.9072244238241292 0.00099369744711388
1.9197955083167093 0.0009186135897426904
1.9324077190392577 0.0008513646414838615
1.9450267994293615 0.0007853622394560023
1.9575901294986977 0.0007257189090378319
1.9701677233625408 0.0006719185648393732
1.9827403283412839 0.0006211880041339849
1.995331474359653 0.0005729095924370453
2.007947834664376 0.0005298176448051094
2.0205022754362703 0.00048739981433051704
2.033091375229658 0.0004492630680719943
2.0457223504519213 0.0004145191872961786
2.058276346288367 0.00038288867598478807
2.0708699090952476 0.0003560489150735951
2.083519949911574 0.00032646031061005616
2.096097125641408 0.00030250926498096546
2.10862720608884 0.00028135131448342937
2.121187091512551 0.00025671819505256456
2.1338231323869667 0.00023910284093695946
2.146410287377126 0.00021962191219275515
2.1589635630855653 0.0002047114498143748
2.171572232546311 0.00018866895708809735
2.184206232503581 0.00017673774323655102
2.1967582541876474 0.0001646447900014658
2.2093298486834145 0.0001525195108398792
2.221925909239811 0.00014190763945703326
2.234489591332651 0.00013043564627347677
2.247040534594888 0.00012027024160757746
2.259624100314442 0.00011123829297940783
2.27222953149659 0.00010209747428576982
2.2848348222229298 9.250573514798651e-05
2.2974000386779987 8.351276819125548e-05
2.3099677799709823 7.596177875888618e-05
2.322578483572139 6.933352827160794e-05
2.3351595212304197 6.289795097079503e-05
2.3476935649900033 5.718755047864016e-05
2.360343316487162 5.301920988281534e-05
2.3730332994737697 4.721815985470572e-05
2.385567863558981 4.406509506002859e-05
2.398060143366863 3.887252115475593e-05
2.4107789685311087 3.528414110130867e-05
2.4234531099437757 3.278041716365924e-05
2.435831195209724 2.984719307947552e-05
2.4484709440435886 2.679653163167099e-05
2.4612848053934573 2.482298482296182e-05
2.473794880423975 2.2053313626320972e-05
2.486110768659134 2.0551646454268368e-05
2.4987555116598106 1.87317739381231e-05
2.511584783245333 1.6906319425713e-05
2.5240933241388914 1.567298324413988e-05
2.5365627011107548 1.417482087415161e-05
2.5493077516226483 1.2809183224810604e-05
2.561978439831311 1.175918613473096e-05
2.574212755798341 1.1198887538637384e-05
2.586731940134884 9.865310703325996e-06
2.5998869040801766 9.18800919389459e-06
2.6126019917307115 8.918286798177958e-06
2.624168567409617 8.094441764316232e-06
2.636617431092511 7.4296759767732685e-06
2.65028784762516 7.261728684381008e-06
2.663341593133421 6.429871622553245e-06
2.674176912131966 7.114177220470242e-06
2.6865492607137385 6.572119417626613e-06
2.70077704510104 5.798201720021916e-06
2.7145884416410158 5.650571152596606e-06
2.7248746414473413 5.8210518319441e-06
2.7364378284531115 5.608225593723081e-06
2.7506817507001893 6.226500260722327e-06
2.7647976990558054 6.66252644488028e-06
2.7766321634107682 8.842676006449978e-06
2.7856940556078005 3.468076820907813e-06
