0.01783209187197505 33.33699900170728
0.03021383503078697 26.025977425693924
0.04297487357678415 18.460485924171035
0.055775837984368234 17.46196741375591
0.06882863412500548 15.810221397361
0.08110696464570498 10.835909815604884
0.09370674553631765 9.318252388702483
0.10636019509318788 7.050313543304317
0.1191264305855796 7.027835242376613
0.13176693543452653 5.826913053448451
0.14419796924510356 5.129665233902208
0.15684580028039333 4.184097821861055
0.1697202486941213 3.5525348626572764
0.18227245710657114 3.2562398475263707
0.19477416222977542 3.24895626287628
0.2073340835947669 2.6392134462700443
0.21991992144750147 2.302662990225372
0.23253646283801338 2.096086733617305
0.2451850514388408 1.9134899986791865
0.2578378507460673 1.7632337527400843
0.27039766737784754 1.5720013015175882
0.2829104411759606 1.4187245868537317
0.2955705379804188 1.2854025236535
0.30813996427931273 1.1496582085657796
0.3207216073146958 1.0994702857996763
0.3334116808196787 1.0270876928753625
0.34607587720379784 0.9513950258237565
0.3586128576244034 0.8712181439182466
0.3711536269502742 0.821251589311838
0.3836672702512409 0.7442000893615944
0.3963071427257882 0.7013610510892426
0.4089399593153128 0.6429334544762272
0.4215634989091981 0.5996178700886374
0.4341807950257213 0.5481463903392861
0.44676205768024 0.5297332535090651
0.45936920285149674 0.49410243584268243
0.4718965482805624 0.4610128653091473
0.48447350382182475 0.4286662746393334
0.49708590060588403 0.40093917622357106
0.5096361353798295 0.37828119538827526
0.5222277017157823 0.35581763285011014
0.5348355227589748 0.33484798805402854
0.5474920039788621 0.3143226159793865
0.5601365361534087 0.2930885406092253
0.5727270239485902 0.2781595717665505
0.5852520646971234 0.26735933070681306
0.5977898476833504 0.2531329706456709
0.610399607484725 0.23320560633420426
0.623002092426747 0.2246409260288407
0.6356030860286793 0.21199045937182295
0.6482301980282459 0.20051242211590253
0.6608495463994339 0.1927325556045279
0.6734744173918991 0.17776895560714434
0.6860022567240306 0.16956236992818483
0.6985809637891269 0.1590264918833941
0.7111908491771041 0.15128574076313075
0.7237149565943738 0.14504993487136666
0.7363081577644085 0.13586327363131334
0.7489074805118847 0.1299016284587834
0.7615319556341408 0.1232929338874848
0.7741323050847916 0.11740237804758064
0.786675447343414 0.11076484759597291
0.7993235825500561 0.10508891925916625
0.8119084864763915 0.10113407614002995
0.8245003008650983 0.09534947940219925
0.8371030476789433 0.09117104742475302
0.8496433960979584 0.0874756983685887
0.862271639222499 0.08248158500893767
0.8748814140551415 0.0788098422273753
0.887432030637941 0.07468970878502806
0.8999827699152788 0.0709705847487746
0.9125618598383743 0.06818848411226547
0.9252292314560263 0.06475747986785747
0.9378544149867115 0.06155561307834874
0.9504457821018771 0.05823313444553992
0.9630431388995881 0.055935635434807444
0.9755988646043379 0.053355346476229554
0.9881575396632225 0.05100874098561218
1.0007426245805018 0.048927926971546666
1.0132961828208324 0.046556509615216866
1.025872310735663 0.04406095671461669
1.0385360311261873 0.042264674057508556
1.0511519513207872 0.04060228205234409
1.0637085884787156 0.03839344408450295
1.076294990202561 0.036956337468068
1.088919425178857 0.03503065594286253
1.1015128135865706 0.033536649514030355
1.1140372123598765 0.03221436453625814
1.1266438572582145 0.030425955789515992
1.1392985127936917 0.029216639765578898
1.151880272522975 0.027848936969577066
1.164452528510975 0.026640509337884723
1.1770445539533532 0.025458061287988182
1.1896240437944732 0.024524252415221985
1.2022063409730082 0.023354570384202834
1.2147708906645485 0.022302733587987907
1.2273521312637687 0.021160348581309118
1.2399769911738872 0.02040307152853687
1.2525667220095937 0.019278386022786226
1.2651332198084169 0.018489022933456334
1.2777516590554738 0.01767841875341061
1.2903456750126363 0.016955877422556217
1.3029343638221438 0.01620618751351624
1.3155376929046927 0.01533590109537892
1.3281174714819175 0.014764685693121367
1.3407038618127107 0.014082940065194872
1.3533039956323645 0.013475473220324634
1.3658801979009842 0.012817352500617581
1.3784547377611032 0.012231816369145937
1.3910282284727524 0.011735747621063773
1.4036176088634365 0.011244078054168247
1.416230726684582 0.010745221424480506
1.4288327238231309 0.01020534073162821
1.441435760560507 0.009734399260473257
1.4540420662985825 0.009278937408134236
1.4666290001310285 0.00881236597878173
1.4792232339276101 0.00844893696126956
1.491797940567092 0.008039958792393508
1.5043420725912222 0.007654276377431613
1.5169427293249744 0.0073543176639256904
1.5295424653470167 0.007009604187419309
1.5421299704605824 0.006634948445223917
1.5547395520031315 0.006429925570958299
1.5673496087201635 0.006089534312721107
1.579969987973016 0.0058304429333886
1.5925093854124435 0.005517094622719863
1.6050513674379843 0.005228094533694418
1.6176486600174467 0.004834434284877908
1.6302445001949653 0.004508038487713983
1.6428527694112223 0.004208514710181677
1.6554322216394621 0.003893405686738441
1.6680440255859132 0.0036235875458983245
1.6806789206890473 0.0033423338328644465
1.6932331315939029 0.0031241952185868966
1.7057845975195398 0.0029089178273988938
1.7183896309732518 0.002701681712505235
1.7309874185440797 0.002510138374447137
1.7435623448937674 0.0023266401575955382
1.7561426634640496 0.0021607774902854355
1.768745892175792 0.0020014045908201107
1.7813334782050327 0.0018623069175021957
1.7938985526958373 0.0017302804697919786
1.8064980806819741 0.0016042863338836218
1.8190945363690536 0.0014839550349188353
1.8316935397102898 0.0013689271771353789
1.8442938066535441 0.0012741328206176523
1.85688767919359 0.0011787220796946648
1.8694996979258063 0.0010907691281012112
1.8820874678435362 0.0010109937034813781
1.89464800712909 0.0009319122533829707
1.9072244238241292 0.0008637162840338279
1.9197955083167093 0.0007981035961536747
1.9324077190392577 0.0007392884672806697
1.9450267994293615 0.0006817429680813672
1.9575901294986977 0.0006296394673921004
1.9701677233625408 0.000582774382211302
1.9827403283412839 0.0005385849859075743
1.995331474359653 0.000496655698020749
2.007947834664376 0.0004590881487134027
2.0205022754362703 0.00042234603348839124
2.033091375229658 0.00038910365953522094
2.0457223504519213 0.00035901074619242176
2.058276346288367 0.00033158723558249356
2.0708699090952476 0.00030832790062587716
2.083519949911574 0.0002826686959990035
2.096097125641408 0.0002619293059318976
2.10862720608884 0.00024363095145298115
2.121187091512551 0.00022229531161417493
2.1338231323869667 0.0002070683264736206
2.146410287377126 0.00019015649170044964
2.1589635630855653 0.0001773336071835055
2.171572232546311 0.00016347075546681533
2.184206232503581 0.00015316862296259096
2.1967582541876474 0.0001427344893670472
2.2093298486834145 0.0001321952308679606
2.221925909239811 0.00012303572024619568
2.234489591332651 0.00011305961122348706
2.247040534594888 0.00010425810874942088
2.259624100314442 9.638747805861095e-05
2.27222953149659 8.83947840946226e-05
2.2848348222229298 8.006882494445086e-05
2.2974000386779987 7.220380773156693e-05
2.3099677799709823 6.564537245535395e-05
2.322578483572139 5.9909220304726405e-05
2.3351595212304197 5.4313189796751164e-05
2.3476935649900033 4.9386964776980295e-05
2.360343316487162 4.5774960594723996e-05
2.3730332994737697 4.075909510014219e-05
2.385567863558981 3.8022436989537176e-05
2.398060143366863 3.354414250565259e-05
2.4107789685311087 3.043858414827652e-05
2.4234531099437757 2.8291502527275798e-05
2.435831195209724 2.575185587279082e-05
2.4484709440435886 2.3131255238845873e-05
2.4612848053934573 2.1424268449743534e-05
2.473794880423975 1.9034964432656835e-05
2.486110768659134 1.7739838321523627e-05
2.4987555116598106 1.6188809568219098e-05
2.511584783245333 1.461578593355507e-05
2.5240933241388914 1.3546943841559796e-05
2.5365627011107548 1.2264765433193582e-05
2.5493077516226483 1.1087331079048406e-05
2.561978439831311 1.018822448964399e-05
2.574212755798341 9.704192700457212e-06
2.586731940134884 8.559638434653482e-06
2.5998869040801766 7.97518824300678e-06
2.6126019917307115 7.757044475859966e-06
2.624168567409617 7.045857591934666e-06
2.636617431092511 6.477760847422426e-06
2.65028784762516 6.344293041594761e-06
2.663341593133421 5.62139389437326e-06
2.674176912131966 6.228552748924758e-06
2.6865492607137385 5.761348700352326e-06
2.70077704510104 5.095651453761939e-06
2.7145884416410158 4.965617102762937e-06
2.7248746414473413 5.10098736053461e-06
2.7364378284531115 4.930967870644534e-06
2.7506817507001893 5.487331533460867e-06
2.7647976990558054 5.87684835863151e-06
2.7766321634107682 7.8348320633504e-06
2.7856940556078005 3.149974304582794e-06
