0.01783209187197505 33.380071521460664
0.03021383503078697 26.050631340412817
0.04297487357678415 18.425911110976116
0.055775837984368234 17.421597615454882
0.06882863412500548 15.793341651657292
0.08110696464570498 10.791926770128542
0.09370674553631765 9.329907051653246
0.10636019509318788 7.021393139590331
0.1191264305855796 7.033545285371556
0.13176693543452653 5.817039739988548
0.14419796924510356 5.091883497929723
0.15684580028039333 4.168227205622106
0.1697202486941213 3.5433464179746164
0.18227245710657114 3.2451182983119295
0.19477416222977542 3.223214293970073
0.2073340835947669 2.5998031242766237
0.21991992144750147 2.269152906257349
0.23253646283801338 2.0523806436283625
0.2451850514388408 1.8849792565675323
0.2578378507460673 1.7252992175913986
0.27039766737784754 1.52922422996533
0.2829104411759606 1.381203334296606
0.2955705379804188 1.2503378809797998
0.30813996427931273 1.1222892380550729
0.3207216073146958 1.0678328033434026
0.3334116808196787 0.9934087897115621
0.34607587720379784 0.9213444846847779
0.3586128576244034 0.8365025738429281
0.3711536269502742 0.7942868937639259
0.3836672702512409 0.7151881004053489
0.3963071427257882 0.6738632738312985
0.4089399593153128 0.6117573397371521
0.4215634989091981 0.5714213063357088
0.4341807950257213 0.5230524025289623
0.44676205768024 0.5003785442629176
0.45936920285149674 0.4676294485552731
0.4718965482805624 0.43710260573914655
0.48447350382182475 0.4042871786592538
0.49708590060588403 0.37677604691012156
0.5096361353798295 0.35509239893977623
0.5222277017157823 0.33278562625743546
0.5348355227589748 0.31280796520300974
0.5474920039788621 0.29140311135578156
0.5601365361534087 0.27087426706569373
0.5727270239485902 0.2567222143737963
0.5852520646971234 0.24530096987755354
0.5977898476833504 0.23040318046640834
0.610399607484725 0.21163354497676712
0.623002092426747 0.20273050730538567
0.6356030860286793 0.19056803037459846
0.6482301980282459 0.1791472094071933
0.6608495463994339 0.1714391926564621
0.6734744173918991 0.157412424432167
0.6860022567240306 0.1491129215855272
0.6985809637891269 0.13882501811373094
0.7111908491771041 0.1314148396737951
0.7237149565943738 0.12542491768325711
0.7363081577644085 0.11620798618458976
0.7489074805118847 0.11080720165890746
0.7615319556341408 0.10408330613909593
0.7741323050847916 0.09879153525017167
0.786675447343414 0.09253004182368171
0.7993235825500561 0.08699237511485892
0.8119084864763915 0.08292137272577148
0.8245003008650983 0.0773631543711957
0.8371030476789433 0.07333876717278834
0.8496433960979584 0.06992881549973086
0.862271639222499 0.06538501915562876
0.8748814140551415 0.06185598114523667
0.887432030637941 0.0580440837423767
0.8999827699152788 0.05464213374794819
0.9125618598383743 0.05210250892128525
0.9252292314560263 0.04893420625538099
0.9378544149867115 0.04592569594052717
0.9504457821018771 0.043144102870291336
0.9630431388995881 0.04094909628192207
0.9755988646043379 0.03856386820765699
0.9881575396632225 0.03653683314978302
1.0007426245805018 0.034502653817201134
1.0132961828208324 0.03244833738208159
1.025872310735663 0.030329365528565373
1.0385360311261873 0.028741600217386518
1.0511519513207872 0.02722082438847123
1.0637085884787156 0.02547009788638391
1.076294990202561 0.024083062004074944
1.088919425178857 0.02261132446804589
1.1015128135865706 0.02132400810725417
1.1140372123598765 0.020145653241949925
1.1266438572582145 0.018703826634928946
1.1392985127936917 0.017757561313666643
1.151880272522975 0.016706617935738348
1.164452528510975 0.015699737412834674
1.1770445539533532 0.014756958611175085
1.1896240437944732 0.01401615696061589
1.2022063409730082 0.013119943561482324
1.2147708906645485 0.012313083385061948
1.2273521312637687 0.011478711860117655
1.2399769911738872 0.01088118175081736
1.2525667220095937 0.01009640164048181
1.2651332198084169 0.009526413749552678
1.2777516590554738 0.00893613457002824
1.2903456750126363 0.008415976669567154
1.3029343638221438 0.007885967794505873
1.3155376929046927 0.007335617223802936
1.3281174714819175 0.006928561158544253
1.3407038618127107 0.006468218517513305
1.3533039956323645 0.0060814208334461755
1.3658801979009842 0.005652139926709245
1.3784547377611032 0.0052856375216384175
1.3910282284727524 0.004974191995359091
1.4036176088634365 0.004657445254884692
1.416230726684582 0.004361965774874897
1.4288327238231309 0.004053978788333309
1.441435760560507 0.0037706699489927506
1.4540420662985825 0.0035228585814632255
1.4666290001310285 0.00326870214121661
1.4792232339276101 0.0030604041307402364
1.491797940567092 0.002844140630626999
1.5043420725912222 0.002645622619172829
1.5169427293249744 0.002481753262349274
1.5295424653470167 0.002305808624016363
1.5421299704605824 0.0021349324637878996
1.5547395520031315 0.002013160462463678
1.5673496087201635 0.0018621091038521134
1.579969987973016 0.001733982411472801
1.5925093854124435 0.0016006276757870345
1.6050513674379843 0.001476357294654214
1.6176486600174467 0.0013307808841008103
1.6302445001949653 0.001209886183017831
1.6428527694112223 0.0011008865139290867
1.6554322216394621 0.0009914610480892864
1.6680440255859132 0.0008975440681151086
1.6806789206890473 0.0008077308049905715
1.6932331315939029 0.0007343039602828349
1.7057845975195398 0.0006644336553626937
1.7183896309732518 0.0006009360636095834
1.7309874185440797 0.0005429333376954235
1.7435623448937674 0.0004897001487395692
1.7561426634640496 0.00044207324372659795
1.768745892175792 0.00039705996978339547
1.7813334782050327 0.00036027273670966514
1.7938985526958373 0.0003236446438433342
1.8064980806819741 0.0002923671890314679
1.8190945363690536 0.00026243317351788784
1.8316935397102898 0.0002344472788035852
1.8442938066535441 0.0002123095538051631
1.85688767919359 0.00019061849567222176
1.8694996979258063 0.0001711252646102423
1.8820874678435362 0.00015367474548976385
1.89464800712909 0.00013736647555660355
1.9072244238241292 0.00012335562068284707
1.9197955083167093 0.0001105350611541908
1.9324077190392577 9.93105419327418e-05
1.9450267994293615 8.874328509318745e-05
1.9575901294986977 7.940787806292123e-05
1.9701677233625408 7.149327219939469e-05
1.9827403283412839 6.412064797292314e-05
1.995331474359653 5.727636151126559e-05
2.007947834664376 5.126544907908313e-05
2.0205022754362703 4.58881476666744e-05
2.033091375229658 4.0990646603344224e-05
2.0457223504519213 3.673366304956182e-05
2.058276346288367 3.289109655310331e-05
2.0708699090952476 2.9685151271732656e-05
2.083519949911574 2.6400583858418916e-05
2.096097125641408 2.37633939377771e-05
2.10862720608884 2.1453472872917004e-05
2.121187091512551 1.911011953171738e-05
2.1338231323869667 1.731871446837947e-05
2.146410287377126 1.5436879620910696e-05
2.1589635630855653 1.3996555404952177e-05
2.171572232546311 1.2631298129556346e-05
2.184206232503581 1.1439004722608658e-05
2.1967582541876474 1.0386656751993138e-05
2.2093298486834145 9.306184245465598e-06
2.221925909239811 8.386665469340398e-06
2.234489591332651 7.50803977777076e-06
2.247040534594888 6.74533828221313e-06
2.259624100314442 5.970065312235339e-06
2.27222953149659 5.274331951455035e-06
2.2848348222229298 4.595479775861246e-06
2.2974000386779987 3.977858124666829e-06
2.3099677799709823 3.4908412439169956e-06
2.322578483572139 3.069597623320419e-06
2.3351595212304197 2.68309744994861e-06
2.3476935649900033 2.3674662606894266e-06
2.360343316487162 2.099227587406961e-06
2.3730332994737697 1.7958774560849273e-06
2.385567863558981 1.6326591476293097e-06
2.398060143366863 1.4124309031115146e-06
2.4107789685311087 1.2367501671950223e-06
2.4234531099437757 1.1135120152153934e-06
2.435831195209724 9.67805187722495e-07
2.4484709440435886 8.464926456279607e-07
2.4612848053934573 7.69257308558649e-07
2.473794880423975 6.650931800556123e-07
2.486110768659134 6.09041360502727e-07
2.4987555116598106 5.375197506023283e-07
2.511584783245333 4.830287071273113e-07
2.5240933241388914 4.31963331845362e-07
2.5365627011107548 3.8351053223435315e-07
2.5493077516226483 3.452084318042411e-07
2.561978439831311 3.104855493188082e-07
2.574212755798341 2.9347681891075534e-07
2.586731940134884 2.622487639077928e-07
2.5998869040801766 2.3760335544459558e-07
2.6126019917307115 2.2580008642784324e-07
2.624168567409617 2.0534461837911988e-07
2.636617431092511 1.8499777468539688e-07
2.65028784762516 1.7727077413665013e-07
2.663341593133421 1.7234989885386512e-07
2.674176912131966 1.6713162515647066e-07
2.6865492607137385 1.5867962765974693e-07
2.70077704510104 1.543081131573617e-07
2.7145884416410158 1.3917568277947179e-07
2.7248746414473413 1.4263622878146393e-07
2.7364378284531115 1.273884332986794e-07
2.7506817507001893 1.2221492739182253e-07
2.7647976990558054 1.492855517553925e-07
2.7766321634107682 1.4093410820393745e-07
2.7856940556078005 2.777800175052778e-08
