0.01783209187197505 33.37210566766224
0.03021383503078697 26.0230572233988
0.04297487357678415 18.37382511773343
0.055775837984368234 17.326047546363927
0.06882863412500548 15.651261728503668
0.08110696464570498 10.643244145160365
0.09370674553631765 9.138713341386753
0.10636019509318788 6.817953177496352
0.1191264305855796 6.771200305942182
0.13176693543452653 5.546453580518227
0.14419796924510356 4.797025722325315
0.15684580028039333 3.8665063367177743
0.1697202486941213 3.2321254345590287
0.18227245710657114 2.9134808099415936
0.19477416222977542 2.847934431141528
0.2073340835947669 2.251713436449285
0.21991992144750147 1.9200499787205232
0.23253646283801338 1.6935639878015212
0.2451850514388408 1.5193289509416377
0.2578378507460673 1.3588357940634672
0.27039766737784754 1.173143027304088
0.2829104411759606 1.028252153445354
0.2955705379804188 0.901700141352862
0.30813996427931273 0.7853710774174354
0.3207216073146958 0.7256023802519402
0.3334116808196787 0.6539207500846029
0.34607587720379784 0.5852504643871227
0.3586128576244034 0.5126270959955126
0.3711536269502742 0.4699057350897056
0.3836672702512409 0.40870286690594115
0.3963071427257882 0.37151587684767456
0.4089399593153128 0.32453464560343775
0.4215634989091981 0.2915059328319897
0.4341807950257213 0.2566200755008711
0.44676205768024 0.23627734094585223
0.45936920285149674 0.2125827063652215
0.4718965482805624 0.19106856306211692
0.48447350382182475 0.16979441938301093
0.49708590060588403 0.15205592928999606
0.5096361353798295 0.1377729831787968
0.5222277017157823 0.12419678061171788
0.5348355227589748 0.11227260677679414
0.5474920039788621 0.100543594931381
0.5601365361534087 0.08984414122346274
0.5727270239485902 0.08199003693404375
0.5852520646971234 0.07544232676019971
0.5977898476833504 0.06825665304489013
0.610399607484725 0.06042884154611971
0.623002092426747 0.055808575042836144
0.6356030860286793 0.05061433833277294
0.6482301980282459 0.04596455082337406
0.6608495463994339 0.04250973455191905
0.6734744173918991 0.03775658500442515
0.6860022567240306 0.03461386233054628
0.6985809637891269 0.03122693659052022
0.7111908491771041 0.028670984561673434
0.7237149565943738 0.026575741245839484
0.7363081577644085 0.023927689999887893
0.7489074805118847 0.022195997861206126
0.7615319556341408 0.02030477448650583
0.7741323050847916 0.018787842747949347
0.786675447343414 0.017176194727344902
0.7993235825500561 0.015778693297671155
0.8119084864763915 0.014716253333044133
0.8245003008650983 0.013444744970448765
0.8371030476789433 0.012498456008180931
0.8496433960979584 0.011700991863093856
0.862271639222499 0.010752145181679329
0.8748814140551415 0.010010647649228672
0.887432030637941 0.009255764497262692
0.8999827699152788 0.008594779064125103
0.9125618598383743 0.008091970650020059
0.9252292314560263 0.007514332508846355
0.9378544149867115 0.006981574377497875
0.9504457821018771 0.006500525664688392
0.9630431388995881 0.006121516630267089
0.9755988646043379 0.005725023095089506
0.9881575396632225 0.005392538052239635
1.0007426245805018 0.00506940994776314
1.0132961828208324 0.004750365533984636
1.025872310735663 0.004428777383755755
1.0385360311261873 0.004190751620565146
1.0511519513207872 0.003965613727666535
1.0637085884787156 0.003712177378274126
1.076294990202561 0.003513868497203814
1.088919425178857 0.0033057329190328446
1.1015128135865706 0.0031248208997620526
1.1140372123598765 0.0029639842426595693
1.1266438572582145 0.0027629685373593933
1.1392985127936917 0.0026357639065858513
1.151880272522975 0.0024924820543397418
1.164452528510975 0.0023575670386554257
1.1770445539533532 0.002231661048662848
1.1896240437944732 0.002134372827147514
1.2022063409730082 0.002013602391334457
1.2147708906645485 0.0019056002134402099
1.2273521312637687 0.001792431518037274
1.2399769911738872 0.0017143824608505758
1.2525667220095937 0.0016064475970744081
1.2651332198084169 0.0015302578526053179
1.2777516590554738 0.0014503732368332694
1.2903456750126363 0.0013806553719841676
1.3029343638221438 0.0013076386230316138
1.3155376929046927 0.0012296724754947543
1.3281174714819175 0.0011750736259727539
1.3407038618127107 0.0011096596001233328
1.3533039956323645 0.001055255012384888
1.3658801979009842 0.0009931952786158315
1.3784547377611032 0.0009398340838409384
1.3910282284727524 0.00089573103416981
1.4036176088634365 0.0008497860580780465
1.416230726684582 0.0008058968919907946
1.4288327238231309 0.000758641833879093
1.441435760560507 0.0007152084092319705
1.4540420662985825 0.0006772838457605826
1.4666290001310285 0.0006371253267383843
1.4792232339276101 0.0006048936506558614
1.491797940567092 0.0005702599140478596
1.5043420725912222 0.0005381767077593969
1.5169427293249744 0.0005127177986010463
1.5295424653470167 0.00048368021660879357
1.5421299704605824 0.0004544365964637257
1.5547395520031315 0.0004354163310987313
1.5673496087201635 0.0004091959696591089
1.579969987973016 0.0003873609568151778
1.5925093854124435 0.00036370838978867163
1.6050513674379843 0.00034124659067217916
1.6176486600174467 0.0003127579011126635
1.6302445001949653 0.00028921692173685906
1.6428527694112223 0.0002678785929136868
1.6554322216394621 0.00024540574948258496
1.6680440255859132 0.00022638528161894497
1.6806789206890473 0.00020747402903352347
1.6932331315939029 0.0001921804198050862
1.7057845975195398 0.00017724853144998173
1.7183896309732518 0.0001633453720671886
1.7309874185440797 0.00015050648614873047
1.7435623448937674 0.00013846527647891368
1.7561426634640496 0.0001276522577947095
1.768745892175792 0.00011704389292727671
1.7813334782050327 0.00010832395310177268
1.7938985526958373 9.94285444461363e-05
1.8064980806819741 9.168881332095635e-05
1.8190945363690536 8.413810908384195e-05
1.8316935397102898 7.690501389455365e-05
1.8442938066535441 7.107657184656895e-05
1.85688767919359 6.524579401488791e-05
1.8694996979258063 5.989458942298569e-05
1.8820874678435362 5.495959796837246e-05
1.89464800712909 5.025693061936789e-05
1.9072244238241292 4.6097574201378105e-05
1.9197955083167093 4.2215537216639515e-05
1.9324077190392577 3.890907978357747e-05
1.9450267994293615 3.547625184703893e-05
1.9575901294986977 3.242950839636558e-05
1.9701677233625408 2.982806027339554e-05
1.9827403283412839 2.7299345554372616e-05
1.995331474359653 2.490579483767649e-05
2.007947834664376 2.2800526826325195e-05
2.0205022754362703 2.0792487055270217e-05
2.033091375229658 1.8967841581682533e-05
2.0457223504519213 1.7312590202663658e-05
2.058276346288367 1.574569651089793e-05
2.0708699090952476 1.4445294184877637e-05
2.083519949911574 1.3120966186287247e-05
2.096097125641408 1.2009502819265298e-05
2.10862720608884 1.1016497605950403e-05
2.121187091512551 9.967661302285963e-06
2.1338231323869667 9.16109906420609e-06
2.146410287377126 8.318532995215272e-06
2.1589635630855653 7.606901885435521e-06
2.171572232546311 6.91710109273135e-06
2.184206232503581 6.388721668885744e-06
2.1967582541876474 5.861711062121537e-06
2.2093298486834145 5.356588310689839e-06
2.221925909239811 4.903230163930745e-06
2.234489591332651 4.475612678684063e-06
2.247040534594888 4.077044460638308e-06
2.259624100314442 3.748867991853666e-06
2.27222953149659 3.3925883857029675e-06
2.2848348222229298 3.0426416640361203e-06
2.2974000386779987 2.7467076592465626e-06
2.3099677799709823 2.4798094911542695e-06
2.322578483572139 2.2334355388563846e-06
2.3351595212304197 2.0188433125737594e-06
2.3476935649900033 1.8122112593029092e-06
2.360343316487162 1.66232225483016e-06
2.3730332994737697 1.4666905870395494e-06
2.385567863558981 1.3446597718363903e-06
2.398060143366863 1.18299702442246e-06
2.4107789685311087 1.0606529384275086e-06
2.4234531099437757 9.708568147316105e-07
2.435831195209724 8.790424995187748e-07
2.4484709440435886 7.703793694887137e-07
2.4612848053934573 7.064427480737806e-07
2.473794880423975 6.251528753430603e-07
2.486110768659134 5.761401490872201e-07
2.4987555116598106 5.162680944890178e-07
2.511584783245333 4.533235310668863e-07
2.5240933241388914 4.141789526728881e-07
2.5365627011107548 3.714346111351447e-07
2.5493077516226483 3.26813984963716e-07
2.561978439831311 2.927118444482761e-07
2.574212755798341 2.768800169138476e-07
2.586731940134884 2.408017742198188e-07
2.5998869040801766 2.1438105177451323e-07
2.6126019917307115 2.052569244017648e-07
2.624168567409617 1.8417257887494024e-07
2.636617431092511 1.6183465834014143e-07
2.65028784762516 1.5594264823058963e-07
2.663341593133421 1.3186156353839478e-07
2.674176912131966 1.4417601099865054e-07
2.6865492607137385 1.265245980896514e-07
2.70077704510104 1.101878454702861e-07
2.7145884416410158 1.0981541590915666e-07
2.7248746414473413 1.0687507617975735e-07
2.7364378284531115 1.0095934208973898e-07
2.7506817507001893 1.1792951371988252e-07
2.7647976990558054 1.1198196948249527e-07
2.7766321634107682 1.1522577405107383e-07
2.7856940556078005 5.83243002009023e-08
