0.01783209187197505 33.377768772149146
0.03021383503078697 26.039745015404343
0.04297487357678415 18.403666655262565
0.055775837984368234 17.3793815735236
0.06882863412500548 15.72942358174964
0.08110696464570498 10.724355388117546
0.09370674553631765 9.242461849300968
0.10636019509318788 6.927916684186349
0.1191264305855796 6.912606170731693
0.13176693543452653 5.691958464301505
0.14419796924510356 4.955246732061868
0.15684580028039333 4.028054122536255
0.1697202486941213 3.3984138369307297
0.18227245710657114 3.0903611940718974
0.19477416222977542 3.0477514888997614
0.2073340835947669 2.4366854503242386
0.21991992144750147 2.1051424350496246
0.23253646283801338 1.8833596290662722
0.2451850514388408 1.7123328135032136
0.2578378507460673 1.5518879397682452
0.27039766737784754 1.3602980888840346
0.2829104411759606 1.2132719847494617
0.2955705379804188 1.083957341505399
0.30813996427931273 0.9610589738626002
0.3207216073146958 0.903634503818315
0.3334116808196787 0.8300714349870132
0.34607587720379784 0.7591270605104257
0.3586128576244034 0.6796961715520592
0.3711536269502742 0.6367657299392553
0.3836672702512409 0.565945646233649
0.3963071427257882 0.5262125795789657
0.4089399593153128 0.4710692152559885
0.4215634989091981 0.43389519741325605
0.4341807950257213 0.3917695502303231
0.44676205768024 0.36989017666992396
0.45936920285149674 0.34128865108512363
0.4718965482805624 0.31491233057324236
0.48447350382182475 0.28752479242647505
0.49708590060588403 0.26460706786823
0.5096361353798295 0.24637056725811757
0.5222277017157823 0.22821641904773876
0.5348355227589748 0.21207859037565766
0.5474920039788621 0.19535688601229972
0.5601365361534087 0.17961648386029017
0.5727270239485902 0.1685151830078315
0.5852520646971234 0.1594424664200043
0.5977898476833504 0.14835639489557648
0.610399607484725 0.13505808748140447
0.623002092426747 0.12827892225082227
0.6356030860286793 0.11961746930936058
0.6482301980282459 0.11162311682021694
0.6608495463994339 0.10607831005802071
0.6734744173918991 0.09677506661818262
0.6860022567240306 0.0911266488080433
0.6985809637891269 0.08438428313110394
0.7111908491771041 0.07949273002117595
0.7237149565943738 0.07554820665276349
0.7363081577644085 0.06973346920681503
0.7489074805118847 0.06627709822326075
0.7615319556341408 0.062090816152321295
0.7741323050847916 0.05880163031304915
0.786675447343414 0.05498676772169861
0.7993235825500561 0.05163904068203838
0.8119084864763915 0.04919877383622227
0.8245003008650983 0.04589810932867162
0.8371030476789433 0.04353410224974897
0.8496433960979584 0.04155062373714464
0.862271639222499 0.038910891065458884
0.8748814140551415 0.03688535409678568
0.887432030637941 0.034702405388274134
0.8999827699152788 0.0327666487015931
0.9125618598383743 0.03135313570565738
0.9252292314560263 0.029568847264100768
0.9378544149867115 0.027878740198063266
0.9504457821018771 0.02632440839422523
0.9630431388995881 0.02512200975315141
0.9755988646043379 0.02379870571040733
0.9881575396632225 0.0226904480397229
1.0007426245805018 0.02157942864802238
1.0132961828208324 0.020441583939436823
1.025872310735663 0.01925726429431894
1.0385360311261873 0.018402788889321047
1.0511519513207872 0.01757883067276988
1.0637085884787156 0.016599277212774353
1.076294990202561 0.01584422779390052
1.088919425178857 0.015024992191675262
1.1015128135865706 0.014313485191832195
1.1140372123598765 0.013671276089709318
1.1266438572582145 0.012832115210952589
1.1392985127936917 0.012322118583346591
1.151880272522975 0.011726658171459174
1.164452528510975 0.011157274673316115
1.1770445539533532 0.010621507000987424
1.1896240437944732 0.010216113670770325
1.2022063409730082 0.009689799540109555
1.2147708906645485 0.009217630805065467
1.2273521312637687 0.008713966520634735
1.2399769911738872 0.008378132544090873
1.2525667220095937 0.0078880997100994
1.2651332198084169 0.007553158902549463
1.2777516590554738 0.00719328723049003
1.2903456750126363 0.0068808530047799014
1.3029343638221438 0.006549410278469991
1.3155376929046927 0.0061897261898658075
1.3281174714819175 0.005943921819426032
1.3407038618127107 0.005641932985267243
1.3533039956323645 0.005393178477892548
1.3658801979009842 0.005101407976670625
1.3784547377611032 0.004853870564720895
1.3910282284727524 0.004650010140486828
1.4036176088634365 0.0044348085920649805
1.416230726684582 0.004229766054065205
1.4288327238231309 0.004004365289151451
1.441435760560507 0.003796769350832962
1.4540420662985825 0.003616304256712734
1.4666290001310285 0.0034212615764071005
1.4792232339276101 0.003267571385359256
1.491797940567092 0.0030987551427741366
1.5043420725912222 0.002941829240234953
1.5169427293249744 0.0028191294402508823
1.5295424653470167 0.0026757967731225914
1.5421299704605824 0.0025298183021126666
1.5547395520031315 0.0024388307930677095
1.5673496087201635 0.002305998666293799
1.579969987973016 0.0021965106389318675
1.5925093854124435 0.002074482393600363
1.6050513674379843 0.001958408871431842
1.6176486600174467 0.0018061362588037433
1.6302445001949653 0.001680696945057068
1.6428527694112223 0.001565871470955852
1.6554322216394621 0.0014436736383075196
1.6680440255859132 0.0013394365851385477
1.6806789206890473 0.0012350113690738436
1.6932331315939029 0.0011507346218989948
1.7057845975195398 0.0010676872156302293
1.7183896309732518 0.0009897758348555075
1.7309874185440797 0.000917304893615005
1.7435623448937674 0.0008486397555274664
1.7561426634640496 0.0007867518968153191
1.768745892175792 0.000725356640221904
1.7813334782050327 0.0006751930501472066
1.7938985526958373 0.0006232363331379493
1.8064980806819741 0.0005780142149024757
1.8190945363690536 0.0005330800442918041
1.8316935397102898 0.0004898844110510614
1.8442938066535441 0.00045534579016458764
1.85688767919359 0.00042025080511440814
1.8694996979258063 0.0003878877609632132
1.8820874678435362 0.0003579155385372796
1.89464800712909 0.00032904823532046523
1.9072244238241292 0.00030364566533751377
1.9197955083167093 0.00027961160816291936
1.9324077190392577 0.0002589575060843093
1.9450267994293615 0.00023754171623360852
1.9575901294986977 0.00021842942302448699
1.9701677233625408 0.00020210896520249505
1.9827403283412839 0.00018611465166352696
1.995331474359653 0.00017081082487149384
2.007947834664376 0.00015727455635414274
2.0205022754362703 0.00014435788176745814
2.033091375229658 0.00013251109408522182
2.0457223504519213 0.00012173879959035227
2.058276346288367 0.00011151901164511096
2.0708699090952476 0.0001030745438204317
2.083519949911574 9.418907356955828e-05
2.096097125641408 8.683519665525904e-05
2.10862720608884 8.021211483840256e-05
2.121187091512551 7.306639490193077e-05
2.1338231323869667 6.765130054717792e-05
2.146410287377126 6.182768129005768e-05
2.1589635630855653 5.703034116097342e-05
2.171572232546311 5.2273683482141346e-05
2.184206232503581 4.861906832174423e-05
2.1967582541876474 4.492394646338311e-05
2.2093298486834145 4.136362042494354e-05
2.221925909239811 3.807427085931975e-05
2.234489591332651 3.498591021927139e-05
2.247040534594888 3.20950995330703e-05
2.259624100314442 2.9617615889930724e-05
2.27222953149659 2.7043607645696945e-05
2.2848348222229298 2.436777628307408e-05
2.2974000386779987 2.2096067766122727e-05
2.3099677799709823 2.0072711186929646e-05
2.322578483572139 1.8194077603331675e-05
2.3351595212304197 1.6537534814444325e-05
2.3476935649900033 1.4942088610449345e-05
2.360343316487162 1.3785266459817089e-05
2.3730332994737697 1.222327025677467e-05
2.385567863558981 1.132084868503438e-05
2.398060143366863 1.000061920593163e-05
2.4107789685311087 9.031635966140458e-06
2.4234531099437757 8.323752233328907e-06
2.435831195209724 7.5573839643173745e-06
2.4484709440435886 6.681547337306113e-06
2.4612848053934573 6.186641001175114e-06
2.473794880423975 5.513508196319086e-06
2.486110768659134 5.115954999866583e-06
2.4987555116598106 4.6115872770464804e-06
2.511584783245333 4.0967403685757215e-06
2.5240933241388914 3.765260659985246e-06
2.5365627011107548 3.3958560212276075e-06
2.5493077516226483 3.0181069127429945e-06
2.561978439831311 2.725827558604365e-06
2.574212755798341 2.6025200108482235e-06
2.586731940134884 2.276354752020317e-06
2.5998869040801766 2.0563950253331075e-06
2.6126019917307115 1.9868261259382567e-06
2.624168567409617 1.785618600087463e-06
2.636617431092511 1.5925705016005678e-06
2.65028784762516 1.5485457479542943e-06
2.663341593133421 1.3322065075527162e-06
2.674176912131966 1.4567673199656376e-06
2.6865492607137385 1.2987427419815827e-06
2.70077704510104 1.1456634576472858e-06
2.7145884416410158 1.124185661694333e-06
2.7248746414473413 1.1230559551161861e-06
2.7364378284531115 1.0564046346338411e-06
2.7506817507001893 1.203719586806608e-06
2.7647976990558054 1.203138235305056e-06
2.7766321634107682 1.3008285819934611e-06
2.7856940556078005 5.187989570657131e-07
