71.20105432958954 4.133966826967563e-11
120.63962685798174 1.368134839772802e-11
171.59267293573822 1.5248354459065364e-11
222.70513740705246 1.3159633653947711e-11
274.8231308446689 1.609496401862861e-11
323.84879114058316 1.3446644336890295e-11
374.1579579043182 1.4566377731611357e-11
424.6814161628165 1.56589206713579e-11
475.6552129222789 1.4493408892979103e-11
526.1269847685074 1.4451032999607074e-11
575.7623679907579 1.4674320213398777e-11
626.2633922766647 1.518966140086185e-11
677.6692681296257 1.3956374762141993e-11
727.7884846269208 1.44406362050223e-11
777.7060485381247 1.483532277870939e-11
827.8560617785557 1.468336718635279e-11
878.109555937831 1.4246541423747458e-11
928.4856450386919 1.4297468230745222e-11
978.9896941780706 1.44877900762717e-11
1029.5105560804855 1.488694673579328e-11
1079.6601511358197 1.476546930151556e-11
1129.621910721272 1.5275163464776023e-11
1180.1719105117481 1.436294571363255e-11
1230.359875626813 1.4297241034352566e-11
1280.5966204658016 1.4395774895031783e-11
1331.2663130381457 1.488297748400616e-11
1381.832681878101 1.4663681730745754e-11
1431.891095129068 1.4447706263634663e-11
1481.9646369500074 1.4419085965323519e-11
1531.9298683390127 1.4410646733122248e-11
1582.399115202513 1.468366626566885e-11
1632.8401889017848 1.4833864396111088e-11
1683.2442208520981 1.4701342013051205e-11
1733.6233234685983 1.4486472441276693e-11
1783.8585494998788 1.473119230438562e-11
1834.1971208085206 1.4495100693058366e-11
1884.217062882857 1.4426842646151122e-11
1934.4350912119737 1.4368770316428919e-11
1984.7946314776602 1.438934180645751e-11
2034.9059675118335 1.470918959555152e-11
2085.1823347051745 1.4593464347378415e-11
2135.523604676136 1.4555712023171364e-11
2186.059167941985 1.4448361160098654e-11
2236.5470203373097 1.4725403383573915e-11
2286.819081067864 1.4456815970069982e-11
2336.8298208744586 1.4479692619141315e-11
2386.8914386579518 1.4449677409651752e-11
2437.2404498197757 1.4655961721328987e-11
2487.5604134834302 1.4588462100458755e-11
2537.874422434228 1.452926784219659e-11
2588.292718501888 1.4386103157654334e-11
2638.6800154848675 1.4549795521338722e-11
2689.0893635239095 1.4518399327591041e-11
2739.111277684263 1.445258749556615e-11
2789.336299603619 1.4518034239903008e-11
2839.685812215221 1.4467472928946502e-11
2889.6928253603296 1.4578593692482924e-11
2939.975720218014 1.4665962713127962e-11
2990.2830576801402 1.447679616733884e-11
3040.690825064682 1.4423195585955252e-11
3091.002262009306 1.4489798175963404e-11
3141.0852786195733 1.4641529743392804e-11
3191.587517419242 1.4699682995226854e-11
3241.8372825407373 1.4517842428819716e-11
3292.1146401741084 1.4613404017897263e-11
3342.435649455408 1.4698777032783775e-11
3392.507510654011 1.4733447046653048e-11
3442.930323145841 1.4594643274109095e-11
3493.2793943254205 1.4471029260914095e-11
3543.3922548690653 1.4530228045183031e-11
3593.5056053148796 1.4452959764790266e-11
3643.732155932798 1.4554249608956978e-11
3694.3112030371376 1.4581672087902246e-11
3744.721798997677 1.4457637035012971e-11
3794.9973707302165 1.4502471292415964e-11
3845.296858429284 1.466331788647112e-11
3895.4301189838848 1.477300740122653e-11
3945.5751558979564 1.4465628972514294e-11
3995.8256436910333 1.4631340344346326e-11
4045.950249862684 1.4510256420222289e-11
4096.164973594957 1.4562949264652497e-11
4146.729441858913 1.4630073068127008e-11
4197.1030506111865 1.4576374030858613e-11
4247.239950471135 1.454503214537856e-11
4297.495696089066 1.4451286580936988e-11
4347.903303176392 1.4500691204617419e-11
4398.186945647999 1.4530550616819422e-11
4448.195122137101 1.4443158017730955e-11
4498.5316959257925 1.4538030757794894e-11
4549.0599694885705 1.4589972201354074e-11
4599.2971802700185 1.4500506073869325e-11
4649.496443938793 1.4516400819328838e-11
4699.774644280021 1.457190643087057e-11
4750.002791714801 1.4473452766748704e-11
4800.242148456107 1.4630303536079576e-11
4850.410641958552 1.4593692762240207e-11
4900.645779926104 1.4533757523453842e-11
4951.055083714883 1.4555709931163953e-11
5001.324122011889 1.457587920018098e-11
5051.5003940348515 1.4609144992694757e-11
5101.884061012046 1.4577061372476596e-11
5152.170209201026 1.459292546762465e-11
5202.435086832837 1.459850971186927e-11
5252.758421031814 1.4542509550990423e-11
5302.9877213495665 1.4640810492896292e-11
5353.243421476631 1.4633875720678427e-11
5403.553997436774 1.4522656878819675e-11
5453.769018053351 1.4699919643221338e-11
5503.977400904776 1.4565241326337916e-11
5554.181594652773 1.4615120080833683e-11
5604.44923367171 1.4540552201950243e-11
5654.811652937859 1.4718932840829276e-11
5705.1296688703205 1.4524461891022169e-11
5755.451835775821 1.4707669135231964e-11
5805.787055344915 1.462812583669356e-11
5856.044925598231 1.4518817736976742e-11
5906.331943589611 1.4655890410003044e-11
5956.540992367759 1.4634991400198945e-11
6006.627960973575 1.4748272714882794e-11
6056.94062485674 1.4625295076950335e-11
6107.249612466534 1.4517280105058252e-11
6157.509763765639 1.4591825731354322e-11
6207.858063164848 1.453635072384481e-11
6258.208259869457 1.4690326011522287e-11
6308.59967301906 1.4620401842555295e-11
6358.667737088883 1.46250145730351e-11
6408.746121050368 1.4721866377357155e-11
6459.047265707944 1.4667258145131876e-11
6509.342379242287 1.469249517056673e-11
6559.683962490529 1.4653382159027702e-11
6609.926441751922 1.463813777628694e-11
6660.284764403179 1.4700048734158715e-11
6710.7373366035845 1.4699677598755164e-11
6760.880364831745 1.4733143915636737e-11
6811.001709758613 1.4671566755516152e-11
6861.336801250788 1.476792370785217e-11
6911.62774376635 1.468873379482924e-11
6961.85472696836 1.473555280355348e-11
7012.099376874131 1.465628818120254e-11
7062.392370834016 1.4776619608492127e-11
7112.658257435503 1.472295772751991e-11
7162.862207603215 1.4704143653539452e-11
7213.162799765506 1.4678827027130154e-11
7263.4670176266545 1.4687516906915202e-11
7313.798414423721 1.4737939681961186e-11
7364.1105566976685 1.476369881872591e-11
7414.356204225969 1.4767815587527945e-11
7464.6708031893 1.4782777035457268e-11
7515.026849340145 1.4714923672454765e-11
7565.196834519789 1.4834766224740662e-11
7615.347765307298 1.4856130729503678e-11
7665.553122166472 1.4850188680634954e-11
7715.906049232052 1.4810070163129484e-11
7766.312578357623 1.4856853141842518e-11
7816.495452293651 1.4834959658310064e-11
7866.692264623233 1.4856224351846368e-11
7916.892124872716 1.4868560517698578e-11
7967.204185987535 1.4903844622196016e-11
8017.5316043991015 1.484044363810163e-11
8067.6832854407685 1.4931500459123627e-11
8118.000654893498 1.4953932990990675e-11
8168.390677150343 1.4915745588559205e-11
8218.64484711149 1.4880073168893458e-11
8268.929230406175 1.4884425433611295e-11
8319.239007404172 1.4932062088105174e-11
8369.477116884986 1.496094035557204e-11
8419.691579598519 1.49876389343895e-11
8469.912490450322 1.5084517287919145e-11
8520.184288695791 1.498569065512105e-11
8570.526618515816 1.5055442043692284e-11
8620.827561936234 1.5034570630856193e-11
8671.0765027041 1.5104033654719743e-11
8721.344903487045 1.5039353344608153e-11
8771.600809653726 1.5088529897627075e-11
8821.935312859572 1.509422432865622e-11
8872.193407324567 1.5146751663954028e-11
8922.295215837958 1.5150246959696253e-11
8972.511576922408 1.512286093679194e-11
9022.837920541115 1.5207282255092574e-11
9073.216528109091 1.5213347534992627e-11
9123.415270870553 1.525469781106045e-11
9173.61908341986 1.5249971681641788e-11
9224.047724362264 1.5206202186853845e-11
9274.342446633269 1.527420856530093e-11
9324.583736973242 1.5300665682015805e-11
9374.861343176932 1.5351796049286494e-11
9425.218999748973 1.534610606583239e-11
9475.463512231976 1.5386261581299002e-11
9525.60218020791 1.5370957985671062e-11
9575.82548074786 1.5410798440223748e-11
9626.1432023691 1.546769761708169e-11
9676.428110724217 1.550434204163399e-11
9726.647339823516 1.5475062958770712e-11
9776.936936507267 1.5550441596108678e-11
9827.266602231612 1.552803074731205e-11
9877.608336662017 1.5553268201631333e-11
9927.765186057562 1.5624408200282342e-11
9977.948687865422 1.565022193565082e-11
10028.276428190957 1.5704038155960652e-11
10078.555135173674 1.56789581478269e-11
10128.81543535254 1.5720706615548852e-11
10179.091369270538 1.5764895945137205e-11
10229.397074764416 1.5779156846462206e-11
10279.659316169456 1.5904397388995577e-11
10329.972738459672 1.592325741094329e-11
10380.297962794002 1.588206547496908e-11
10430.509535511832 1.604370876642446e-11
10480.716270144154 1.6021722350786905e-11
10530.992039216046 1.6092640214946283e-11
10581.277312494132 1.6100901032877215e-11
10631.509937983565 1.613052693240512e-11
10681.74720702582 1.6191260781784574e-11
10732.115673827877 1.6278539185743976e-11
10782.441264883462 1.6317160322596452e-11
10832.609802746141 1.6416288395272885e-11
10882.860726950817 1.6402806971685454e-11
10933.128114918305 1.6469456603658874e-11
10983.417383011929 1.653297537411542e-11
11033.691149628201 1.6541254073518235e-11
11083.887470157211 1.6586297589518778e-11
11134.20283605258 1.6670537028246772e-11
11184.492089708101 1.6781912955127098e-11
11234.762316311186 1.6801256344702764e-11
11285.06025728967 1.69548547266737e-11
11335.327460469189 1.6952778992097577e-11
11385.572979070079 1.6986216997803853e-11
11435.812740053065 1.7110276216783857e-11
11486.128478675417 1.7162523340252623e-11
11536.45285207743 1.7287547781801544e-11
11586.667988558576 1.726272780216558e-11
11636.900206259683 1.744864242879903e-11
11687.198740103004 1.7533389485413104e-11
11737.529876306851 1.7542987847193395e-11
11787.793003136401 1.7666035050531094e-11
11838.01222152737 1.772214514286767e-11
11888.304428458257 1.7776605791470648e-11
11938.526925955046 1.7934540772458486e-11
11988.680567309299 1.799700753977059e-11
12038.949591458038 1.8105305213609202e-11
12089.274284052695 1.819434681808896e-11
12139.562200597833 1.828187892363714e-11
12189.860460860164 1.8454480251111102e-11
12240.178952339968 1.850330672548396e-11
12290.518856609928 1.8631640147091426e-11
12340.765961104826 1.8842130851373663e-11
12390.954681886438 1.888908268058039e-11
12441.270308807625 1.8962145375796937e-11
12491.547121196685 1.9183683165242968e-11
12541.724255918205 1.922782281682539e-11
12592.00363807818 1.9381951570592395e-11
12642.32519436475 1.949606853717985e-11
12692.582750141057 1.9623046981587975e-11
12742.78248372869 1.977841095987697e-11
12793.076632945997 1.9973434496597517e-11
12843.445011143878 2.0090312441393925e-11
12893.668833240072 2.0282788750256622e-11
12943.890801336212 2.022223008438433e-11
12994.177894612558 2.0297632079162422e-11
13044.43163579662 2.031193627186676e-11
13094.707742051865 2.0381068918764038e-11
13144.96564371216 2.0456272599129567e-11
13195.191951054898 2.0522916085700326e-11
13245.468066234334 2.0615382434224494e-11
13295.759057014298 2.0637135677085436e-11
13346.081542357 2.063412879324545e-11
13396.334881624985 2.0738065862954997e-11
13446.512243564719 2.0784675466396682e-11
13496.84116650733 2.084287703166516e-11
13547.206555078936 2.090028903027439e-11
13597.39461928307 2.0961210950658792e-11
13647.646592395307 2.1004906119803005e-11
13697.968812058094 2.1077674622140092e-11
13748.240878862827 2.1093745764641692e-11
13798.508135671525 2.1205377038515624e-11
13848.722675447549 2.1282397077665908e-11
13899.05698488927 2.1351753566073973e-11
13949.299292246937 2.1402367071856283e-11
13999.459698651495 2.1477182142199596e-11
14049.76063850492 2.1566674436924308e-11
14100.062109991391 2.1635742194806547e-11
14150.328583852295 2.172477611022495e-11
14200.596710006354 2.187361413357929e-11
14250.894468123704 2.1881051481419258e-11
14301.154246388312 2.1949488975274116e-11
14351.409373945005 2.2077812817346185e-11
14401.655579009644 2.2107631027903087e-11
14451.923887070363 2.2268496813250328e-11
14502.195460930394 2.2256003273961597e-11
14552.431197560512 2.2400502568502365e-11
14602.71291042786 2.241793166175378e-11
14652.997148382745 2.256542312217223e-11
14703.293702918098 2.2662145118941486e-11
14753.584612026856 2.2711443548704454e-11
14803.831344632483 2.2931301536498366e-11
14854.10471113615 2.2988546105357155e-11
14904.370298917833 2.3100686177869227e-11
14954.600676257493 2.322317101755294e-11
15004.889563323557 2.327651465791412e-11
15055.18978776525 2.3384574474057747e-11
15105.455102913249 2.3552821351085808e-11
15155.654924903976 2.3588435340329515e-11
15205.94188735409 2.374580443632074e-11
15256.267608278764 2.3941816561701003e-11
15306.461403950885 2.3929967141582417e-11
15356.704322055613 2.4099213434073745e-11
15407.010065203325 2.4274525831256996e-11
15457.371277901244 2.4449841860763837e-11
15507.580454663059 2.4659831801199675e-11
15557.723815426887 2.4707638615923076e-11
15608.035190752453 2.494287179935548e-11
15658.368031687782 2.502058692128481e-11
15708.666582826672 2.523441172820667e-11
15758.911240487665 2.529619136712452e-11
15809.202407644181 2.5436860615549372e-11
15859.53498887354 2.556459189088664e-11
15909.770685341085 2.5741397060310066e-11
15959.983128064072 2.605829730327379e-11
16010.266800898951 2.628012178815842e-11
16060.506219190956 2.633832998556878e-11
16110.705755200002 2.6533581359942086e-11
16160.979420356443 2.6703034182162983e-11
16211.325974973397 2.6955606100649343e-11
16261.595189334694 2.7108389291729853e-11
16311.787119798448 2.733021979437684e-11
16362.061056780256 2.754679174414084e-11
16412.399325385428 2.7677384775356494e-11
16462.697983979328 2.7992188735063548e-11
16512.945884551787 2.8367448023325735e-11
16563.255224004704 2.8367406093033265e-11
16613.59347312292 2.8640750567750164e-11
16663.752434170463 2.8839557076161004e-11
16713.90198485169 2.9064679871909413e-11
16764.26244386787 2.936133457430272e-11
16814.551158611077 2.964397195911099e-11
16864.711433218148 2.996687877122865e-11
16914.978711028623 3.010378298793864e-11
16965.238226025533 3.035533195892146e-11
17015.503884158963 3.0534434696282374e-11
17065.794266109566 3.085050945337095e-11
17116.14437887528 3.115072745144546e-11
17166.461387138264 3.132554996774545e-11
17216.61213730429 3.169486510858025e-11
17266.874400871755 3.191130451172099e-11
17317.19835428683 3.2210978662695606e-11
17367.494625505715 3.256746429759091e-11
17417.753088845617 3.283152972869878e-11
17467.976739812875 3.298480564677127e-11
17518.201797720434 3.3476278138198836e-11
17568.47349166504 3.3774707226250906e-11
17618.708955250757 3.404101836439228e-11
17668.961902574945 3.40915200075839e-11
17719.326468999454 3.4427255611709934e-11
17769.58598883517 3.481677283080631e-11
17819.68717955446 3.492274374882801e-11
17870.008358347157 3.5169625875097553e-11
17920.418073427067 3.541052163723439e-11
17970.597259445694 3.576514861667247e-11
18020.84186869016 3.572125342687784e-11
18071.07552397373 3.588671347490339e-11
18121.30096168606 3.6160157265239885e-11
18171.4328830454 3.6196175890854964e-11
18221.722189147145 3.619297819015477e-11
18272.19358870017 3.6358066761925736e-11
18322.37000901071 3.6605941708270685e-11
18372.641274043453 3.658235989810457e-11
18423.04528828408 3.7005670248409593e-11
18473.2843081044 3.709599000612593e-11
18523.474919634475 3.735574500240696e-11
18573.702988668454 3.74572011763557e-11
18624.0333287676 3.779840023760179e-11
18674.272811487343 3.769826151624414e-11
18724.387019467216 3.8311540816383364e-11
18774.691647982872 3.880274229844337e-11
18825.063951784592 3.879599308784389e-11
18875.359546829346 3.9375361779649775e-11
18925.47416943246 3.93961890783617e-11
18975.652204973598 3.9892029149692903e-11
19026.175929688565 4.046220745364307e-11
19076.476217282096 4.061782235907991e-11
19126.5948985462 4.07543050214388e-11
19176.9621223567 4.153283885368452e-11
19227.488187638304 4.165156598638478e-11
19277.647154164097 4.2211280023381725e-11
19327.711735521672 4.257621140671359e-11
19378.218962453724 4.305103575323537e-11
19428.511340846442 4.34433759796978e-11
19478.49578573517 4.371052684766614e-11
19528.838110951398 4.431458285300275e-11
19579.471051315235 4.4609554099108854e-11
19629.63491379783 4.549012292721988e-11
19679.485018993822 4.612972113430001e-11
19729.961375283943 4.6079339471497115e-11
19780.40473475129 4.664315594078131e-11
19830.401445721214 4.756951753144127e-11
19880.5703276972 4.7968964435740264e-11
19931.0412282765 4.848911347804448e-11
19981.54437312004 4.9804844424040095e-11
20031.534440117735 5.018602670879623e-11
20081.51049997466 5.0535183338088703e-11
20132.214894720815 5.168468524089286e-11
20182.688044209095 5.184047684215164e-11
20232.41213445668 5.260446451944592e-11
20282.677569036805 5.298181125976394e-11
20333.544885711923 5.3450285565937346e-11
20383.792325284787 5.5074829339708285e-11
20433.34807588377 5.670707687530721e-11
20483.814807363044 5.7114651795170106e-11
20534.922404449808 5.7413342074677784e-11
20584.71471645151 5.883874198668933e-11
20634.03753028481 5.8952933877502e-11
20684.9441027287 6.080772323809718e-11
20735.94450522205 6.156236811321518e-11
20785.620254778187 6.275122248753188e-11
20835.525712806855 6.538087156620791e-11
20886.547226012393 6.474264081515347e-11
20936.616679163966 6.661591257015191e-11
20985.225045100033 6.802590548679325e-11
21036.33974992437 6.957930497410749e-11
21088.44698009842 6.9187623384199e-11
21137.403362804987 7.197458062453834e-11
21185.483820538386 7.227352758990534e-11
21237.49828835081 7.320475171264573e-11
21290.615778388576 7.492611539994053e-11
21338.73734986448 8.015028023690366e-11
21385.905978124174 8.003164241471867e-11
21439.03581411026 7.722427560894984e-11
21492.920116781886 8.381472336985824e-11
21538.774047778305 8.158919712506265e-11
21584.907156538815 8.788568507942996e-11
21640.328308544722 8.694058978232126e-11
21695.757954009692 8.832589946805053e-11
21737.9814032282 9.547753000276782e-11
21783.492257441554 9.272362419552731e-11
21840.786617610123 9.247076998356229e-11
21897.72928372267 1.0592297868774634e-10
21941.11500392663 9.539111292440034e-11
21984.198294341197 9.365520593903759e-11
22041.560015846357 1.0213485354401811e-10
22098.812819776653 9.97131586933961e-11
22144.36288097913 1.0890095822078105e-10
22183.87861329427 1.3445466617048195e-10
22238.472256465404 1.7953735218105684e-10
22289.19514620178 1.7890464404484352e-10
