0.01783209187197505 33.332278168715476
0.03021383503078697 26.01249040115323
0.04297487357678415 18.436924466947048
0.055775837984368234 17.42046660517499
0.06882863412500548 15.749878523320788
0.08110696464570498 10.773118776096704
0.09370674553631765 9.238116389731442
0.10636019509318788 6.964519965554746
0.1191264305855796 6.917214143348793
0.13176693543452653 5.711925915142832
0.14419796924510356 5.002651674333835
0.15684580028039333 4.053229747932877
0.1697202486941213 3.416342423141369
0.18227245710657114 3.109375778566118
0.19477416222977542 3.0800578501160567
0.2073340835947669 2.4792911977972913
0.21991992144750147 2.1401160243737083
0.23253646283801338 1.9253348993784034
0.2451850514388408 1.7379498840281702
0.2578378507460673 1.583340633077269
0.27039766737784754 1.3932628144554182
0.2829104411759606 1.2386730292879067
0.2955705379804188 1.1041862727394005
0.30813996427931273 0.9719915425510887
0.3207216073146958 0.9148505094834474
0.3334116808196787 0.8398156832926632
0.34607587720379784 0.7626272062371446
0.3586128576244034 0.6842338829675751
0.3711536269502742 0.6317323751588737
0.3836672702512409 0.5605645933409689
0.3963071427257882 0.5165900330382694
0.4089399593153128 0.46218041271681864
0.4215634989091981 0.42031864839838157
0.4341807950257213 0.3743166829187103
0.44676205768024 0.35225393389624365
0.45936920285149674 0.3197631108237434
0.4718965482805624 0.289913299816843
0.48447350382182475 0.26158336727156306
0.49708590060588403 0.23720952065967205
0.5096361353798295 0.21678337582138776
0.5222277017157823 0.1973456345915608
0.5348355227589748 0.17952671792227218
0.5474920039788621 0.16267369687940378
0.5601365361534087 0.14621755858344482
0.5727270239485902 0.1337465979066143
0.5852520646971234 0.12374661735921669
0.5977898476833504 0.11262447635109442
0.610399607484725 0.09964221915228132
0.623002092426747 0.09203030070981823
0.6356030860286793 0.08318602237987281
0.6482301980282459 0.07531661480126574
0.6608495463994339 0.0691943298610798
0.6734744173918991 0.06092145230296503
0.6860022567240306 0.05539877551790121
0.6985809637891269 0.04948024018864817
0.7111908491771041 0.044781041982628875
0.7237149565943738 0.040808994682166866
0.7363081577644085 0.03626267279035305
0.7489074805118847 0.03284898286452599
0.7615319556341408 0.029512317544521202
0.7741323050847916 0.02656226655456328
0.786675447343414 0.023646816734009885
0.7993235825500561 0.021144852669547038
0.8119084864763915 0.019156340375572588
0.8245003008650983 0.01696300589895188
0.8371030476789433 0.015225013054452055
0.8496433960979584 0.013694332994646518
0.862271639222499 0.01207821579716723
0.8748814140551415 0.010783901307247145
0.887432030637941 0.009532245320865725
0.8999827699152788 0.008437735434861012
0.9125618598383743 0.007537003344634239
0.9252292314560263 0.006635690585674193
0.9378544149867115 0.005842825156606861
0.9504457821018771 0.005108848405161811
0.9630431388995881 0.004532440322009989
0.9755988646043379 0.003981125790793016
0.9881575396632225 0.003500811512693954
1.0007426245805018 0.0030763348949241313
1.0132961828208324 0.002682894722993182
1.025872310735663 0.002316807393069346
1.0385360311261873 0.002022590204871935
1.0511519513207872 0.0017657341604182491
1.0637085884787156 0.0015133221812810328
1.076294990202561 0.0013170090314207656
1.088919425178857 0.0011241508716597374
1.1015128135865706 0.0009668707980384061
1.1140372123598765 0.0008312602044644981
1.1266438572582145 0.0007011072149083272
1.1392985127936917 0.0005986367317200473
1.151880272522975 0.0005063222739093604
1.164452528510975 0.000426573251209535
1.1770445539533532 0.00035734063643491935
1.1896240437944732 0.0003013667202933315
1.2022063409730082 0.00024966989015125864
1.2147708906645485 0.0002062117272365944
1.2273521312637687 0.00016794408347405786
1.2399769911738872 0.00013802698659737018
1.2525667220095937 0.00011064394203997205
1.2651332198084169 8.90815886818545e-05
1.2777516590554738 7.093741088580249e-05
1.2903456750126363 5.5954488044994575e-05
1.3029343638221438 4.3619695945322743e-05
1.3155376929046927 3.327919351504456e-05
1.3281174714819175 2.5368800208005247e-05
1.3407038618127107 1.891137503624367e-05
1.3533039956323645 1.3971296813800692e-05
1.3658801979009842 9.975007867340597e-06
1.3784547377611032 7.072579610603648e-06
1.3910282284727524 4.9873819000459506e-06
1.4036176088634365 3.494981227546502e-06
1.416230726684582 2.5768465634839147e-06
1.4288327238231309 2.034871232103604e-06
1.441435760560507 1.8148869371428486e-06
1.4540420662985825 1.8167078851163781e-06
1.4666290001310285 2.0232323387205647e-06
1.4792232339276101 2.352352158353251e-06
1.491797940567092 2.744643835996202e-06
1.5043420725912222 3.1691354890454206e-06
1.5169427293249744 3.6818775640111874e-06
1.5295424653470167 4.15559414690998e-06
1.5421299704605824 4.5367861481867755e-06
1.5547395520031315 5.0140799625114545e-06
1.5673496087201635 5.331916034473199e-06
1.579969987973016 5.67337078025959e-06
1.5925093854124435 5.922536979804501e-06
1.6050513674379843 6.111378595595619e-06
1.6176486600174467 6.093660159907323e-06
1.6302445001949653 6.048378365525941e-06
1.6428527694112223 5.969719441487756e-06
1.6554322216394621 5.824806039386813e-06
1.6680440255859132 5.694498911654116e-06
1.6806789206890473 5.4715415028382865e-06
1.6932331315939029 5.263363365727485e-06
1.7057845975195398 5.023006306917257e-06
1.7183896309732518 4.7468804387164414e-06
1.7309874185440797 4.488139304663375e-06
1.7435623448937674 4.21322272119857e-06
1.7561426634640496 3.953316386932432e-06
1.768745892175792 3.670818818693412e-06
1.7813334782050327 3.4027245350285274e-06
1.7938985526958373 3.1488038589953544e-06
1.8064980806819741 2.8933334115562076e-06
1.8190945363690536 2.6518188272529367e-06
1.8316935397102898 2.420078068040994e-06
1.8442938066535441 2.2058576412923957e-06
1.85688767919359 2.003483511705224e-06
1.8694996979258063 1.8113410061552387e-06
1.8820874678435362 1.6307036320593803e-06
1.89464800712909 1.4651167167075222e-06
1.9072244238241292 1.3129684585827355e-06
1.9197955083167093 1.170546048087094e-06
1.9324077190392577 1.0516225717500661e-06
1.9450267994293615 9.323968623363615e-07
1.9575901294986977 8.244384386129536e-07
1.9701677233625408 7.322977246209016e-07
1.9827403283412839 6.441625340203952e-07
1.995331474359653 5.687665419314204e-07
2.007947834664376 4.998302688863061e-07
2.0205022754362703 4.377759012505011e-07
2.033091375229658 3.8187848253413117e-07
2.0457223504519213 3.330891749392227e-07
2.058276346288367 2.892643996352764e-07
2.0708699090952476 2.5378890999391964e-07
2.083519949911574 2.205635441083145e-07
2.096097125641408 1.9153007612533338e-07
2.10862720608884 1.6778990121933085e-07
2.121187091512551 1.4448666881032106e-07
2.1338231323869667 1.2647443111280785e-07
2.146410287377126 1.0864177290104203e-07
2.1589635630855653 9.522257170685124e-08
2.171572232546311 8.240156851152691e-08
2.184206232503581 7.275695213302664e-08
2.1967582541876474 6.380225484812625e-08
2.2093298486834145 5.4946113071763835e-08
2.221925909239811 4.797499698297572e-08
2.234489591332651 4.144013830366922e-08
2.247040534594888 3.579488402096913e-08
2.259624100314442 3.070813769688623e-08
2.27222953149659 2.581514179735418e-08
2.2848348222229298 2.1727842743921417e-08
2.2974000386779987 1.7761100100674516e-08
2.3099677799709823 1.4743056848664648e-08
2.322578483572139 1.2521272584425338e-08
2.3351595212304197 1.0344828972584685e-08
2.3476935649900033 8.760206852016173e-09
2.360343316487162 7.4407508176493586e-09
2.3730332994737697 6.034970457346725e-09
2.385567863558981 5.1480300995492996e-09
2.398060143366863 4.302042466782103e-09
2.4107789685311087 3.5495681631587313e-09
2.4234531099437757 3.0588570334050316e-09
2.435831195209724 2.600190124505786e-09
2.4484709440435886 2.1629744080451274e-09
2.4612848053934573 1.8527461581510688e-09
2.473794880423975 1.5330159127893956e-09
2.486110768659134 1.3200034439818113e-09
2.4987555116598106 1.1526421858556995e-09
2.511584783245333 9.813691249651286e-10
2.5240933241388914 8.347216000556918e-10
2.5365627011107548 7.33439154370059e-10
2.5493077516226483 6.344168985004864e-10
2.561978439831311 5.654480407585582e-10
2.574212755798341 5.240481299211393e-10
2.586731940134884 4.349572252093043e-10
2.5998869040801766 3.9096462229272733e-10
2.6126019917307115 3.627778159171631e-10
2.624168567409617 3.3024178337223985e-10
2.636617431092511 3.044402301500531e-10
2.65028784762516 2.880596171663079e-10
2.663341593133421 2.5902234027883233e-10
2.674176912131966 2.717448707293343e-10
2.6865492607137385 2.2756742092359232e-10
2.70077704510104 2.3655908324589286e-10
2.7145884416410158 2.3011691452674165e-10
2.7248746414473413 1.9769057661874432e-10
2.7364378284531115 1.8767916377055514e-10
2.7506817507001893 1.6957215071752456e-10
2.7647976990558054 1.9956502134073245e-10
2.7766321634107682 1.7631670518631266e-10
2.7856940556078005 1.352943442092059e-10
