0.01783209187197508 33.78293002066474
0.030213835030787024 26.194639942774767
0.04297487357678422 18.47080283545237
0.05577583798436833 17.464006230024488
0.06882863412500559 15.814276144438521
0.08110696464570512 10.775074547348078
0.0937067455363178 9.291438114961998
0.10636019509318806 7.007950749238417
0.1191264305855798 7.032571018481005
0.13176693543452675 5.811907030151268
0.14419796924510378 5.076209516071809
0.15684580028039358 4.152537236349752
0.16972024869412158 3.5408119897366803
0.18227245710657144 3.252352423673751
0.19477416222977575 3.2306771429380925
0.20733408359476724 2.603351747105012
0.21991992144750183 2.273819036356668
0.23253646283801377 2.0653624800163324
0.24518505143884123 1.902122130701854
0.25783785074606774 1.7437849390303892
0.270397667377848 1.546601696712126
0.2829104411759611 1.399173893520573
0.2955705379804193 1.2715139789884462
0.3081399642793132 1.1450339217504384
0.32072160731469634 1.0928291127137966
0.33341168081967926 1.0188266395392525
0.3460758772037984 0.9473849662293337
0.358612857624404 0.864310428525301
0.3711536269502748 0.8236954136897856
0.38366727025124153 0.7448170772662129
0.3963071427257889 0.7041130044029741
0.40893995931531346 0.6422986893223063
0.4215634989091988 0.602597561494623
0.43418079502572204 0.5541901172076394
0.4467620576802408 0.5333407249987143
0.45936920285149746 0.5006035424771005
0.47189654828056316 0.47008721543593307
0.4844735038218256 0.4372641530359654
0.49708590060588487 0.40999225900371306
0.5096361353798303 0.3887126114552442
0.5222277017157831 0.3664790756343438
0.5348355227589757 0.34657985254253276
0.547492003978863 0.325103523405996
0.5601365361534097 0.30428417109707734
0.5727270239485912 0.2903377362215115
0.5852520646971244 0.2794874175529982
0.5977898476833514 0.2645719235795027
0.610399607484726 0.2448241171109479
0.623002092426748 0.23643315979058743
0.6356030860286804 0.22404366210494017
0.648230198028247 0.21239200771585384
0.660849546399435 0.2049966156994476
0.6734744173919002 0.18982505025795798
0.6860022567240318 0.18148638793474473
0.6985809637891282 0.1705507636267319
0.7111908491771053 0.16295171807567438
0.723714956594375 0.15700537820519941
0.7363081577644097 0.14697522794553936
0.7489074805118859 0.14152145296559093
0.761531955634142 0.13436227524849637
0.7741323050847929 0.1288285794431017
0.7866754473434153 0.12197097124160228
0.7993235825500573 0.11595847284896947
0.8119084864763928 0.1118093726408442
0.8245003008650996 0.10555341049171152
0.8371030476789447 0.10124517616509492
0.8496433960979598 0.09766996436161186
0.8622716392225005 0.09244713576226925
0.874881414055143 0.08855237916322789
0.8874320306379424 0.08416040950687416
0.8999827699152803 0.08025080170255097
0.9125618598383759 0.07751684380933768
0.9252292314560279 0.07379870971510732
0.9378544149867131 0.07022946555284496
0.9504457821018787 0.06687256224879022
0.9630431388995897 0.06437633775549738
0.9755988646043394 0.06151105705475289
0.9881575396632241 0.05911872299586344
1.0007426245805036 0.05669333335045934
1.013296182820834 0.05411784507607502
1.0258723107356649 0.05136750026135232
1.038536031126189 0.04944914753148725
1.051151951320789 0.04758680967315052
1.0637085884787174 0.04523293590387061
1.0762949902025627 0.043491397729890045
1.0889194251788588 0.04150330850079302
1.1015128135865726 0.039812051786303704
1.1140372123598785 0.03826992865498357
1.1266438572582165 0.03615921316110881
1.1392985127936937 0.034928483513480324
1.151880272522977 0.03344344329706571
1.1644525285109768 0.032013258553022846
1.1770445539533552 0.03065505520779482
1.1896240437944752 0.029655016126116488
1.2022063409730102 0.02828953185724746
1.2147708906645505 0.02706422425652236
1.2273521312637707 0.025727283419972016
1.2399769911738892 0.024878213366503657
1.2525667220095957 0.02354798506812317
1.2651332198084189 0.022673627798201514
1.2777516590554758 0.021709761885514198
1.2903456750126385 0.02087766777744619
1.302934363822146 0.019981377857434954
1.3155376929046947 0.018981417053042782
1.3281174714819197 0.018322575010211613
1.340703861812713 0.017488009768594034
1.3533039956323667 0.01680249813908499
1.3658801979009867 0.015978669376742936
1.3784547377611054 0.015286142419799292
1.3910282284727546 0.01471635701237617
1.4036176088634387 0.014109416099988214
1.4162307266845844 0.01352833940503346
1.4288327238231333 0.012874760139101953
1.4414357605605095 0.01227521633615632
1.454042066298585 0.011750432416379514
1.466629000131031 0.011173908721835827
1.4792232339276126 0.010728764124325177
1.4917979405670945 0.010226869031176734
1.5043420725912247 0.009758140439185777
1.516942729324977 0.009398147465477211
1.529542465347019 0.008967584141344624
1.542129970460585 0.008521054565215973
1.554739552003134 0.008259238874122728
1.567349608720166 0.00784754103927005
1.5799699879730185 0.007514854887127242
1.5925093854124461 0.007130609542472022
1.605051367437987 0.006766977538043645
1.6176486600174493 0.006273008207618543
1.630244500194968 0.005867254154381257
1.642852769411225 0.005492331204434651
1.6554322216394648 0.005091199078276872
1.668044025585916 0.004746276446040142
1.68067892068905 0.004397489509533695
1.6932331315939055 0.0041180921979091754
1.7057845975195425 0.003840737511045108
1.7183896309732545 0.0035782690386985524
1.7309874185440826 0.003333132156712091
1.7435623448937703 0.0030981488481212956
1.7561426634640525 0.002886135957337619
1.7687458921757948 0.0026743559152343234
1.7813334782050356 0.002501183745894026
1.7938985526958404 0.002321395520419898
1.806498080681977 0.0021634501662615812
1.8190945363690565 0.0020042837945423954
1.831693539710293 0.0018512214376788657
1.8442938066535473 0.0017294204079574512
1.856887679193593 0.0016039180612917954
1.8694996979258094 0.0014879786253268268
1.8820874678435393 0.0013802293287689467
1.8946480071290932 0.0012752304918629232
1.9072244238241323 0.0011834912803709984
1.9197955083167124 0.0010954916578926463
1.9324077190392608 0.0010189365408693558
1.9450267994293646 0.0009401327923174257
1.957590129498701 0.0008693134545687065
1.970167723362544 0.0008085495749918446
1.9827403283412872 0.0007487971036913054
1.9953314743596564 0.0006911093427509475
2.0079478346643795 0.0006397376382815129
2.0205022754362734 0.0005906190828372465
2.0330913752296613 0.0005452851966997817
2.045722350451925 0.0005039466658888098
2.0582763462883706 0.0004647965365437725
2.070869909095251 0.00043263469447524613
2.0835199499115777 0.00039746456259398674
2.0960971256414114 0.000368835737217854
2.1086272060888436 0.00034289404626068186
2.121187091512554 0.00031407295483647875
2.1338231323869703 0.00029287375254809776
2.1464102873771296 0.00026919177061458083
2.158963563085569 0.00025030217829445623
2.1715722325463145 0.00023108003606682223
2.1842062325035845 0.00021620179563454215
2.196758254187651 0.00020110753394971044
2.2093298486834185 0.0001863781145120016
2.2219259092398147 0.0001724723416755486
2.2344895913326543 0.00015935914227799934
2.2470405345948916 0.0001470121299193179
2.2596241003144457 0.00013599626321337781
2.272229531496594 0.0001250844598294373
2.2848348222229333 0.00011319013372905384
2.2974000386780022 0.00010288968111857477
2.3099677799709863 9.393941847609599e-05
2.322578483572143 8.565388926207751e-05
2.3351595212304237 7.814914716467423e-05
2.3476935649900073 7.104610097523915e-05
2.360343316487166 6.588317205943687e-05
2.3730332994737737 5.866898496132713e-05
2.385567863558985 5.485239326417324e-05
2.398060143366867 4.8641028921422946e-05
2.4107789685311127 4.4226881941191945e-05
2.4234531099437797 4.101976442076586e-05
2.435831195209728 3.735761776878636e-05
2.4484709440435926 3.333132288095446e-05
2.4612848053934613 3.113924515236015e-05
2.473794880423979 2.790249513658658e-05
2.486110768659138 2.607324553176695e-05
2.4987555116598146 2.3656467906363024e-05
2.511584783245337 2.1276373349957457e-05
2.5240933241388954 1.9671807265442527e-05
2.5365627011107588 1.786066056961164e-05
2.5493077516226523 1.606116959160226e-05
2.5619784398313152 1.4643903471826016e-05
2.5742127557983454 1.409764701088137e-05
2.5867319401348885 1.242001935811789e-05
2.599886904080181 1.1375874209313337e-05
2.6126019917307155 1.1095468635892348e-05
2.6241685674096216 1.0024239209997741e-05
2.6366174310925152 9.08090621633055e-06
2.6502878476251643 8.877870426907282e-06
2.6633415931334254 7.819921540851535e-06
2.6741769121319705 8.474952128179785e-06
2.686549260713743 7.728278997076806e-06
2.7007770451010447 6.9139397016488636e-06
2.71458844164102 6.688423499973111e-06
2.7248746414473457 6.828068147496596e-06
2.736437828453116 6.403332717385699e-06
2.7506817507001937 7.082031809624811e-06
2.7647976990558103 7.476641833946993e-06
2.7766321634107727 8.557332922076742e-06
2.785694055607805 2.810739483199417e-06
