0.01783209187197505 33.42429766481288
0.03021383503078697 26.075560701323994
0.04297487357678415 18.389864218834433
0.055775837984368234 17.37790184736154
0.06882863412500548 15.77133197663435
0.08110696464570498 10.746141825743342
0.09370674553631765 9.338168086007702
0.10636019509318788 6.993075198735237
0.1191264305855796 7.042689619114177
0.13176693543452653 5.818366711531779
0.14419796924510356 5.070983102841528
0.15684580028039333 4.171178622494844
0.1697202486941213 3.5602288175094334
0.18227245710657114 3.266608613969529
0.19477416222977542 3.234219468737247
0.2073340835947669 2.5974066823719273
0.21991992144750147 2.272590867043359
0.23253646283801338 2.043287763126777
0.2451850514388408 1.8879059190924399
0.2578378507460673 1.7194962570211247
0.27039766737784754 1.515586856061843
0.2829104411759606 1.3665029551462835
0.2955705379804188 1.2334370715115432
0.30813996427931273 1.1128043610422516
0.3207216073146958 1.0482505428148094
0.3334116808196787 0.9696832654436628
0.34607587720379784 0.8972409744255666
0.3586128576244034 0.8048264445086781
0.3711536269502742 0.765268803235228
0.3836672702512409 0.6831880995493045
0.3963071427257882 0.6410147145457422
0.4089399593153128 0.5732240443567529
0.4215634989091981 0.5328738722915806
0.4341807950257213 0.48672298500557276
0.44676205768024 0.45749389394090295
0.45936920285149674 0.42620803731978635
0.4718965482805624 0.39650452564069555
0.48447350382182475 0.3636226147796821
0.49708590060588403 0.3352255088532784
0.5096361353798295 0.3130017860440139
0.5222277017157823 0.2910233504634045
0.5348355227589748 0.2708780905563455
0.5474920039788621 0.24927204316486046
0.5601365361534087 0.22927177576124005
0.5727270239485902 0.21542691486456603
0.5852520646971234 0.2029809892629736
0.5977898476833504 0.18766687216823277
0.610399607484725 0.1707392532132173
0.623002092426747 0.1611307129518988
0.6356030860286793 0.1497175228152835
0.6482301980282459 0.13879307652321374
0.6608495463994339 0.1308954368649984
0.6734744173918991 0.11906669372522605
0.6860022567240306 0.1108747481525685
0.6985809637891269 0.10163514295294375
0.7111908491771041 0.09498680567953931
0.7237149565943738 0.08928995026610678
0.7363081577644085 0.08120328890877815
0.7489074805118847 0.07635499683665384
0.7615319556341408 0.07034166618176428
0.7741323050847916 0.06593918188708982
0.786675447343414 0.060785679080201487
0.7993235825500561 0.05611529266771331
0.8119084864763915 0.05239049547326504
0.8245003008650983 0.047918059662109345
0.8371030476789433 0.04455073950715014
0.8496433960979584 0.04177878220212212
0.862271639222499 0.038318567958048375
0.8748814140551415 0.0355366865915812
0.887432030637941 0.03265508823806731
0.8999827699152788 0.03013740779043175
0.9125618598383743 0.02818098044542863
0.9252292314560263 0.025906600520924684
0.9378544149867115 0.023735263119421566
0.9504457821018771 0.021922735808443176
0.9630431388995881 0.020289353646881607
0.9755988646043379 0.01866675175480291
0.9881575396632225 0.01730389276637906
1.0007426245805018 0.015898254720400053
1.0132961828208324 0.014600282877038734
1.025872310735663 0.013318478450242938
1.0385360311261873 0.012311852778066098
1.0511519513207872 0.011347560755847523
1.0637085884787156 0.010374521202746526
1.076294990202561 0.009516491030188213
1.088919425178857 0.008729259340161529
1.1015128135865706 0.008000718127052699
1.1140372123598765 0.007337694763733847
1.1266438572582145 0.006611526860909478
1.1392985127936917 0.006112529748941883
1.151880272522975 0.005591783857284755
1.164452528510975 0.005088356064510057
1.1770445539533532 0.004640118072252888
1.1896240437944732 0.004275598420467782
1.2022063409730082 0.003875550546163979
1.2147708906645485 0.0035192482218886316
1.2273521312637687 0.0031742782356707524
1.2399769911738872 0.002908180499697489
1.2525667220095937 0.0026082194608143044
1.2651332198084169 0.0023779551623382103
1.2777516590554738 0.002151625093982777
1.2903456750126363 0.001953785320376292
1.3029343638221438 0.001763048220877685
1.3155376929046927 0.0015838379121623078
1.3281174714819175 0.0014377108486548118
1.3407038618127107 0.0012887979821899907
1.3533039956323645 0.0011669020357143415
1.3658801979009842 0.0010384802078272923
1.3784547377611032 0.0009317917534158444
1.3910282284727524 0.0008414016341269301
1.4036176088634365 0.0007526397218750526
1.416230726684582 0.0006751871970528552
1.4288327238231309 0.0005996788829217272
1.441435760560507 0.0005310736201714553
1.4540420662985825 0.0004740217692573481
1.4666290001310285 0.00041895516938718634
1.4792232339276101 0.0003727913384061329
1.491797940567092 0.0003291986957627975
1.5043420725912222 0.00029071131654092897
1.5169427293249744 0.0002580233308506176
1.5295424653470167 0.00022649697035454996
1.5421299704605824 0.00019901297442857614
1.5547395520031315 0.0001760368832356842
1.5673496087201635 0.00015375352954495678
1.579969987973016 0.00013422003786981964
1.5925093854124435 0.00011643030650011235
1.6050513674379843 0.0001005314590248666
1.6176486600174467 8.51585941361685e-05
1.6302445001949653 7.247706262267915e-05
1.6428527694112223 6.181132202560602e-05
1.6554322216394621 5.217441370525249e-05
1.6680440255859132 4.4032515381246165e-05
1.6806789206890473 3.7070209352155446e-05
1.6932331315939029 3.134443651860056e-05
1.7057845975195398 2.6366932947131636e-05
1.7183896309732518 2.2159997756924244e-05
1.7309874185440797 1.8558624422756185e-05
1.7435623448937674 1.556451783323652e-05
1.7561426634640496 1.2987321935370943e-05
1.768745892175792 1.080338306475e-05
1.7813334782050327 9.101659686139628e-06
1.7938985526958373 7.551398864279738e-06
1.8064980806819741 6.321747979240396e-06
1.8190945363690536 5.299397717748213e-06
1.8316935397102898 4.41022104972005e-06
1.8442938066535441 3.7300176544457593e-06
1.85688767919359 3.1525206111962866e-06
1.8694996979258063 2.684051544807866e-06
1.8820874678435362 2.2942091173860403e-06
1.89464800712909 1.9756790815976527e-06
1.9072244238241292 1.7246199247292994e-06
1.9197955083167093 1.5242248397292686e-06
1.9324077190392577 1.3480393006379199e-06
1.9450267994293615 1.2159805455344496e-06
1.9575901294986977 1.1075328754032293e-06
1.9701677233625408 1.0170558043281727e-06
1.9827403283412839 9.447262726971712e-07
1.995331474359653 8.799784844885426e-07
2.007947834664376 8.315958886232905e-07
2.0205022754362703 7.874471510457431e-07
2.033091375229658 7.500468843871829e-07
2.0457223504519213 7.066290739563863e-07
2.058276346288367 6.76883377472378e-07
2.0708699090952476 6.50159545820775e-07
2.083519949911574 6.23043520299656e-07
2.096097125641408 5.906651821527945e-07
2.10862720608884 5.689732436368807e-07
2.121187091512551 5.384478534518189e-07
2.1338231323869667 5.204683802174362e-07
2.146410287377126 4.947083971725181e-07
2.1589635630855653 4.7072384089357066e-07
2.171572232546311 4.4458809454775927e-07
2.184206232503581 4.2085645076749805e-07
2.1967582541876474 4.0284530287659735e-07
2.2093298486834145 3.7730786927810377e-07
2.221925909239811 3.6131248067213133e-07
2.234489591332651 3.391591402889362e-07
2.247040534594888 3.159062169066802e-07
2.259624100314442 2.9829490790673566e-07
2.27222953149659 2.7121281732206067e-07
2.2848348222229298 2.499137408507525e-07
2.2974000386779987 2.3045423274956595e-07
2.3099677799709823 2.1112292014403851e-07
2.322578483572139 1.942443709190872e-07
2.3351595212304197 1.772110511378692e-07
2.3476935649900033 1.6430759809574793e-07
2.360343316487162 1.5185302480025485e-07
2.3730332994737697 1.3827532581094328e-07
2.385567863558981 1.266880201600644e-07
2.398060143366863 1.148916189887515e-07
2.4107789685311087 1.0416985391788124e-07
2.4234531099437757 9.521686998582963e-08
2.435831195209724 8.848429625728295e-08
2.4484709440435886 7.846628494674849e-08
2.4612848053934573 7.275555535167456e-08
2.473794880423975 6.511189183056717e-08
2.486110768659134 6.038184353447336e-08
2.4987555116598106 5.4501034861325136e-08
2.511584783245333 4.821661278960373e-08
2.5240933241388914 4.400427052611419e-08
2.5365627011107548 4.000716112058415e-08
2.5493077516226483 3.534109259191059e-08
2.561978439831311 3.183851510444766e-08
2.574212755798341 3.038140627550375e-08
2.586731940134884 2.761809168614438e-08
2.5998869040801766 2.4105795215179544e-08
2.6126019917307115 2.2875681316859928e-08
2.624168567409617 2.1325896276142407e-08
2.636617431092511 1.881004068495605e-08
2.65028784762516 1.7938385954356113e-08
2.663341593133421 1.548292247695626e-08
2.674176912131966 1.581051977200124e-08
2.6865492607137385 1.4224459292138012e-08
2.70077704510104 1.3453458933226241e-08
2.7145884416410158 1.3948224752404842e-08
2.7248746414473413 1.1753156095196347e-08
2.7364378284531115 1.287494219256297e-08
2.7506817507001893 1.2447761195403458e-08
2.7647976990558054 1.193903279014268e-08
2.7766321634107682 6.131271491105241e-09
2.7856940556078005 6.832485980339741e-09
