0.01783209187197505 33.42811019662863
0.03021383503078697 26.082448045190095
0.04297487357678415 18.399461918129123
0.055775837984368234 17.392839020635236
0.06882863412500548 15.791481244705802
0.08110696464570498 10.76600719795947
0.09370674553631765 9.363063501824325
0.10636019509318788 7.018979027514816
0.1191264305855796 7.075981283378342
0.13176693543452653 5.852609851797386
0.14419796924510356 5.108261598701261
0.15684580028039333 4.209809800316186
0.1697202486941213 3.6007127894800175
0.18227245710657114 3.310401950811752
0.19477416222977542 3.2843628367406796
0.2073340835947669 2.6445764060815176
0.21991992144750147 2.321008389532268
0.23253646283801338 2.093890953358006
0.2451850514388408 1.9410544497408255
0.2578378507460673 1.7738288854832713
0.27039766737784754 1.5694961753103458
0.2829104411759606 1.4213976842323164
0.2955705379804188 1.2891559011435583
0.30813996427931273 1.1685878583753058
0.3207216073146958 1.106138444611717
0.3334116808196787 1.0286897885407116
0.34607587720379784 0.957578479762727
0.3586128576244034 0.8643381752930451
0.3711536269502742 0.8271219876682875
0.3836672702512409 0.743270894040813
0.3963071427257882 0.7022807468172726
0.4089399593153128 0.6328285454240896
0.4215634989091981 0.5930308609130145
0.4341807950257213 0.5461773851349028
0.44676205768024 0.517790739363181
0.45936920285149674 0.4866533586818111
0.4718965482805624 0.45698437864554614
0.48447350382182475 0.4232422073242433
0.49708590060588403 0.394221450772329
0.5096361353798295 0.3720140873525072
0.5222277017157823 0.3496886243515922
0.5348355227589748 0.329222977244234
0.5474920039788621 0.30663431271207703
0.5601365361534087 0.2855739532126503
0.5727270239485902 0.27174768071851085
0.5852520646971234 0.2594611733729897
0.5977898476833504 0.2432169246973688
0.610399607484725 0.22444771239433106
0.623002092426747 0.21496488472369057
0.6356030860286793 0.2028127282003601
0.6482301980282459 0.190975737024631
0.6608495463994339 0.18305793749905666
0.6734744173918991 0.16930502457164961
0.6860022567240306 0.16042789673931654
0.6985809637891269 0.1496876181872296
0.7111908491771041 0.14248392504381735
0.7237149565943738 0.13645722930770632
0.7363081577644085 0.12654473234609515
0.7489074805118847 0.12137842320261451
0.7615319556341408 0.11415658472268912
0.7741323050847916 0.10929412163814085
0.786675447343414 0.10295908628057188
0.7993235825500561 0.09719359110229447
0.8119084864763915 0.0928412577149864
0.8245003008650983 0.08694427812214957
0.8371030476789433 0.08280926826609256
0.8496433960979584 0.07958305323643496
0.862271639222499 0.07488490736663576
0.8748814140551415 0.07126402277523121
0.887432030637941 0.06725127849917016
0.8999827699152788 0.06377200978026916
0.9125618598383743 0.061333570286167385
0.9252292314560263 0.05802839757122539
0.9378544149867115 0.05475033691869085
0.9504457821018771 0.05210674194034833
0.9630431388995881 0.04972861303704093
0.9755988646043379 0.04720127513882531
0.9881575396632225 0.04517775245508493
1.0007426245805018 0.04290875042902089
1.0132961828208324 0.04073755730877715
1.025872310735663 0.03845694594172007
1.0385360311261873 0.036833693865791446
1.0511519513207872 0.03518468637061822
1.0637085884787156 0.03335916426588456
1.076294990202561 0.031761161781642726
1.088919425178857 0.03027556164848014
1.1015128135865706 0.028852240552351863
1.1140372123598765 0.02753623138841593
1.1266438572582145 0.025834107644855744
1.1392985127936917 0.024894736982184695
1.151880272522975 0.023750365727139504
1.164452528510975 0.022573060870354364
1.1770445539533532 0.021514113537334432
1.1896240437944732 0.020730272635114712
1.2022063409730082 0.019670667214812313
1.2147708906645485 0.01871286766121752
1.2273521312637687 0.017700308219415185
1.2399769911738872 0.017033234871869887
1.2525667220095937 0.016048070705023672
1.2651332198084169 0.01539792749531504
1.2777516590554738 0.014670216771801121
1.2903456750126363 0.01404299977440316
1.3029343638221438 0.013372277107856222
1.3155376929046927 0.012681114479901803
1.3281174714819175 0.012182244642023452
1.3407038618127107 0.01156428670373083
1.3533039956323645 0.01109093511758234
1.3658801979009842 0.010480877898356167
1.3784547377611032 0.009988810300947002
1.3910282284727524 0.009593607055470908
1.4036176088634365 0.009146957254527634
1.416230726684582 0.00874999039470685
1.4288327238231309 0.008297542270463556
1.441435760560507 0.007864622291864073
1.4540420662985825 0.007520408558915921
1.4666290001310285 0.007122912184734989
1.4792232339276101 0.006812465990721147
1.491797940567092 0.006473084629198758
1.5043420725912222 0.0061597988436614855
1.5169427293249744 0.005910105917134989
1.5295424653470167 0.005618340468157636
1.5421299704605824 0.005339675869636487
1.5547395520031315 0.005138307611479449
1.5673496087201635 0.004877949034275286
1.579969987973016 0.004645586001706995
1.5925093854124435 0.004403475553733419
1.6050513674379843 0.004162862052460942
1.6176486600174467 0.003852707017369947
1.6302445001949653 0.0035973768294818016
1.6428527694112223 0.0033658115281594756
1.6554322216394621 0.003115445365354731
1.6680440255859132 0.0028985328769794826
1.6806789206890473 0.002690261085292758
1.6932331315939029 0.0025142987449517378
1.7057845975195398 0.0023414170596417925
1.7183896309732518 0.0021797480761275518
1.7309874185440797 0.0020284071657134233
1.7435623448937674 0.0018866043159256301
1.7561426634640496 0.0017568976039605707
1.768745892175792 0.0016242671704316267
1.7813334782050327 0.0015229983687174006
1.7938985526958373 0.0014070547044889112
1.8064980806819741 0.0013144312103304558
1.8190945363690536 0.0012166797152639412
1.8316935397102898 0.0011231103244971692
1.8442938066535441 0.0010494636221350705
1.85688767919359 0.0009736988687263197
1.8694996979258063 0.000903267384096573
1.8820874678435362 0.0008371752295515327
1.89464800712909 0.000773431889226321
1.9072244238241292 0.0007173812552650582
1.9197955083167093 0.000663378038408689
1.9324077190392577 0.0006184477451096022
1.9450267994293615 0.0005697114627825878
1.9575901294986977 0.0005265571448863027
1.9701677233625408 0.0004912098814093521
1.9827403283412839 0.00045519476557941564
1.995331474359653 0.0004198757294575471
2.007947834664376 0.00038866838908808055
2.0205022754362703 0.0003598540260221704
2.033091375229658 0.0003324663244111574
2.0457223504519213 0.00030736707360028484
2.058276346288367 0.0002826973719130242
2.0708699090952476 0.00026312164572301754
2.083519949911574 0.0002421567295525774
2.096097125641408 0.00022464775818174847
2.10862720608884 0.00020877537294286088
2.121187091512551 0.00019187783655959543
2.1338231323869667 0.00017896761468706525
2.146410287377126 0.0001645966588816575
2.1589635630855653 0.00015265688463210076
2.171572232546311 0.00014113448236075993
2.184206232503581 0.0001317246307067016
2.1967582541876474 0.00012226019940509927
2.2093298486834145 0.00011335483580442517
2.221925909239811 0.00010461255176153355
2.234489591332651 9.701449046246917e-05
2.247040534594888 8.961293509726054e-05
2.259624100314442 8.283036898170538e-05
2.27222953149659 7.617341003720844e-05
2.2848348222229298 6.879256776643936e-05
2.2974000386779987 6.295813512393192e-05
2.3099677799709823 5.745377572316073e-05
2.322578483572139 5.237764741756488e-05
2.3351595212304197 4.7899800247991364e-05
2.3476935649900033 4.353302689824504e-05
2.360343316487162 4.018770982470485e-05
2.3730332994737697 3.594804585956589e-05
2.385567863558981 3.340249465112945e-05
2.398060143366863 2.9958517463019167e-05
2.4107789685311087 2.7309873651537283e-05
2.4234531099437757 2.5207936580280112e-05
2.435831195209724 2.2953694286516623e-05
2.4484709440435886 2.0386611675076937e-05
2.4612848053934573 1.9140433917653412e-05
2.473794880423975 1.742957166151647e-05
2.486110768659134 1.6230526583415983e-05
2.4987555116598106 1.4656336456325792e-05
2.511584783245333 1.3209526749621465e-05
2.5240933241388914 1.2141927354502152e-05
2.5365627011107548 1.1128665490189566e-05
2.5493077516226483 9.945052119464066e-06
2.561978439831311 9.040784420308192e-06
2.574212755798341 8.71931663026112e-06
2.586731940134884 7.751926011932123e-06
2.5998869040801766 7.034783483888884e-06
2.6126019917307115 6.741466188763064e-06
2.624168567409617 6.203299874607608e-06
2.636617431092511 5.618679490290767e-06
2.65028784762516 5.465522430084916e-06
2.663341593133421 4.766526664114896e-06
2.674176912131966 5.135173028254568e-06
2.6865492607137385 4.59425438845586e-06
2.70077704510104 4.250932069499993e-06
2.7145884416410158 4.105848231049906e-06
2.7248746414473413 4.00119236455095e-06
2.7364378284531115 3.861667605264226e-06
2.7506817507001893 4.080502634448854e-06
2.7647976990558054 4.1000022910599755e-06
2.7766321634107682 3.686736133287276e-06
2.7856940556078005 1.8155370714537407e-06
