17.799282449393907 3.0853391106880956e-09
30.158244330131154 9.956422390096807e-10
42.89580372913673 1.1688481880642137e-09
55.67321552978553 7.510667772905321e-10
68.70199571606821 9.626617996894874e-10
80.9577352285149 9.222444169535913e-10
93.5343336715136 9.604616091886226e-10
106.16450203531903 9.33460481094507e-10
118.9072488188118 9.493024746434913e-10
131.52449629177582 9.9890679459444e-10
143.9326581339747 8.793736749954577e-10
156.55721831376695 9.38041353103161e-10
169.40797891669078 9.703683522090236e-10
181.9370924105474 9.50523752813045e-10
194.41579553660424 9.695349274623605e-10
206.95260779187328 9.391555453747486e-10
219.51528885091182 9.074901939609222e-10
232.10861695601864 9.164672396589066e-10
244.73393330749704 9.128590034065546e-10
257.3634526180588 9.485706312798795e-10
269.90016033281614 9.167203923349051e-10
282.3899117684295 9.036572833368368e-10
295.02671514949367 8.988665393314101e-10
307.57301485045366 9.148149549429456e-10
320.13150881022204 9.248530234325254e-10
332.79823373741607 9.256223971110665e-10
345.4391291552885 9.126880338275801e-10
357.9530426754169 8.993617472606717e-10
370.4707381295704 9.008891345735346e-10
382.9613574682314 9.365175359223286e-10
395.5779737303071 9.116349799740352e-10
408.18754708954486 8.999657343988632e-10
420.78786052196915 8.952845533290932e-10
433.3819419644603 8.894620626389146e-10
445.9400562432304 8.83322522873268e-10
458.52400541726837 8.861087333135068e-10
471.0283016733625 9.260013352821694e-10
483.5821167635718 8.890522656586544e-10
496.17130788792383 8.97944893155258e-10
508.6984513745909 8.818684399455508e-10
521.266850376961 8.950665099477268e-10
533.8514741793921 8.896912085375856e-10
546.4846686282311 8.802210397594808e-10
559.1059360168832 8.859940926696247e-10
571.6732584628986 8.790269758229254e-10
584.1752542788623 8.846022355239511e-10
596.6899688879645 8.782903722066346e-10
609.2765278814395 8.734763516024559e-10
621.8558254006394 8.784241216376367e-10
634.4336343236796 8.811900060585549e-10
647.0375135888845 8.775195345969287e-10
659.6336435100791 8.629152002546578e-10
672.2352858914313 8.730428586401432e-10
684.7400751418547 8.623551910588529e-10
697.2956385332539 8.492949889008076e-10
709.8823228822636 8.579471675844721e-10
722.383387084208 8.56178813382914e-10
734.9534179127145 8.547292977630632e-10
747.5295590555182 8.423399077514726e-10
760.1308062950264 8.54284274866336e-10
772.7079722519646 8.472445730761994e-10
785.22803627289 8.462157725914959e-10
797.8529000643869 8.326708215982472e-10
810.4146489153657 8.322555671973788e-10
822.9832955140954 8.431212253698146e-10
835.5628544232982 8.265450102119318e-10
848.0801297450262 8.281028331224966e-10
860.6851380540385 8.22556562527949e-10
873.2717120511252 8.220205674245645e-10
885.7992366441526 8.265019241879637e-10
898.3268837059719 8.106580368473852e-10
910.8828292509464 8.19156057714331e-10
923.5268940602116 8.14851780980527e-10
936.128848404742 8.128488025987567e-10
948.6970485528731 8.099504464149769e-10
961.27122736308 8.00454329026633e-10
973.8038516777394 8.028196136399471e-10
986.3394199199912 7.930782502900312e-10
998.9013494289071 7.952739866170361e-10
1011.4318102670842 7.874665858422552e-10
1023.984799253619 7.878844058819489e-10
1036.6252195536813 7.780459796922067e-10
1049.2179276058198 7.828660911245772e-10
1061.7514616966673 7.791828732382817e-10
1074.3147055893453 7.788954692140263e-10
1086.9159127567582 7.766532810471204e-10
1099.4861304784436 7.66488777956817e-10
1111.9874855003557 7.613404282428046e-10
1124.5709353219315 7.699050059621585e-10
1137.2023074454532 7.527397806613379e-10
1149.7609178844157 7.562602963031615e-10
1162.310042068112 7.469677190463433e-10
1174.8788993321937 7.49222062896591e-10
1187.4352440593798 7.368234869118482e-10
1199.9943909587364 7.437951594363172e-10
1212.5358230248555 7.345162782887387e-10
1225.0939152889068 7.352207595767127e-10
1237.695546608303 7.308213948908751e-10
1250.2621134875799 7.25797343494808e-10
1262.8054900766422 7.239403290339175e-10
1275.400712546411 7.215686326949417e-10
1287.9715566629113 7.172494837484851e-10
1300.5370834332223 7.166496003068263e-10
1313.1172235398076 7.055631061450354e-10
1325.6738564718507 7.039506538206217e-10
1338.2370889924387 6.977258318580587e-10
1350.8140397151212 6.964327558150748e-10
1363.367102918641 6.950135587005536e-10
1375.9185067723397 6.92792435921789e-10
1388.4688634079062 6.866541894676396e-10
1401.0350804869474 6.798670156986104e-10
1413.6249913217434 6.798775992543778e-10
1426.2038019349843 6.731637395873115e-10
1438.7836502342852 6.745288296812426e-10
1451.3667615196225 6.695265899650021e-10
1463.93053654187 6.653978013620553e-10
1476.5015980969845 6.619466799851597e-10
1489.0531684231876 6.561537590969834e-10
1501.5742203885422 6.539367306990547e-10
1514.1516930632092 6.498640276538854e-10
1526.7282467201912 6.474565865043377e-10
1539.2925919724535 6.381178675673178e-10
1551.8789730350827 6.365553240927084e-10
1564.4658283979172 6.305658466489802e-10
1577.062987304048 6.261186646376827e-10
1589.5793133959044 6.262924137897573e-10
1602.098219318471 6.214732081715955e-10
1614.6728123454723 6.167923146750791e-10
1627.245897674773 6.120718166313525e-10
1639.830599792207 6.085409863824916e-10
1652.3905272785578 6.053812993569979e-10
1664.979414016081 6.0323458799174e-10
1677.5918618421556 6.008766243772397e-10
1690.126927940609 5.916489449500224e-10
1702.6565735125293 5.898782009245298e-10
1715.239652780402 5.851901133721848e-10
1727.811695412483 5.823281979966156e-10
1740.3677490975194 5.785652273929431e-10
1752.9282192150536 5.742292012952651e-10
1765.500774679947 5.70775417721629e-10
1778.0665536787737 5.643167466760934e-10
1790.6168494226254 5.598883645959731e-10
1803.191304333419 5.57502604704908e-10
1815.7666656189658 5.548646014368369e-10
1828.3488212639727 5.514297159810886e-10
1840.9261635435228 5.449326809881593e-10
1853.4868830529422 5.434820325676324e-10
1866.0648394709856 5.375217127198504e-10
1878.6531571147755 5.317955285640639e-10
1891.1949620796393 5.299258048566634e-10
1903.7320037090342 5.262621743718064e-10
1916.2826511063677 5.221315093281267e-10
1928.8701890218213 5.210470953088176e-10
1941.4711267136497 5.15898973162995e-10
1954.0161536900057 5.12986924072086e-10
1966.5646650726826 5.046159125806523e-10
1979.1139383933348 5.045113957764637e-10
1991.6912603842213 5.016054771347527e-10
2004.2724214876746 4.956153221201208e-10
2016.8096506702707 4.919971140222954e-10
2029.388299672487 4.910770631474208e-10
2041.9851108745945 4.846697618927199e-10
2054.5479608747887 4.82206569143703e-10
2067.1183637920344 4.777595720762262e-10
2079.69511478519 4.714134274448153e-10
2092.25394988661 4.7050878597997e-10
2104.806873622057 4.665202138850228e-10
2117.3614093032174 4.6242281619942664e-10
2129.928666131578 4.613850989365216e-10
2142.5135548816706 4.553223189298643e-10
2155.088097602156 4.5274941510596995e-10
2167.649640376087 4.489422254753034e-10
2180.216047885633 4.436449036485e-10
2192.779331913286 4.415560055934932e-10
2205.362264117683 4.3803499551529853e-10
2217.92609518976 4.352734204937806e-10
2230.4508569275185 4.306239545423596e-10
2243.0042552295354 4.2734866122724554e-10
2255.585147649584 4.2429340203080527e-10
2268.179105336766 4.1969438077946857e-10
2280.7280993008117 4.155887448844434e-10
2293.278360641959 4.1403676264611773e-10
2305.8848259833 4.085378381214135e-10
2318.4578135021575 4.0535966586821347e-10
2331.017443774536 4.025721589130941e-10
2343.5861525124205 4.0054836361843915e-10
2356.174872739318 3.962680286491136e-10
2368.7353085030536 3.9309420189455114e-10
2381.2692845985334 3.914013920745134e-10
2393.8244176688013 3.8645395308006555e-10
2406.4031547082923 3.8382271504785066e-10
2418.9736888834113 3.8039068913478354e-10
2431.52780414962 3.761082543610877e-10
2444.0995103422933 3.7282428742792494e-10
2456.681233242974 3.7048102912588287e-10
2469.2659731538656 3.6818093495675944e-10
2481.804494353713 3.6445158737739514e-10
2494.349678289375 3.588690616159522e-10
2506.9309198668843 3.5873741079738783e-10
2519.499903784357 3.556476454849752e-10
2532.064286254508 3.5175095223587276e-10
2544.6325769440127 3.4949286131380634e-10
2557.208310117243 3.446610094489217e-10
2569.7731778671878 3.434309210507385e-10
2582.350840133166 3.40887089624897e-10
2594.9314527475444 3.3754601875684695e-10
2607.4836540238884 3.3443282930102855e-10
2620.0346458455233 3.3164237733765624e-10
2632.6028953257733 3.2813780702608566e-10
2645.173520726606 3.2624571894366176e-10
2657.730984905749 3.217627727801676e-10
2670.289609909111 3.201843588104569e-10
2682.8810325445497 3.173553780927503e-10
2695.4617368341887 3.138985830615746e-10
2708.003179989755 3.1260717632056505e-10
2720.565218595557 3.0895959853522274e-10
2733.1313729151952 3.063353947966202e-10
2745.702996964865 3.0486612813698224e-10
2758.2707458588034 3.0063653372609753e-10
2770.8191342981145 2.985766078831262e-10
2783.3972824385987 2.967921595745079e-10
2795.9689028789417 2.9292297897289986e-10
2808.5357668183638 2.919013230694666e-10
2821.1095589697384 2.897807897189868e-10
2833.6756670949308 2.863784563737638e-10
2846.236354374274 2.8386402039648494e-10
2858.79560232848 2.8238001804450874e-10
2871.373843645574 2.797829569687975e-10
2883.954243538599 2.7648220091355645e-10
2896.5073357066644 2.743267235167419e-10
2909.064697944345 2.728290184482193e-10
2921.6386383037598 2.707072291280492e-10
2934.2207288040527 2.6848077941756414e-10
2946.785817897924 2.6523517335631713e-10
2959.3399304871978 2.638261502334636e-10
2971.912289205687 2.624317577344336e-10
2984.46722152623 2.589840724475006e-10
2997.00494075996 2.5776306832286817e-10
3009.571504102365 2.555184947046478e-10
3022.151983789152 2.5426439770937984e-10
3034.723269970324 2.5208000996837876e-10
3047.297141938261 2.5030039508064097e-10
3059.876071431784 2.474780568567977e-10
3072.460353827784 2.4579050189075284e-10
3085.0214375587766 2.43749826790855e-10
3097.56792616596 2.417825178865696e-10
3110.1461395593024 2.4106496302758683e-10
3122.7146498544676 2.386371941705332e-10
3135.258242106282 2.365149680467179e-10
3147.827394808765 2.350108047439248e-10
3160.407090461748 2.3353167667277715e-10
3172.9707868690757 2.3177158451385165e-10
3185.520028526011 2.3120066084003697e-10
3198.0928727893415 2.2895797960140552e-10
3210.684273274958 2.2695741810448473e-10
3223.239536727099 2.2506305269208822e-10
3235.794336704776 2.2289460090223798e-10
3248.365417080094 2.2009529732583057e-10
3260.9281598919256 2.1778296643885955e-10
3273.4964936633673 2.1477172039074545e-10
3286.0602765369263 2.12710883418488e-10
3298.616161266458 2.1021544901784053e-10
3311.184497268825 2.077044410498504e-10
3323.7565519663412 2.0583998230468661e-10
3336.336479870555 2.037873904614581e-10
3348.8991222089053 2.008957003050071e-10
3361.442771262142 1.994373652718999e-10
3374.0243084776243 1.9622879503276084e-10
3386.614961597868 1.943105592589304e-10
3399.16128606973 1.921054283767417e-10
3411.723586887969 1.9003450181167257e-10
3424.3034483758647 1.8744899245521537e-10
3436.8707723403413 1.853647543804101e-10
3449.4368938720895 1.8345305968376899e-10
3461.9898368720965 1.815768854064313e-10
3474.572720638132 1.794977467582574e-10
3487.1326051509195 1.7709829959947572e-10
3499.6720155540056 1.750396031845544e-10
3512.2465573827917 1.7347454810570284e-10
3524.8212321125134 1.7125159925715833e-10
3537.387157918102 1.6912315636386178e-10
3549.9534967742106 1.671023913517898e-10
3562.5272432128218 1.6569325475680052e-10
3575.0914952116 1.638369405205836e-10
3587.654584597485 1.6130010798322918e-10
3600.2154434833064 1.5954330214957866e-10
3612.781827813574 1.5767305284628118e-10
3625.349028548668 1.5619615660179583e-10
3637.907270470111 1.5454495776997345e-10
3650.477005817321 1.5287568111449534e-10
3663.04737240162 1.5075849365446701e-10
3675.6208179613163 1.4878230502969887e-10
3688.192852242157 1.4776401699731004e-10
3700.7538430059562 1.4580598483853552e-10
3713.3214918772564 1.4354272514446745e-10
3725.88719617525 1.4253871930956621e-10
3738.4440983479285 1.408670174289827e-10
3751.0156271459587 1.3872612121736593e-10
3763.58999013167 1.374453664578158e-10
3776.155626274999 1.3563750411396028e-10
3788.70489003149 1.3441587326207838e-10
3801.275937702054 1.331296983646136e-10
3813.8566744571744 1.3171814003583062e-10
3826.404431717055 1.2965739578800515e-10
3838.9644689081924 1.2905221052107667e-10
3851.5402114943618 1.2714622818224137e-10
3864.1298207037257 1.255777443428838e-10
3876.681423024082 1.2418278827951553e-10
3889.2165722518703 1.230261009371381e-10
3901.7937228048927 1.2171318079159627e-10
3914.376239464566 1.203670505583332e-10
3926.950184147634 1.1930107855015514e-10
3939.510656203867 1.173595184367267e-10
3952.082754993091 1.159946265181294e-10
3964.66520672985 1.1495859732080046e-10
3977.223438611204 1.1381866561829773e-10
3989.775857376849 1.1271141449153563e-10
4002.346082688934 1.1125728691763647e-10
4014.9052449751166 1.1019220832927711e-10
4027.454437240128 1.0853288960408122e-10
4040.0221607705066 1.0729410408380955e-10
4052.608105661614 1.0672605512334192e-10
4065.1747165545376 1.0553292593432287e-10
4077.7220075380287 1.0446069326654134e-10
4090.2897990210035 1.0343735378418972e-10
4102.873672523345 1.0231824463335441e-10
4115.447644068685 1.012583637341155e-10
4128.008926808098 1.0015475923337225e-10
4140.585568421012 9.883679755425998e-11
4153.1694370518835 9.791302443044808e-11
4165.708486135632 9.684734444731872e-11
4178.245182757474 9.58268740798073e-11
4190.834603556789 9.498480762521253e-11
4203.40608927648 9.397421529716816e-11
4215.94546673201 9.324902275148571e-11
4228.511593513913 9.221662109004702e-11
4241.075779699394 9.098245455103634e-11
4253.641501584355 9.012808084817405e-11
4266.2134040829205 8.93852539118534e-11
4278.800238462189 8.850140351556833e-11
4291.378797171946 8.760123538154614e-11
4303.915793648459 8.654732441705175e-11
4316.4806669387035 8.571359515327325e-11
4329.060961840782 8.495396301660917e-11
4341.6343365752655 8.365943349425785e-11
4354.198259860986 8.325290181341409e-11
4366.7534805332525 8.210026496939389e-11
4379.309052921206 8.122839568029435e-11
4391.876283675789 8.016244842421082e-11
4404.434457339895 7.941027559240508e-11
4416.997001697697 7.8123400997939e-11
4429.587449292495 7.77781042716342e-11
4442.151636687611 7.662290678226069e-11
4454.676243985357 7.567973807217943e-11
4467.255845270074 7.482369942975396e-11
4479.8575794065855 7.379363280804347e-11
4492.40168445441 7.266349219887606e-11
4504.962144407178 7.188317601789895e-11
4517.519866020664 7.08828219831094e-11
4530.0755333545785 6.978948173759303e-11
4542.6078228888755 6.818929087989888e-11
4555.1794564400525 6.708647922135387e-11
4567.796610844846 6.601584239149402e-11
4580.340024503758 6.558269768586661e-11
4592.907148036285 6.399165708376553e-11
4605.507457041533 6.29043865588776e-11
4618.066519715286 6.21402500272442e-11
4630.61348098353 6.18264313482415e-11
4643.169806111598 6.054541817230913e-11
4655.7516975966855 5.974887699821216e-11
4668.310875988915 5.912028239834477e-11
4680.838737422433 5.8186670412164556e-11
4693.4142013659475 5.7480253032861994e-11
4706.006583198429 5.715050098446816e-11
4718.579788898697 5.6291104233800375e-11
4731.107753982311 5.525721473442911e-11
4743.651571426617 5.418620102901881e-11
4756.281806400868 5.394665351857714e-11
4768.856185173669 5.3593195996901675e-11
4781.385164866601 5.268672371100546e-11
4793.976276771281 5.219210458472805e-11
4806.607096854939 5.15665100664297e-11
4819.146147308174 5.106863091763267e-11
4831.661602769959 5.009276701153555e-11
4844.287713525817 4.92854303452552e-11
4856.860115107401 4.9178068814675174e-11
4869.355537556235 4.875444806341236e-11
4881.940425155442 4.8174169172043554e-11
4894.597962536946 4.752032697658526e-11
4907.1382369119165 4.6762502830973215e-11
4919.600076288735 4.641080765121842e-11
4932.2184698095 4.60311589314555e-11
4944.828614579259 4.578633602490506e-11
4957.327103379369 4.505571853982927e-11
4969.86863255852 4.449369585895099e-11
4982.485662226757 4.3670195975535144e-11
4995.110752516737 4.35812955794797e-11
5007.607580415342 4.315089260242747e-11
5020.10090672177 4.273721913455333e-11
5032.776306714229 4.2939975292872344e-11
5045.393898578722 4.2076385568833643e-11
5057.824235954894 4.1224137608227764e-11
5070.389901954609 4.119202618153066e-11
5083.106030184285 4.117179797270842e-11
5095.667197680151 4.0584009114541274e-11
5108.05545246385 4.0267171603857695e-11
5120.671439914531 3.9807460690101996e-11
5133.447634936114 3.930778340582949e-11
5145.895026810736 3.9570734096457424e-11
5158.2250506128275 3.8687938921687325e-11
5170.95099224376 3.869855171695513e-11
5183.700390094105 3.809010379771034e-11
5196.118642963537 3.871029027153813e-11
5208.594319785777 3.816043961556623e-11
5221.348995023267 3.7688376227208996e-11
5233.86566836642 3.716616923410751e-11
5246.017090039119 3.7344874001245113e-11
5258.795061897151 3.6821670779277384e-11
5271.8211514158575 3.689379865184282e-11
5284.059572485596 3.6257026409710986e-11
5296.079024382072 3.58341273010011e-11
5309.081924588613 3.652584909801158e-11
5322.3605651521175 3.6141485829249936e-11
5334.390294917684 3.6140472769902645e-11
5346.181802010518 3.4725733412356325e-11
5359.463528890978 3.4344841008401115e-11
5372.933862046457 3.6419528833818285e-11
5384.396712939678 3.4276172598209494e-11
5395.929354426921 3.529142609276164e-11
5409.783878738565 3.4952668189402745e-11
5423.640526297936 3.4835630125711494e-11
5434.195806773826 3.5544584944387754e-11
5445.572893198795 3.6188684871671403e-11
5459.895693738757 3.5755387653174874e-11
5474.13057561097 3.5445756556681376e-11
5484.976407817414 3.343564856676271e-11
5495.746636743918 3.6911181551670986e-11
5510.086276689804 3.219626002772085e-11
5524.398688742833 3.846109597292909e-11
5535.78557637482 4.029259866657911e-11
5545.66396493654 3.6926779193809546e-11
5559.311623442359 5.5921627135652394e-11
5571.991646927517 5.0424685942692665e-12
