0.01783209187197505 33.42599346346973
0.03021383503078697 26.079876849505403
0.04297487357678415 18.397308063335768
0.055775837984368234 17.391107674823424
0.06882863412500548 15.790694740334535
0.08110696464570498 10.766227095412232
0.09370674553631765 9.364154808434305
0.10636019509318788 7.020713905671215
0.1191264305855796 7.0787331120780905
0.13176693543452653 5.8558445715171885
0.14419796924510356 5.112083138739571
0.15684580028039333 4.213989132213589
0.1697202486941213 3.6052487049831043
0.18227245710657114 3.3154269675330688
0.19477416222977542 3.290196660714151
0.2073340835947669 2.6500892986948776
0.21991992144750147 2.326663098738878
0.23253646283801338 2.0997592871969584
0.2451850514388408 1.9471494855839449
0.2578378507460673 1.7799663695248429
0.27039766737784754 1.5754743233202195
0.2829104411759606 1.4273579322915455
0.2955705379804188 1.2950560149317263
0.30813996427931273 1.1743343282289562
0.3207216073146958 1.1119166200966695
0.3334116808196787 1.0343842602672466
0.34607587720379784 0.9631860058426297
0.3586128576244034 0.8696445429450328
0.3711536269502742 0.8323957298186182
0.3836672702512409 0.7481494788180544
0.3963071427257882 0.7069932219527951
0.4089399593153128 0.6371539204191425
0.4215634989091981 0.5971258885846727
0.4341807950257213 0.5499519961155225
0.44676205768024 0.5213330007821512
0.45936920285149674 0.4899148375237153
0.4718965482805624 0.4599550036524818
0.48447350382182475 0.4258706898986339
0.49708590060588403 0.3965180343636114
0.5096361353798295 0.3740021939078476
0.5222277017157823 0.35135900261449154
0.5348355227589748 0.33056889665376527
0.5474920039788621 0.3076407646407561
0.5601365361534087 0.28625323297368
0.5727270239485902 0.2721133323860936
0.5852520646971234 0.259506749563371
0.5977898476833504 0.24294028419833644
0.610399607484725 0.22386663803446874
0.623002092426747 0.21406655907246872
0.6356030860286793 0.2016096700972988
0.6482301980282459 0.18947948450990246
0.6608495463994339 0.18124504723388338
0.6734744173918991 0.16725166162760483
0.6860022567240306 0.15809211727390116
0.6985809637891269 0.14712404808515744
0.7111908491771041 0.13964778239443557
0.7237149565943738 0.13334404058590613
0.7363081577644085 0.1232579629495748
0.7489074805118847 0.11782436535531489
0.7615319556341408 0.11040916654656317
0.7741323050847916 0.10530085267141384
0.786675447343414 0.09879255361102324
0.7993235825500561 0.09286011767664186
0.8119084864763915 0.0882978427362423
0.8245003008650983 0.08229364747662499
0.8371030476789433 0.07798764935570855
0.8496433960979584 0.07455872263884843
0.862271639222499 0.06976741461025976
0.8748814140551415 0.06601319399116802
0.887432030637941 0.06192197904596778
0.8999827699152788 0.05835149487388711
0.9125618598383743 0.055751366647601754
0.9252292314560263 0.05238536697891205
0.9378544149867115 0.04907405448817098
0.9504457821018771 0.046359220426285964
0.9630431388995881 0.04390522008947629
0.9755988646043379 0.041344689022848984
0.9881575396632225 0.03924810173588406
1.0007426245805018 0.036955618103207195
1.0132961828208324 0.03477918156973124
1.025872310735663 0.03253357056549453
1.0385360311261873 0.030862835020411917
1.0511519513207872 0.029195456636903434
1.0637085884787156 0.02740484696103596
1.076294990202561 0.025823516381736574
1.088919425178857 0.02435186012154053
1.1015128135865706 0.02295311797225953
1.1140372123598765 0.021658542692874143
1.1266438572582145 0.02008601031220677
1.1392985127936917 0.019125702229610006
1.151880272522975 0.018025292056364745
1.164452528510975 0.016915680811105196
1.1770445539533532 0.01591427389273115
1.1896240437944732 0.015133450846110494
1.2022063409730082 0.014166453772951254
1.2147708906645485 0.013291160713367212
1.2273521312637687 0.01239454218834972
1.2399769911738872 0.011753178711224128
1.2525667220095937 0.010910023448424377
1.2651332198084169 0.010308600299189685
1.2777516590554738 0.009669855175488287
1.2903456750126363 0.00910989341337599
1.3029343638221438 0.008534453350641187
1.3155376929046927 0.007961551055672809
1.3281174714819175 0.0075182350607346845
1.3407038618127107 0.007014114959204399
1.3533039956323645 0.006610707084213684
1.3658801979009842 0.006134986962594801
1.3784547377611032 0.005740949389454081
1.3910282284727524 0.005412264587367345
1.4036176088634365 0.005062350985151287
1.416230726684582 0.004750014482633362
1.4288327238231309 0.004416796587557762
1.441435760560507 0.004102410587988866
1.4540420662985825 0.003843453521977367
1.4666290001310285 0.0035664473024850105
1.4792232339276101 0.003339342035343476
1.491797940567092 0.003105809009052221
1.5043420725912222 0.002891788746600991
1.5169427293249744 0.0027129120402556994
1.5295424653470167 0.002520767405840182
1.5421299704605824 0.002342602665153346
1.5547395520031315 0.0022014562051050715
1.5673496087201635 0.002041630641283045
1.579969987973016 0.0018979411037519202
1.5925093854124435 0.0017559749192578471
1.6050513674379843 0.0016194302245269654
1.6176486600174467 0.0014629944133654198
1.6302445001949653 0.0013325234885338598
1.6428527694112223 0.001216308666666079
1.6554322216394621 0.001098346705137878
1.6680440255859132 0.0009960860701782326
1.6806789206890473 0.0009012378755911257
1.6932331315939029 0.0008206892063065122
1.7057845975195398 0.0007445188344377429
1.7183896309732518 0.0006751774185163981
1.7309874185440797 0.0006116831523220158
1.7435623448937674 0.0005541305673493875
1.7561426634640496 0.0005019425483010979
1.768745892175792 0.0004515663374738615
1.7813334782050327 0.00041218048702165884
1.7938985526958373 0.000370240570514689
1.8064980806819741 0.0003363206111561476
1.8190945363690536 0.0003028710814738858
1.8316935397102898 0.0002716095397077604
1.8442938066535441 0.0002467722597191137
1.85688767919359 0.00022254490149944836
1.8694996979258063 0.00020058822329368635
1.8820874678435362 0.0001806594393687251
1.89464800712909 0.00016223069391010648
1.9072244238241292 0.000146239028772618
1.9197955083167093 0.00013138401376338828
1.9324077190392577 0.00011876470830872864
1.9450267994293615 0.00010639446066994005
1.9575901294986977 9.55728283337017e-05
1.9701677233625408 8.661098696277272e-05
1.9827403283412839 7.804482813881947e-05
1.995331474359653 6.995797551290748e-05
2.007947834664376 6.289400097682971e-05
2.0205022754362703 5.668269166900302e-05
2.033091375229658 5.093238715813137e-05
2.0457223504519213 4.582653422447679e-05
2.058276346288367 4.107429011532702e-05
2.0708699090952476 3.7223034878131314e-05
2.083519949911574 3.333142590775866e-05
2.096097125641408 3.0053580105439527e-05
2.10862720608884 2.7242642888969996e-05
2.121187091512551 2.4454954723879015e-05
2.1338231323869667 2.2265594343782253e-05
2.146410287377126 1.9964347943674887e-05
2.1589635630855653 1.809197965361458e-05
2.171572232546311 1.6421618781640653e-05
2.184206232503581 1.4890368896762058e-05
2.1967582541876474 1.3521066093016722e-05
2.2093298486834145 1.2186791442893933e-05
2.221925909239811 1.1008359370418627e-05
2.234489591332651 9.942481090838207e-06
2.247040534594888 8.978590175822818e-06
2.259624100314442 7.979555192294012e-06
2.27222953149659 7.080036200671869e-06
2.2848348222229298 6.217489821571041e-06
2.2974000386779987 5.454793894331112e-06
2.3099677799709823 4.806165469687846e-06
2.322578483572139 4.2576873317837585e-06
2.3351595212304197 3.7644005756822626e-06
2.3476935649900033 3.326087018242204e-06
2.360343316487162 2.9660869164036957e-06
2.3730332994737697 2.5640849104331136e-06
2.385567863558981 2.325362498444641e-06
2.398060143366863 2.059739317009896e-06
2.4107789685311087 1.8264859382164167e-06
2.4234531099437757 1.6352181551490754e-06
2.435831195209724 1.4283213981448501e-06
2.4484709440435886 1.2606919045276784e-06
2.4612848053934573 1.1669824959085724e-06
2.473794880423975 1.0306676801180063e-06
2.486110768659134 9.431170241190371e-07
2.4987555116598106 8.281025158579365e-07
2.511584783245333 7.547364815816626e-07
2.5240933241388914 6.760504400176024e-07
2.5365627011107548 6.098245719074395e-07
2.5493077516226483 5.556272147515384e-07
2.561978439831311 4.943620334485158e-07
2.574212755798341 4.6118557600382076e-07
2.586731940134884 4.196662771139919e-07
2.5998869040801766 3.796717599672829e-07
2.6126019917307115 3.5725266284236624e-07
2.624168567409617 3.279469074994422e-07
2.636617431092511 3.0200332517538783e-07
2.65028784762516 2.855525990082304e-07
2.663341593133421 2.747688767613174e-07
2.674176912131966 2.621537746283732e-07
2.6865492607137385 2.432843502442614e-07
2.70077704510104 2.4125699845488946e-07
2.7145884416410158 2.1858070220965801e-07
2.7248746414473413 2.2221043321256513e-07
2.7364378284531115 2.1250517100390934e-07
2.7506817507001893 2.0825079564230876e-07
2.7647976990558054 2.2565889702846864e-07
2.7766321634107682 2.062644140476349e-07
2.7856940556078005 4.923773585653954e-08
