0.01783209187197505 33.334743820269736
0.03021383503078697 26.0233529929033
0.04297487357678415 18.458487768881344
0.055775837984368234 17.46076533930499
0.06882863412500548 15.810444373213118
0.08110696464570498 10.83732140723008
0.09370674553631765 9.320966939212438
0.10636019509318788 7.053884518903421
0.1191264305855796 7.0330223435250145
0.13176693543452653 5.832760122175323
0.14419796924510356 5.136486617803264
0.15684580028039333 4.191409835332046
0.1697202486941213 3.560374653027515
0.18227245710657114 3.2648934075217615
0.19477416222977542 3.2590886078339993
0.2073340835947669 2.648948319946476
0.21991992144750147 2.3126698429724977
0.23253646283801338 2.106698871630069
0.2451850514388408 1.9244825934734966
0.2578378507460673 1.7745694204534996
0.27039766737784754 1.5833265277047366
0.2829104411759606 1.4301873352978196
0.2955705379804188 1.2969874364722989
0.30813996427931273 1.16105753745747
0.3207216073146958 1.1113484298138399
0.3334116808196787 1.0391702627242532
0.34607587720379784 0.9636052405696717
0.3586128576244034 0.883341050692822
0.3711536269502742 0.833561829945622
0.3836672702512409 0.7561472765101245
0.3963071427257882 0.7133998990040962
0.4089399593153128 0.6547264819570844
0.4215634989091981 0.6113321359366847
0.4341807950257213 0.5595168810670492
0.44676205768024 0.5413524183284931
0.45936920285149674 0.505523272776437
0.4718965482805624 0.4722277464857601
0.48447350382182475 0.43962479201599347
0.49708590060588403 0.4116810240147626
0.5096361353798295 0.388878661437762
0.5222277017157823 0.36621540524362933
0.5348355227589748 0.34503762311843095
0.5474920039788621 0.32426625509614704
0.5601365361534087 0.30271453468264004
0.5727270239485902 0.2876172954907428
0.5852520646971234 0.2767548534672013
0.5977898476833504 0.2623138283192079
0.610399607484725 0.24191904883001816
0.623002092426747 0.2332767295320885
0.6356030860286793 0.2203609322898867
0.6482301980282459 0.2086272787628714
0.6608495463994339 0.20071860313706993
0.6734744173918991 0.18529807797577705
0.6860022567240306 0.17689292904914936
0.6985809637891269 0.16603306505705268
0.7111908491771041 0.15806804052940673
0.7237149565943738 0.1516556813855952
0.7363081577644085 0.14214062593472485
0.7489074805118847 0.13598271302189693
0.7615319556341408 0.12913044827685788
0.7741323050847916 0.12301778686430448
0.786675447343414 0.11610772433439198
0.7993235825500561 0.11019419397402097
0.8119084864763915 0.10607318434200129
0.8245003008650983 0.10002576045289825
0.8371030476789433 0.09565302936950872
0.8496433960979584 0.0917789289663025
0.862271639222499 0.08653610967721342
0.8748814140551415 0.08267415757592537
0.887432030637941 0.07833583618488767
0.8999827699152788 0.07441462847239931
0.9125618598383743 0.07147259224248324
0.9252292314560263 0.06784474338291566
0.9378544149867115 0.06445567701216913
0.9504457821018771 0.06093751219288221
0.9630431388995881 0.058492576695933614
0.9755988646043379 0.05574923587553868
0.9881575396632225 0.05325036636490229
1.0007426245805018 0.05102670529681854
1.0132961828208324 0.0485014992690447
1.025872310735663 0.04584751386600127
1.0385360311261873 0.043921471783990924
1.0511519513207872 0.042136578494651314
1.0637085884787156 0.039785745135550575
1.076294990202561 0.03823624140428486
1.088919425178857 0.03618335200282565
1.1015128135865706 0.03457947711288119
1.1140372123598765 0.033153166763366666
1.1266438572582145 0.031251325815193104
1.1392985127936917 0.029947675644033847
1.151880272522975 0.028484948991739666
1.164452528510975 0.027186420948577622
1.1770445539533532 0.025916977769946774
1.1896240437944732 0.024905639031746623
1.2022063409730082 0.023656959100920378
1.2147708906645485 0.02253101332242346
1.2273521312637687 0.021317082797326036
1.2399769911738872 0.02049494014778583
1.2525667220095937 0.019306942255038883
1.2651332198084169 0.01845934834249497
1.2777516590554738 0.01759390206390808
1.2903456750126363 0.016818619841498433
1.3029343638221438 0.016020572459868716
1.3155376929046927 0.01510714333460983
1.3281174714819175 0.014491927430112477
1.3407038618127107 0.013771617203599377
1.3533039956323645 0.013128136896575925
1.3658801979009842 0.012437533594598812
1.3784547377611032 0.011821767289688277
1.3910282284727524 0.011295983772872192
1.4036176088634365 0.010776837053304171
1.416230726684582 0.010254256033281162
1.4288327238231309 0.009696472959717184
1.441435760560507 0.009206750798015632
1.4540420662985825 0.0087354129781573
1.4666290001310285 0.008257245911500743
1.4792232339276101 0.007878635498832231
1.491797940567092 0.007460441788306307
1.5043420725912222 0.007067385171006246
1.5169427293249744 0.006755003261807663
1.5295424653470167 0.006404970943941354
1.5421299704605824 0.006030878631068308
1.5547395520031315 0.005812831301241492
1.5673496087201635 0.00547500560824367
1.579969987973016 0.005212674538837868
1.5925093854124435 0.004904517287546024
1.6050513674379843 0.0046206635984233635
1.6176486600174467 0.004247676187834546
1.6302445001949653 0.003937427546889002
1.6428527694112223 0.003653517695815619
1.6554322216394621 0.003359364299317154
1.6680440255859132 0.0031068013997972562
1.6806789206890473 0.0028476511730445016
1.6932331315939029 0.002644953356664126
1.7057845975195398 0.0024466530956031053
1.7183896309732518 0.0022579045013804543
1.7309874185440797 0.0020841187960884636
1.7435623448937674 0.0019189686788678624
1.7561426634640496 0.0017699878316016493
1.768745892175792 0.0016284098502318241
1.7813334782050327 0.0015051088735431515
1.7938985526958373 0.001388634110670386
1.8064980806819741 0.0012788052322321964
1.8190945363690536 0.00117447005863551
1.8316935397102898 0.0010755742521958347
1.8442938066535441 0.0009943641507614187
1.85688767919359 0.0009133122004993789
1.8694996979258063 0.0008390530347284011
1.8820874678435362 0.0007723237090308875
1.89464800712909 0.0007066139472161227
1.9072244238241292 0.0006502484380371835
1.9197955083167093 0.0005966372179727307
1.9324077190392577 0.0005484463034307006
1.9450267994293615 0.0005023150464668112
1.9575901294986977 0.0004606241049056196
1.9701677233625408 0.00042328513125091993
1.9827403283412839 0.0003884873368588079
1.995331474359653 0.0003557817145464228
2.007947834664376 0.00032647813290312633
2.0205022754362703 0.00029830011308207104
2.033091375229658 0.0002729167320022796
2.0457223504519213 0.0002500957446873284
2.058276346288367 0.0002295928540218153
2.0708699090952476 0.00021218319915753905
2.083519949911574 0.0001931123618235901
2.096097125641408 0.0001778834085719093
2.10862720608884 0.00016446163647382644
2.121187091512551 0.0001491038679673548
2.1338231323869667 0.00013805861039363224
2.146410287377126 0.0001259476576900816
2.1589635630855653 0.00011691824928641013
2.171572232546311 0.00010722489790754091
2.184206232503581 9.978623918790213e-05
2.1967582541876474 9.255839264319648e-05
2.2093298486834145 8.508602464840294e-05
2.221925909239811 7.871934853733527e-05
2.234489591332651 7.18022805874709e-05
2.247040534594888 6.579691582860934e-05
2.259624100314442 6.02215009564736e-05
2.27222953149659 5.480710704226674e-05
2.2848348222229298 4.9157947274685806e-05
2.2974000386779987 4.380933636526691e-05
2.3099677799709823 3.948345846518522e-05
2.322578483572139 3.573512117432017e-05
2.3351595212304197 3.208090199380312e-05
2.3476935649900033 2.898199203746703e-05
2.360343316487162 2.6583745346823265e-05
2.3730332994737697 2.345879854080633e-05
2.385567863558981 2.1771022815883977e-05
2.398060143366863 1.9041039626775358e-05
2.4107789685311087 1.712710654755111e-05
2.4234531099437757 1.583593898932864e-05
2.435831195209724 1.4287596238920851e-05
2.4484709440435886 1.2756717368101748e-05
2.4612848053934573 1.172857046398268e-05
2.473794880423975 1.0331580190870648e-05
2.486110768659134 9.59301095095789e-06
2.4987555116598106 8.713899542989233e-06
2.511584783245333 7.847631700695782e-06
2.5240933241388914 7.229340536970291e-06
2.5365627011107548 6.513851298785701e-06
2.5493077516226483 5.872219642954968e-06
2.561978439831311 5.392770704790436e-06
2.574212755798341 5.142705124395724e-06
2.586731940134884 4.5200809196834e-06
2.5998869040801766 4.218754190802669e-06
2.6126019917307115 4.086880664778407e-06
2.624168567409617 3.7306314502275138e-06
2.636617431092511 3.4208869758250516e-06
2.65028784762516 3.3456955534110116e-06
2.663341593133421 3.0090235102136546e-06
2.674176912131966 3.2999565667044315e-06
2.6865492607137385 3.0690337309857883e-06
2.70077704510104 2.7645546008688714e-06
2.7145884416410158 2.6366911689284877e-06
2.7248746414473413 2.733480732313131e-06
2.7364378284531115 2.5878455411961592e-06
2.7506817507001893 2.7656133445668844e-06
2.7647976990558054 3.0910671143887575e-06
2.7766321634107682 4.1444031105590936e-06
2.7856940556078005 1.3750336617161174e-06
