0.01783209187197505 33.38055552130753
0.03021383503078697 26.052200404309467
0.04297487357678415 18.428823029106713
0.055775837984368234 17.426906908580225
0.06882863412500548 15.801228055754343
0.08110696464570498 10.800211630261746
0.09370674553631765 9.340623555143962
0.10636019509318788 7.032891078041946
0.1191264305855796 7.048514824696836
0.13176693543452653 5.83265037423902
0.14419796924510356 5.1091188025682115
0.15684580028039333 4.186134682406775
0.1697202486941213 3.562115375357158
0.18227245710657114 3.2654582511289534
0.19477416222977542 3.2466338241721022
0.2073340835947669 2.6219694268955522
0.21991992144750147 2.2918512075699997
0.23253646283801338 2.076248186648035
0.2451850514388408 1.9098682853711788
0.2578378507460673 1.750838596217438
0.27039766737784754 1.5546740870222782
0.2829104411759606 1.4071033184903015
0.2955705379804188 1.276644797071047
0.30813996427931273 1.1484276973067251
0.3207216073146958 1.0951446507062856
0.3334116808196787 1.0213077737973586
0.34607587720379784 0.9498389651903854
0.3586128576244034 0.8648364884336036
0.3711536269502742 0.8235826915288073
0.3836672702512409 0.7437630514299542
0.3963071427257882 0.7029988467175831
0.4089399593153128 0.6403929156377798
0.4215634989091981 0.6002970319406137
0.4341807950257213 0.5515089077431804
0.44676205768024 0.5295913669669579
0.45936920285149674 0.496837173892934
0.4718965482805624 0.46628985755993857
0.48447350382182475 0.4331248319255222
0.49708590060588403 0.40543120405135563
0.5096361353798295 0.3838360742486071
0.5222277017157823 0.3613936032758157
0.5348355227589748 0.341340658445354
0.5474920039788621 0.31959167872499555
0.5601365361534087 0.2986244641172881
0.5727270239485902 0.2845091293690128
0.5852520646971234 0.27333391057495304
0.5977898476833504 0.25818311797337457
0.610399607484725 0.23852281022083827
0.623002092426747 0.22985460631862195
0.6356030860286793 0.21739192902296423
0.6482301980282459 0.2056391760755801
0.6608495463994339 0.19805897626340976
0.6734744173918991 0.18305322283177144
0.6860022567240306 0.1745823568317792
0.6985809637891269 0.16366121142737086
0.7111908491771041 0.15602482641098298
0.7237149565943738 0.14998356172813107
0.7363081577644085 0.13999819840834496
0.7489074805118847 0.1345035128841518
0.7615319556341408 0.1273237677868896
0.7741323050847916 0.12180684615869043
0.786675447343414 0.11501279108557101
0.7993235825500561 0.10902434830408665
0.8119084864763915 0.10479825710569828
0.8245003008650983 0.09862318249034623
0.8371030476789433 0.09431156965125116
0.8496433960979584 0.09072663474341344
0.862271639222499 0.08560975881755006
0.8748814140551415 0.08173879665838656
0.887432030637941 0.07742736806827742
0.8999827699152788 0.07359017694258521
0.9125618598383743 0.07085949016723421
0.9252292314560263 0.06722290562464898
0.9378544149867115 0.06373294477476574
0.9504457821018771 0.06049557377624836
0.9630431388995881 0.05801791958657512
0.9755988646043379 0.05522423522020684
0.9881575396632225 0.05288895811430746
1.0007426245805018 0.05050396623770428
1.0132961828208324 0.04802547478264213
1.025872310735663 0.045404191603101045
1.0385360311261873 0.04353336294382045
1.0511519513207872 0.041716558673088225
1.0637085884787156 0.03949945098545128
1.076294990202561 0.03780247234765952
1.088919425178857 0.0359341728219789
1.1015128135865706 0.03431563850294956
1.1140372123598765 0.032833304867486916
1.1266438572582145 0.030876739368270296
1.1392985127936917 0.029699241418727262
1.151880272522975 0.028311106475381823
1.164452528510975 0.02696672884146359
1.1770445539533532 0.025698070437165987
1.1896240437944732 0.02474423206656353
1.2022063409730082 0.023487991790151756
1.2147708906645485 0.02235772777510413
1.2273521312637687 0.021145063952041052
1.2399769911738872 0.020342197529361117
1.2525667220095937 0.01915450360252804
1.2651332198084169 0.018348567651599576
1.2777516590554738 0.017474234167682068
1.2903456750126363 0.016713696189797695
1.3029343638221438 0.01590757106703159
1.3155376929046927 0.015031743889876503
1.3281174714819175 0.014428308102195224
1.3407038618127107 0.013690839098886316
1.3533039956323645 0.013082681683747616
1.3658801979009842 0.012365354629236833
1.3784547377611032 0.011760341570657832
1.3910282284727524 0.011256800150465452
1.4036176088634365 0.0107254648191836
1.416230726684582 0.01022255531659772
1.4288327238231309 0.009669395468199773
1.441435760560507 0.009158713180962369
1.4540420662985825 0.008714116640376801
1.4666290001310285 0.008233849723222983
1.4792232339276101 0.007854512008477256
1.491797940567092 0.00743837760677726
1.5043420725912222 0.007051567810116533
1.5169427293249744 0.006745626622229151
1.5295424653470167 0.006392579927332798
1.5421299704605824 0.006035292384412466
1.5547395520031315 0.005807631700761091
1.5673496087201635 0.005481200362172702
1.579969987973016 0.00521066396719584
1.5925093854124435 0.00491027344132246
1.6050513674379843 0.004626004162250391
1.6176486600174467 0.004258107110230544
1.6302445001949653 0.003954464620585557
1.6428527694112223 0.003675616644304648
1.6554322216394621 0.003382453791033032
1.6680440255859132 0.0031300100572781145
1.6806789206890473 0.0028794832668606455
1.6932331315939029 0.0026764348908129352
1.7057845975195398 0.00247727135842719
1.7183896309732518 0.0022909974229540614
1.7309874185440797 0.0021178928656957266
1.7435623448937674 0.0019539953087017825
1.7561426634640496 0.0018062039379149763
1.768745892175792 0.0016604849720844984
1.7813334782050327 0.0015417074894301416
1.7938985526958373 0.0014189330663829363
1.8064980806819741 0.0013125224378434956
1.8190945363690536 0.0012064112652171491
1.8316935397102898 0.0011051035634401917
1.8442938066535441 0.0010245167652708726
1.85688767919359 0.0009426475219885841
1.8694996979258063 0.0008674433309288715
1.8820874678435362 0.0007981416687725611
1.89464800712909 0.0007314313855030116
1.9072244238241292 0.0006732481838259633
1.9197955083167093 0.0006181620465779256
1.9324077190392577 0.0005702224335908334
1.9450267994293615 0.000521892855504261
1.9575901294986977 0.00047860720976116745
1.9701677233625408 0.0004416931830777207
1.9827403283412839 0.00040580158604352763
1.995331474359653 0.00037149306402438413
2.007947834664376 0.0003409966350669284
2.0205022754362703 0.0003124213473041675
2.033091375229658 0.00028608974453027424
2.0457223504519213 0.0002623404529633715
2.058276346288367 0.00024005411186246256
2.0708699090952476 0.00022169867828772977
2.083519949911574 0.00020201930831909815
2.096097125641408 0.00018601497459822764
2.10862720608884 0.00017160225316250282
2.121187091512551 0.00015607924629752477
2.1338231323869667 0.00014443682057083636
2.146410287377126 0.00013169561651123606
2.1589635630855653 0.00012159557539397913
2.171572232546311 0.00011154402387397178
2.184206232503581 0.00010349231857391469
2.1967582541876474 9.5602484785996e-05
2.2093298486834145 8.784331446434606e-05
2.221925909239811 8.065576185715617e-05
2.234489591332651 7.393918324707592e-05
2.247040534594888 6.771640293256538e-05
2.259624100314442 6.197296632708734e-05
2.27222953149659 5.647352806419573e-05
2.2848348222229298 5.059745589954243e-05
2.2974000386779987 4.547731703369097e-05
2.3099677799709823 4.112794991952058e-05
2.322578483572139 3.714413419580882e-05
2.3351595212304197 3.355497265033357e-05
2.3476935649900033 3.0261646747011466e-05
2.360343316487162 2.7754958139219683e-05
2.3730332994737697 2.445849936182935e-05
2.385567863558981 2.2698203507136353e-05
2.398060143366863 1.9985553704899e-05
2.4107789685311087 1.7997804671057316e-05
2.4234531099437757 1.6556453622525856e-05
2.435831195209724 1.49112055733138e-05
2.4484709440435886 1.320182143165947e-05
2.4612848053934573 1.224685949757326e-05
2.473794880423975 1.0883381690385508e-05
2.486110768659134 1.0107391415891544e-05
2.4987555116598106 9.097350784295679e-06
2.511584783245333 8.146639734533285e-06
2.5240933241388914 7.460114193305675e-06
2.5365627011107548 6.734799516375082e-06
2.5493077516226483 6.0210792258276835e-06
2.561978439831311 5.462922682980714e-06
2.574212755798341 5.235682941543449e-06
2.586731940134884 4.598457619060751e-06
2.5998869040801766 4.1916336666519475e-06
2.6126019917307115 4.063342736229676e-06
2.624168567409617 3.6601778769508583e-06
2.636617431092511 3.2971738655044694e-06
2.65028784762516 3.212318556418359e-06
2.663341593133421 2.868229242530066e-06
2.674176912131966 3.05136387589943e-06
2.6865492607137385 2.7875690471272013e-06
2.70077704510104 2.535635416602239e-06
2.7145884416410158 2.395361585466631e-06
2.7248746414473413 2.4619130079543206e-06
2.7364378284531115 2.270653974427124e-06
2.7506817507001893 2.4522675400080703e-06
2.7647976990558054 2.688870749522572e-06
2.7766321634107682 3.0110422357237753e-06
2.7856940556078005 8.642617274226965e-07
