0.01783209187197505 33.2431812444821
0.03021383503078697 25.638846760296854
0.04297487357678415 17.7412379238764
0.055775837984368234 16.32548730921105
0.06882863412500548 14.394621749157634
0.08110696464570498 9.542004670662212
0.09370674553631765 7.963097665687626
0.10636019509318788 5.786336084801822
0.1191264305855796 5.662572573608416
0.13176693543452653 4.598084736751635
0.14419796924510356 3.938501568670676
0.15684580028039333 3.139541728954684
0.1697202486941213 2.6094663341305075
0.18227245710657114 2.360572086249609
0.19477416222977542 2.3244734820566513
0.2073340835947669 1.8500274439643778
0.21991992144750147 1.5865794002471814
0.23253646283801338 1.4121256140686846
0.2451850514388408 1.2846229511916862
0.2578378507460673 1.1686811505819843
0.27039766737784754 1.027313175028018
0.2829104411759606 0.9177373729013657
0.2955705379804188 0.8222989947162567
0.30813996427931273 0.733342912438739
0.3207216073146958 0.6949577564096845
0.3334116808196787 0.643560996142018
0.34607587720379784 0.5930827111640304
0.3586128576244034 0.5353283108325901
0.3711536269502742 0.5059884029798744
0.3836672702512409 0.45436342709008704
0.3963071427257882 0.4269532175256215
0.4089399593153128 0.38644542678627936
0.4215634989091981 0.3598106749257102
0.4341807950257213 0.3286336635608299
0.44676205768024 0.31398468647316485
0.45936920285149674 0.29319230449033934
0.4718965482805624 0.27387374687970006
0.48447350382182475 0.2531586910650327
0.49708590060588403 0.23585704635420957
0.5096361353798295 0.222371567941661
0.5222277017157823 0.2085995164097064
0.5348355227589748 0.19633133830903132
0.5474920039788621 0.18313832311555459
0.5601365361534087 0.17052677018446372
0.5727270239485902 0.16195442618093406
0.5852520646971234 0.15512652868671412
0.5977898476833504 0.146134428987423
0.610399607484725 0.13465581165667564
0.623002092426747 0.12946269999975582
0.6356030860286793 0.12215016369604595
0.6482301980282459 0.1152937594833571
0.6608495463994339 0.11083854382895554
0.6734744173918991 0.10223303546908005
0.6860022567240306 0.09735382034976811
0.6985809637891269 0.09112578987029434
0.7111908491771041 0.0867365893726816
0.7237149565943738 0.08326967888140133
0.7363081577644085 0.07764205486519149
0.7489074805118847 0.07451708171846123
0.7615319556341408 0.07048522113320936
0.7741323050847916 0.06737249833800206
0.786675447343414 0.0635671246197142
0.7993235825500561 0.06022854399634688
0.8119084864763915 0.057876731774730204
0.8245003008650983 0.05445064670297756
0.8371030476789433 0.05206703323520872
0.8496433960979584 0.05007848373479424
0.862271639222499 0.04726501762225322
0.8748814140551415 0.04512650037460554
0.887432030637941 0.042765111156262976
0.8999827699152788 0.040660970434155154
0.9125618598383743 0.03916594018984069
0.9252292314560263 0.037183816497285097
0.9378544149867115 0.03527816384160126
0.9504457821018771 0.03351728879042546
0.9630431388995881 0.03217758014379514
0.9755988646043379 0.030653840926908142
0.9881575396632225 0.02939105706144001
1.0007426245805018 0.028106469280033
1.0132961828208324 0.02676230600078575
1.025872310735663 0.025341975408780977
1.0385360311261873 0.024339115726300174
1.0511519513207872 0.02336031467617723
1.0637085884787156 0.02216370418911018
1.076294990202561 0.021247580333504632
1.088919425178857 0.020240350512528718
1.1015128135865706 0.019365584816951904
1.1140372123598765 0.018574536345869683
1.1266438572582145 0.017504265955567217
1.1392985127936917 0.016876900741456657
1.151880272522975 0.016121770999226338
1.164452528510975 0.015399256758374006
1.1770445539533532 0.014716377202521554
1.1896240437944732 0.014206108174579618
1.2022063409730082 0.013524747592356227
1.2147708906645485 0.01291080351540397
1.2273521312637687 0.012249942594252083
1.2399769911738872 0.011819591120468546
1.2525667220095937 0.011167551828682568
1.2651332198084169 0.010731441142732995
1.2777516590554738 0.010257417705909934
1.2903456750126363 0.009845601705117986
1.3029343638221438 0.009403486442111388
1.3155376929046927 0.008917373595691912
1.3281174714819175 0.008592340560527285
1.3407038618127107 0.00818529244734387
1.3533039956323645 0.00785047272417549
1.3658801979009842 0.00745322749701502
1.3784547377611032 0.007115531131559785
1.3910282284727524 0.0068398134088654625
1.4036176088634365 0.006547627474468351
1.416230726684582 0.006266689926834321
1.4288327238231309 0.005952955827605947
1.441435760560507 0.005664595785201586
1.4540420662985825 0.005414165848127173
1.4666290001310285 0.005140615683915264
1.4792232339276101 0.004927246482054703
1.491797940567092 0.004689580237320137
1.5043420725912222 0.004467173902215403
1.5169427293249744 0.00429695438996416
1.5295424653470167 0.004093041835008807
1.5421299704605824 0.0038831620726757976
1.5547395520031315 0.0037567248881465597
1.5673496087201635 0.0035644123329073877
1.579969987973016 0.0034078779272115303
1.5925093854124435 0.0032295420959613324
1.6050513674379843 0.003059443893875191
1.6176486600174467 0.002831017512447388
1.6302445001949653 0.0026427969962032638
1.6428527694112223 0.002469507632656321
1.6554322216394621 0.0022843698858372044
1.6680440255859132 0.0021257560731804278
1.6806789206890473 0.0019658870329066413
1.6932331315939029 0.001837319098588628
1.7057845975195398 0.0017098573598598001
1.7183896309732518 0.0015897084042074856
1.7309874185440797 0.0014771478423678808
1.7435623448937674 0.001370640550572056
1.7561426634640496 0.0012744965600513499
1.768745892175792 0.0011780506707855566
1.7813334782050327 0.0010992668041392099
1.7938985526958373 0.0010174052240546152
1.8064980806819741 0.0009461230731113353
1.8190945363690536 0.0008746998080334088
1.8316935397102898 0.000805732827373369
1.8442938066535441 0.0007507506260335693
1.85688767919359 0.0006943134875042261
1.8694996979258063 0.0006423169320351827
1.8820874678435362 0.0005939049874437758
1.89464800712909 0.0005472914296208986
1.9072244238241292 0.0005061139026475903
1.9197955083167093 0.00046697371263836973
1.9324077190392577 0.00043325589579576603
1.9450267994293615 0.0003981582414523746
1.9575901294986977 0.0003670251869356655
1.9701677233625408 0.0003400949419817481
1.9827403283412839 0.00031372805316655725
1.995331474359653 0.0002882585754835953
2.007947834664376 0.0002658933785201934
2.0205022754362703 0.00024424709001603305
2.033091375229658 0.00022468100592288587
2.0457223504519213 0.00020654903844842393
2.058276346288367 0.0001894578258350844
2.0708699090952476 0.00017526102475895347
2.083519949911574 0.00016034151526922813
2.096097125641408 0.0001479431524301258
2.10862720608884 0.00013674210921057383
2.121187091512551 0.00012465911925442388
2.1338231323869667 0.0001154646494666888
2.146410287377126 0.00010566264010004734
2.1589635630855653 9.743448938258123e-05
2.171572232546311 8.931509989767379e-05
2.184206232503581 8.304371810815861e-05
2.1967582541876474 7.670598454303128e-05
2.2093298486834145 7.069998204027063e-05
2.221925909239811 6.502645875099318e-05
2.234489591332651 5.9823544452094153e-05
2.247040534594888 5.489554752467554e-05
2.259624100314442 5.072138148503196e-05
2.27222953149659 4.644266561910284e-05
2.2848348222229298 4.18881822247877e-05
2.2974000386779987 3.8121955284150255e-05
2.3099677799709823 3.469324822538584e-05
2.322578483572139 3.147273553471803e-05
2.3351595212304197 2.8650216845469866e-05
2.3476935649900033 2.5885179076077338e-05
2.360343316487162 2.391119661678247e-05
2.3730332994737697 2.1203277026671886e-05
2.385567863558981 1.9674796302456206e-05
2.398060143366863 1.7386810763802814e-05
2.4107789685311087 1.5707382448261117e-05
2.4234531099437757 1.4460959418021499e-05
2.435831195209724 1.3131412728450348e-05
2.4484709440435886 1.1598158803184796e-05
2.4612848053934573 1.0749540618783613e-05
2.473794880423975 9.579400609703687e-06
2.486110768659134 8.889276719998082e-06
2.4987555116598106 7.970523790544094e-06
2.511584783245333 7.089795422692403e-06
2.5240933241388914 6.5165882473181615e-06
2.5365627011107548 5.85600808360702e-06
2.5493077516226483 5.200579029077418e-06
2.561978439831311 4.68917550271313e-06
2.574212755798341 4.469577573611191e-06
2.586731940134884 3.892990596602924e-06
2.5998869040801766 3.5170355058265905e-06
2.6126019917307115 3.3762233666105717e-06
2.624168567409617 3.019213870244901e-06
2.636617431092511 2.6960750889651497e-06
2.65028784762516 2.601315172879747e-06
2.663341593133421 2.2334701221593922e-06
2.674176912131966 2.4343929090192013e-06
2.6865492607137385 2.1499915137500775e-06
2.70077704510104 1.8809362531842154e-06
2.7145884416410158 1.8362246886862645e-06
2.7248746414473413 1.8421919504534647e-06
2.7364378284531115 1.7234639193679657e-06
2.7506817507001893 1.9101195056582815e-06
2.7647976990558054 1.9256035188507833e-06
2.7766321634107682 2.1026958002319157e-06
2.7856940556078005 6.914402270250105e-07
