0.01783209187197505 33.37970106592363
0.03021383503078697 26.049453586777123
0.04297487357678415 18.423730432034517
0.055775837984368234 17.417624265855693
0.06882863412500548 15.787441465369353
0.08110696464570498 10.785732084558132
0.09370674553631765 9.321896590541767
0.10636019509318788 7.012804756148811
0.1191264305855796 7.022372150088481
0.13176693543452653 5.805393798034169
0.14419796924510356 5.079040923264734
0.15684580028039333 4.154898441741896
0.1697202486941213 3.5293938822982787
0.18227245710657114 3.230016219704151
0.19477416222977542 3.205848608922233
0.2073340835947669 2.583394403199789
0.21991992144750147 2.2523766451637606
0.23253646283801338 2.034773552594263
0.2451850514388408 1.8666522951604303
0.2578378507460673 1.70652977181223
0.27039766737784754 1.5105621594810035
0.2829104411759606 1.3622544634285378
0.2955705379804188 1.2311392054865582
0.30813996427931273 1.1032598927546635
0.3207216073146958 1.0480015349813339
0.3334116808196787 0.9732050792697483
0.34607587720379784 0.9007709413866802
0.3586128576244034 0.816107814392658
0.3711536269502742 0.7732670675255471
0.3836672702512409 0.6947517880350762
0.3963071427257882 0.6530985064442105
0.4089399593153128 0.5914220319868839
0.4215634989091981 0.5509895363955297
0.4341807950257213 0.5029948897211878
0.44676205768024 0.47986999220503374
0.45936920285149674 0.4472059208526204
0.4718965482805624 0.416777995579862
0.48447350382182475 0.38429265599246926
0.49708590060588403 0.35699680610916096
0.5096361353798295 0.3353449693127825
0.5222277017157823 0.31322131109143825
0.5348355227589748 0.2933903026474632
0.5474920039788621 0.27231730499491413
0.5601365361534087 0.2521799999769893
0.5727270239485902 0.2381001031864483
0.5852520646971234 0.22661462593420983
0.5977898476833504 0.21198779684598995
0.610399607484725 0.19390920239736265
0.623002092426747 0.18495415854426944
0.6356030860286793 0.17309246610335718
0.6482301980282459 0.1619916478623147
0.6608495463994339 0.15430667945911863
0.6734744173918991 0.14101384503306924
0.6860022567240306 0.13292910646880265
0.6985809637891269 0.12314616467985001
0.7111908491771041 0.11598354374061581
0.7237149565943738 0.11012936747168695
0.7363081577644085 0.10149430784901506
0.7489074805118847 0.09625532006785029
0.7615319556341408 0.08991418966670947
0.7741323050847916 0.08486221624544765
0.786675447343414 0.0790253001986919
0.7993235825500561 0.07385903422356656
0.8119084864763915 0.06998160902881415
0.8245003008650983 0.06488822179941592
0.8371030476789433 0.0611298045106593
0.8496433960979584 0.05792038487667517
0.862271639222499 0.05380418117229787
0.8748814140551415 0.050566224061121545
0.887432030637941 0.04713184386298224
0.8999827699152788 0.04406774845261056
0.9125618598383743 0.04172661433779462
0.9252292314560263 0.03890893628600346
0.9378544149867115 0.03625297969941215
0.9504457821018771 0.03380682649587008
0.9630431388995881 0.03184876049499995
0.9755988646043379 0.02976572398716825
0.9881575396632225 0.02798460845410348
1.0007426245805018 0.02621662767427672
1.0132961828208324 0.024461143586637635
1.025872310735663 0.022677550036258223
1.0385360311261873 0.021311140404008107
1.0511519513207872 0.020014391920867836
1.0637085884787156 0.01856821194366393
1.076294990202561 0.017405293683590593
1.088919425178857 0.016196919884530495
1.1015128135865706 0.015137900151813523
1.1140372123598765 0.014171189140132615
1.1266438572582145 0.01303586801067032
1.1392985127936917 0.012260431410565832
1.151880272522975 0.011425938395803407
1.164452528510975 0.010632629342862078
1.1770445539533532 0.009895178976077943
1.1896240437944732 0.00930556729674819
1.2022063409730082 0.008622463516545489
1.2147708906645485 0.008009178564550325
1.2273521312637687 0.0073883836665292165
1.2399769911738872 0.006928775597712284
1.2525667220095937 0.006360276826062514
1.2651332198084169 0.005934984631379129
1.2777516590554738 0.005505484085521703
1.2903456750126363 0.005126246878933359
1.3029343638221438 0.004748342726732558
1.3155376929046927 0.004365919823699491
1.3281174714819175 0.0040745500227849715
1.3407038618127107 0.0037579819563114502
1.3533039956323645 0.003490767864427104
1.3658801979009842 0.0032036470005470186
1.3784547377611032 0.0029582999097320715
1.3910282284727524 0.0027485915079978776
1.4036176088634365 0.0025397435172924577
1.416230726684582 0.002347307044373118
1.4288327238231309 0.002152597500997503
1.441435760560507 0.0019745593723746544
1.4540420662985825 0.0018191770847240628
1.4666290001310285 0.0016644489163020926
1.4792232339276101 0.001536057578585124
1.491797940567092 0.0014067712115654525
1.5043420725912222 0.0012893838626296121
1.5169427293249744 0.0011910918711240262
1.5295424653470167 0.0010895271589957325
1.5421299704605824 0.0009934017300303388
1.5547395520031315 0.0009217467512054408
1.5673496087201635 0.0008389618953210196
1.579969987973016 0.0007683591859375434
1.5925093854124435 0.0006975040445221816
1.6050513674379843 0.0006324077709302144
1.6176486600174467 0.0005604402878359986
1.6302445001949653 0.000500755857844315
1.6428527694112223 0.0004477414447255545
1.6554322216394621 0.00039617029930419617
1.6680440255859132 0.00035214925603206995
1.6806789206890473 0.00031117104304007206
1.6932331315939029 0.0002776848037123337
1.7057845975195398 0.00024651079009103006
1.7183896309732518 0.00021881563142509594
1.7309874185440797 0.0001938742684291711
1.7435623448937674 0.0001715228829042935
1.7561426634640496 0.00015171751093020575
1.768745892175792 0.00013357862141193452
1.7813334782050327 0.00011881298465277265
1.7938985526958373 0.00010450187977216528
1.8064980806819741 9.247219887398827e-05
1.8190945363690536 8.130740766092485e-05
1.8316935397102898 7.104813237388749e-05
1.8442938066535441 6.302798042984513e-05
1.85688767919359 5.53713646653436e-05
1.8694996979258063 4.8642035868967735e-05
1.8820874678435362 4.27547981107638e-05
1.89464800712909 3.738268442480184e-05
1.9072244238241292 3.285114244126822e-05
1.9197955083167093 2.881578428578778e-05
1.9324077190392577 2.5280579546780492e-05
1.9450267994293615 2.2126329745859095e-05
1.9575901294986977 1.939034113725647e-05
1.9701677233625408 1.7083005044184656e-05
1.9827403283412839 1.5015618263640584e-05
1.995331474359653 1.3133486135583706e-05
2.007947834664376 1.1511180581451243e-05
2.0205022754362703 1.0117331224285267e-05
2.033091375229658 8.856378942257049e-06
2.0457223504519213 7.798711336802108e-06
2.058276346288367 6.879280117029372e-06
2.0708699090952476 6.106338335978925e-06
2.083519949911574 5.337640694792529e-06
2.096097125641408 4.726564815634894e-06
2.10862720608884 4.210702179843346e-06
2.121187091512551 3.7045547940482756e-06
2.1338231323869667 3.324278697146481e-06
2.146410287377126 2.9248436182337044e-06
2.1589635630855653 2.6307171688576027e-06
2.171572232546311 2.3645787026968525e-06
2.184206232503581 2.106781365678952e-06
2.1967582541876474 1.9060220035618602e-06
2.2093298486834145 1.6803619794784098e-06
2.221925909239811 1.5115608610306915e-06
2.234489591332651 1.338017592906647e-06
2.247040534594888 1.1949859549285794e-06
2.259624100314442 1.0361479906267541e-06
2.27222953149659 8.910444364062443e-07
2.2848348222229298 7.689194840337555e-07
2.2974000386779987 6.516724766846424e-07
2.3099677799709823 5.61995374782117e-07
2.322578483572139 4.918012477022263e-07
2.3351595212304197 4.218053446039511e-07
2.3476935649900033 3.7228542171675845e-07
2.360343316487162 3.2611056080998195e-07
2.3730332994737697 2.8083499936652607e-07
2.385567863558981 2.5325829769663557e-07
2.398060143366863 2.2282002361570564e-07
2.4107789685311087 1.9550941797293085e-07
2.4234531099437757 1.7586408818336746e-07
2.435831195209724 1.5292119309853945e-07
2.4484709440435886 1.366812061064643e-07
2.4612848053934573 1.2537986914405847e-07
2.473794880423975 1.0879035318793524e-07
2.486110768659134 1.0040938270850797e-07
2.4987555116598106 8.95653653855604e-08
2.511584783245333 8.294919827653652e-08
2.5240933241388914 7.478811626486476e-08
2.5365627011107548 6.728381036380497e-08
2.5493077516226483 6.31999178826655e-08
2.561978439831311 5.736336402626974e-08
2.574212755798341 5.405701433834188e-08
2.586731940134884 5.1095312976417894e-08
2.5998869040801766 4.559596526775335e-08
2.6126019917307115 4.29150035433465e-08
2.624168567409617 4.105459656710152e-08
2.636617431092511 3.766502011368411e-08
2.65028784762516 3.523953191661803e-08
2.663341593133421 3.564550091703594e-08
2.674176912131966 3.241345514752618e-08
2.6865492607137385 3.1672452394181856e-08
2.70077704510104 3.176514165174341e-08
2.7145884416410158 3.0888138865664154e-08
2.7248746414473413 2.8925730412539076e-08
2.7364378284531115 2.7872016127725324e-08
2.7506817507001893 2.5638564920462467e-08
2.7647976990558054 2.722393381123486e-08
2.7766321634107682 1.293092631995498e-08
2.7856940556078005 1.2587000841736686e-08
