0.01783209187197505 33.32151635627454
0.03021383503078697 25.975198612182837
0.04297487357678415 18.366790806756768
0.055775837984368234 17.29245743854951
0.06882863412500548 15.560530536795866
0.08110696464570498 10.575041578018164
0.09370674553631765 8.985793312572744
0.10636019509318788 6.696037040398289
0.1191264305855796 6.574069855155511
0.13176693543452653 5.3590271832767735
0.14419796924510356 4.618245851240886
0.15684580028039333 3.6639587852219435
0.1697202486941213 3.0185884392485747
0.18227245710657114 2.6885737503858613
0.19477416222977542 2.605703435209014
0.2073340835947669 2.040547006318744
0.21991992144750147 1.7052173090090839
0.23253646283801338 1.4808956554099066
0.2451850514388408 1.2934494656578055
0.2578378507460673 1.1404296630837194
0.27039766737784754 0.9663943558598683
0.2829104411759606 0.8225231892506563
0.2955705379804188 0.6996218842523169
0.30813996427931273 0.5888908174826694
0.3207216073146958 0.5304065524587381
0.3334116808196787 0.4639717499081792
0.34607587720379784 0.39862985236119813
0.3586128576244034 0.3378988827192981
0.3711536269502742 0.29482636652644584
0.3836672702512409 0.2472659678675717
0.3963071427257882 0.2146632206219528
0.4089399593153128 0.17986689832241548
0.4215634989091981 0.15278518931934884
0.4341807950257213 0.12687567769977334
0.44676205768024 0.11133229442070082
0.45936920285149674 0.09410624895450856
0.4718965482805624 0.07908380200451216
0.48447350382182475 0.06586040329701086
0.49708590060588403 0.05501152328293817
0.5096361353798295 0.04622645415032803
0.5222277017157823 0.03860765590145646
0.5348355227589748 0.03210312078899387
0.5474920039788621 0.026467413478572243
0.5601365361534087 0.02154306287603052
0.5727270239485902 0.017837619381094627
0.5852520646971234 0.014881476756891275
0.5977898476833504 0.012153369797954028
0.610399607484725 0.00960581416519086
0.623002092426747 0.00787339356146086
0.6356030860286793 0.006288383219932752
0.6482301980282459 0.005012163927617394
0.6608495463994339 0.004022846098801216
0.6734744173918991 0.0030727413144959314
0.6860022567240306 0.0024029059423547263
0.6985809637891269 0.00183175903963726
0.7111908491771041 0.0014025419549873392
0.7237149565943738 0.00107028794821006
0.7363081577644085 0.000784455091963393
0.7489074805118847 0.0005767610186253107
0.7615319556341408 0.0004138384294043945
0.7741323050847916 0.0002912746789120631
0.786675447343414 0.00019697101579168498
0.7993235825500561 0.0001297518543165003
0.8119084864763915 8.30646922689235e-05
0.8245003008650983 4.911650149131657e-05
0.8371030476789433 2.7588559971026976e-05
0.8496433960979584 1.4449102972402423e-05
0.862271639222499 7.071291977558789e-06
0.8748814140551415 4.2223654619186415e-06
0.887432030637941 4.3540381792765205e-06
0.8999827699152788 6.224350551820026e-06
0.9125618598383743 9.173611020137829e-06
0.9252292314560263 1.2705997738858863e-05
0.9378544149867115 1.6088431471653845e-05
0.9504457821018771 1.9192426713306615e-05
0.9630431388995881 2.197438451741129e-05
0.9755988646043379 2.4158767305849255e-05
0.9881575396632225 2.5638893797962266e-05
1.0007426245805018 2.6868545664238208e-05
1.0132961828208324 2.7126163147278372e-05
1.025872310735663 2.6856902879778332e-05
1.0385360311261873 2.653130912903226e-05
1.0511519513207872 2.55992005034252e-05
1.0637085884787156 2.4051646668766808e-05
1.076294990202561 2.2919897983864905e-05
1.088919425178857 2.122710293283982e-05
1.1015128135865706 1.9460597169360097e-05
1.1140372123598765 1.780462523239229e-05
1.1266438572582145 1.5893985624469385e-05
1.1392985127936917 1.4275347319099228e-05
1.151880272522975 1.2559096394504217e-05
1.164452528510975 1.1047131663068388e-05
1.1770445539533532 9.62582322515576e-06
1.1896240437944732 8.370536543999288e-06
1.2022063409730082 7.129949140217475e-06
1.2147708906645485 6.049825982583386e-06
1.2273521312637687 5.069004103181053e-06
1.2399769911738872 4.2617079565954945e-06
1.2525667220095937 3.496406770846821e-06
1.2651332198084169 2.886300083963726e-06
1.2777516590554738 2.3562971697945296e-06
1.2903456750126363 1.918349633195624e-06
1.3029343638221438 1.542438643712224e-06
1.3155376929046927 1.2204868531123617e-06
1.3281174714819175 9.77528655072366e-07
1.3407038618127107 7.705263024530504e-07
1.3533039956323645 6.071485291984744e-07
1.3658801979009842 4.728945466693084e-07
1.3784547377611032 3.6855706815118534e-07
1.3910282284727524 2.8843199026178767e-07
1.4036176088634365 2.251245029885792e-07
1.416230726684582 1.749975610245355e-07
1.4288327238231309 1.3591937287914946e-07
1.441435760560507 1.0621860466084101e-07
1.4540420662985825 8.378504519209021e-08
1.4666290001310285 6.666343251046987e-08
1.4792232339276101 5.4030825629026304e-08
1.491797940567092 4.402858715784527e-08
1.5043420725912222 3.660954251096147e-08
1.5169427293249744 3.094932646505171e-08
1.5295424653470167 2.634745609948034e-08
1.5421299704605824 2.265163980987148e-08
1.5547395520031315 2.018179510306094e-08
1.5673496087201635 1.7849536200351187e-08
1.579969987973016 1.6031998189171802e-08
1.5925093854124435 1.4367143871096328e-08
1.6050513674379843 1.2870933634667679e-08
1.6176486600174467 1.1283276016479689e-08
1.6302445001949653 9.929607830665873e-09
1.6428527694112223 8.706533761949503e-09
1.6554322216394621 7.47603454750643e-09
1.6680440255859132 6.393594951617053e-09
1.6806789206890473 5.318653721272766e-09
1.6932331315939029 4.400346044694527e-09
1.7057845975195398 3.5452802912644538e-09
1.7183896309732518 2.7874685875282605e-09
1.7309874185440797 2.1489984247087e-09
1.7435623448937674 1.609951380187715e-09
1.7561426634640496 1.1848863589961075e-09
1.768745892175792 8.805854579515821e-10
1.7813334782050327 6.978470571538607e-10
1.7938985526958373 6.221360137650648e-10
1.8064980806819741 6.375094152493107e-10
1.8190945363690536 7.343537192667377e-10
1.8316935397102898 9.002081838428099e-10
1.8442938066535441 1.1093397763079059e-09
1.85688767919359 1.350187097088031e-09
1.8694996979258063 1.6090795313453226e-09
1.8820874678435362 1.8620834834979024e-09
1.89464800712909 2.088932253944203e-09
1.9072244238241292 2.299224570346635e-09
1.9197955083167093 2.4549741332595253e-09
1.9324077190392577 2.5898830310351464e-09
1.9450267994293615 2.641153177899271e-09
1.9575901294986977 2.663147584543182e-09
1.9701677233625408 2.639951069791211e-09
1.9827403283412839 2.5636481141241434e-09
1.995331474359653 2.441405390361377e-09
2.007947834664376 2.3080767392593608e-09
2.0205022754362703 2.1311042952572036e-09
2.033091375229658 1.9573176943686207e-09
2.0457223504519213 1.755321758072169e-09
2.058276346288367 1.557015454992432e-09
2.0708699090952476 1.3657778925626822e-09
2.083519949911574 1.1920917760699568e-09
2.096097125641408 1.0193326115915485e-09
2.10862720608884 8.639675652909922e-10
2.121187091512551 7.170758463587371e-10
2.1338231323869667 6.012774755321318e-10
2.146410287377126 4.9265187303561e-10
2.1589635630855653 4.0512988780361974e-10
2.171572232546311 3.3169449806494554e-10
2.184206232503581 2.748700967675372e-10
2.1967582541876474 2.3337360777199935e-10
2.2093298486834145 1.9386248951313973e-10
2.221925909239811 1.7046150601866412e-10
2.234489591332651 1.5027890875276094e-10
2.247040534594888 1.3634807615661765e-10
2.259624100314442 1.2642729327271884e-10
2.27222953149659 1.2053338993557977e-10
2.2848348222229298 1.1731038584349723e-10
2.2974000386779987 1.1588025706636958e-10
2.3099677799709823 1.1222810481953138e-10
2.322578483572139 1.1330184070777471e-10
2.3351595212304197 1.1326381260740022e-10
2.3476935649900033 1.0839870277629199e-10
2.360343316487162 1.0805158848287559e-10
2.3730332994737697 1.0508737421412549e-10
2.385567863558981 1.0141711351855709e-10
2.398060143366863 9.42753135372532e-11
2.4107789685311087 8.962028647778347e-11
2.4234531099437757 8.509372723997895e-11
2.435831195209724 7.898970734814784e-11
2.4484709440435886 7.0844690667313e-11
2.4612848053934573 6.52729342642842e-11
2.473794880423975 5.768899826042374e-11
2.486110768659134 5.37492506137217e-11
2.4987555116598106 4.7302381553979987e-11
2.511584783245333 4.211412466150392e-11
2.5240933241388914 3.792060772601146e-11
2.5365627011107548 3.348490275967929e-11
2.5493077516226483 2.8837529509815228e-11
2.561978439831311 2.5613424577610068e-11
2.574212755798341 2.359521447245729e-11
2.586731940134884 2.0422878146847632e-11
2.5998869040801766 1.833514354311293e-11
2.6126019917307115 1.658684298459405e-11
2.624168567409617 1.482110964628219e-11
2.636617431092511 1.3420134767266785e-11
2.65028784762516 1.2850827581778351e-11
2.663341593133421 1.1280274163375002e-11
2.674176912131966 1.0927534178204177e-11
2.6865492607137385 1.0132050281253127e-11
2.70077704510104 9.849858467148366e-12
2.7145884416410158 9.721015852454713e-12
2.7248746414473413 8.895477093253532e-12
2.7364378284531115 7.486726889755558e-12
2.7506817507001893 9.262267354446187e-12
2.7647976990558054 8.244978101186096e-12
2.7766321634107682 9.536191030109287e-12
2.7856940556078005 1.464384688320423e-11
