0.01783209187197508 33.78759840764901
0.030213835030787024 26.197583904211893
0.04297487357678422 18.467908428649032
0.05577583798436833 17.460799367277613
0.06882863412500559 15.813692213660566
0.08110696464570512 10.771922313329826
0.0937067455363178 9.294085288819977
0.10636019509318806 7.006805677618535
0.1191264305855798 7.035485218094825
0.13176693543452675 5.813676158349966
0.14419796924510378 5.0756501787281865
0.15684580028039358 4.154327425464244
0.16972024869412158 3.5437145268759935
0.18227245710657144 3.2555756794435666
0.19477416222977575 3.233036098442817
0.20733408359476724 2.6041613205082865
0.21991992144750183 2.2752904882843246
0.23253646283801377 2.065849807460815
0.24518505143884123 1.9041545937719084
0.25783785074606774 1.7449784088303875
0.270397667377848 1.5471463830140293
0.2829104411759611 1.400020752736166
0.2955705379804193 1.2724496544139356
0.3081399642793132 1.1467326879802888
0.32072160731469634 1.093972013109757
0.33341168081967926 1.0197392337238342
0.3460758772037984 0.9485657284843227
0.358612857624404 0.8648338630940348
0.3711536269502748 0.8249236398388351
0.38366727025124153 0.7456774620358603
0.3963071427257889 0.7050951673712594
0.40893995931531346 0.6427036101608969
0.4215634989091988 0.6032042000823806
0.43418079502572204 0.5550259903915105
0.4467620576802408 0.533688516295703
0.45936920285149746 0.5011903619184547
0.47189654828056316 0.47085874047309295
0.4844735038218256 0.43794811578343357
0.49708590060588487 0.4106057400995388
0.5096361353798303 0.3893580404744681
0.5222277017157831 0.3671238697521616
0.5348355227589757 0.34725288493739603
0.547492003978863 0.3256506684768637
0.5601365361534097 0.3048248526059256
0.5727270239485912 0.2909395421761297
0.5852520646971244 0.2800162406988098
0.5977898476833514 0.26497931574127576
0.610399607484726 0.24526167364308515
0.623002092426748 0.23682683988432648
0.6356030860286804 0.22445149736667983
0.648230198028247 0.21276546817606679
0.660849546399435 0.20536488614994655
0.6734744173919002 0.19022218711272382
0.6860022567240318 0.18183767645582719
0.6985809637891282 0.17086502334279852
0.7111908491771053 0.16328512301370188
0.723714956594375 0.1573459456227195
0.7363081577644097 0.1472433071554176
0.7489074805118859 0.14182996981911059
0.761531955634142 0.13461618631607808
0.7741323050847929 0.12913140399989495
0.7866754473434153 0.12226943737739626
0.7993235825500573 0.11623263942762355
0.8119084864763928 0.112051582104373
0.8245003008650996 0.10576396685655536
0.8371030476789447 0.10144523809834215
0.8496433960979598 0.09788902582418263
0.8622716392225005 0.09266180682810006
0.874881414055143 0.08875498241487731
0.8874320306379424 0.08434946052938051
0.8999827699152803 0.08043671474377981
0.9125618598383759 0.07771504843805525
0.9252292314560279 0.07398586485029626
0.9378544149867131 0.07039284580257896
0.9504457821018787 0.06706025564259316
0.9630431388995897 0.06454728965371824
0.9755988646043394 0.06166888945054867
0.9881575396632241 0.05928455795546343
1.0007426245805036 0.056833071500454226
1.013296182820834 0.054253959412674385
1.0258723107356649 0.05149858777222644
1.038536031126189 0.04957973734299083
1.051151951320789 0.04770640501252563
1.0637085884787174 0.045360297663327984
1.0762949902025627 0.04359602538939113
1.0889194251788588 0.041622130254043994
1.1015128135865726 0.0399229933727751
1.1140372123598785 0.038369616086398155
1.1266438572582165 0.036246355916514345
1.1392985127936937 0.03502448282172466
1.151880272522977 0.03354207482086792
1.1644525285109768 0.032101705830613246
1.1770445539533552 0.03073999968953862
1.1896240437944752 0.029742064430027394
1.2022063409730102 0.02837130724351287
1.2147708906645505 0.02714089076197577
1.2273521312637707 0.0257996158680117
1.2399769911738892 0.02494916667280064
1.2525667220095957 0.023614718058852933
1.2651332198084189 0.022741724218841252
1.2777516590554758 0.02177372700733966
1.2903456750126385 0.020939779503922618
1.302934363822146 0.020039513125570143
1.3155376929046947 0.019041041035613614
1.3281174714819197 0.018380501193626667
1.340703861812713 0.017541071799153637
1.3533039956323667 0.01685750937420119
1.3658801979009867 0.016027493993700386
1.3784547377611054 0.015333629206495813
1.3910282284727546 0.014764509271068113
1.4036176088634387 0.014153681223341753
1.4162307266845844 0.01357298709466488
1.4288327238231333 0.012917624969945779
1.4414357605605095 0.012313349501246504
1.454042066298585 0.011790136315932126
1.466629000131031 0.011211202888405864
1.4792232339276126 0.01076432921001889
1.4917979405670945 0.010261004970326787
1.5043420725912247 0.009791519774667148
1.516942729324977 0.009430495413255835
1.529542465347019 0.008998131962370452
1.542129970460585 0.00855263012984102
1.554739552003134 0.008287638895198922
1.567349608720166 0.007876213012323581
1.5799699879730185 0.0075409267982531536
1.5925093854124461 0.007156582668848456
1.605051367437987 0.006791404555452566
1.6176486600174493 0.006296436335478463
1.630244500194968 0.00589005965477797
1.642852769411225 0.005514710815482876
1.6554322216394648 0.005112492562063469
1.668044025585916 0.004766413117378959
1.68067892068905 0.0044178852192917895
1.6932331315939055 0.004137459402722231
1.7057845975195425 0.003859136191687826
1.7183896309732545 0.003596086657705557
1.7309874185440826 0.0033502807293178958
1.7435623448937703 0.0031148352187154523
1.7561426634640525 0.0029023037418270652
1.7687458921757948 0.002689239159258971
1.7813334782050356 0.0025162778909593175
1.7938985526958404 0.002334867098198658
1.806498080681977 0.0021770273403785125
1.8190945363690565 0.002017055321654601
1.831693539710293 0.0018631901757194117
1.8442938066535473 0.0017410727735932563
1.856887679193593 0.001615071877842019
1.8694996979258094 0.0014986215573498077
1.8820874678435393 0.0013901667885099515
1.8946480071290932 0.0012846445125599838
1.9072244238241323 0.0011923496642447864
1.9197955083167124 0.0011038036355238607
1.9324077190392608 0.0010270794647546633
1.9450267994293646 0.0009476500475949383
1.957590129498701 0.000876345550327369
1.970167723362544 0.0008154862410458318
1.9827403283412872 0.0007553707518735861
1.9953314743596564 0.0006972363131079092
2.0079478346643795 0.0006454891303091832
2.0205022754362734 0.0005961683154406142
2.0330913752296613 0.0005505192802368067
2.045722350451925 0.0005088721395776983
2.0582763462883706 0.00046926029581627175
2.070869909095251 0.0004368386723147611
2.0835199499115777 0.00040143611438905576
2.0960971256414114 0.00037256340765243917
2.1086272060888436 0.00034636994523854734
2.121187091512554 0.00031739483753416374
2.1338231323869703 0.0002960169934864578
2.1464102873771296 0.00027211162912624514
2.158963563085569 0.0002529591509441748
2.1715722325463145 0.0002335834612294144
2.1842062325035845 0.00021850993681561082
2.196758254187651 0.0002032288475900616
2.2093298486834185 0.0001883616056194493
2.2219259092398147 0.0001742376998042672
2.2344895913326543 0.00016107626269142047
2.2470405345948916 0.00014861857893308544
2.2596241003144457 0.0001374855763463785
2.272229531496594 0.00012647627647515488
2.2848348222229333 0.00011443766553408939
2.2974000386780022 0.00010410866441576966
2.3099677799709863 9.507242910185831e-05
2.322578483572143 8.668678682292729e-05
2.3351595212304237 7.913228773426061e-05
2.3476935649900073 7.194341415947154e-05
2.360343316487166 6.670581715610028e-05
2.3730332994737737 5.9416242823418486e-05
2.385567863558985 5.55433865180627e-05
2.398060143366867 4.930031617607296e-05
2.4107789685311127 4.4840107675243326e-05
2.4234531099437797 4.157392337858e-05
2.435831195209728 3.786286401336253e-05
2.4484709440435926 3.376363739859013e-05
2.4612848053934613 3.156988062802659e-05
2.473794880423979 2.8328927013381074e-05
2.486110768659138 2.6472620515377674e-05
2.4987555116598146 2.4007996154334184e-05
2.511584783245337 2.1590981762840425e-05
2.5240933241388954 1.9954558278296367e-05
2.5365627011107588 1.8130036571832078e-05
2.5493077516226523 1.6295966901424333e-05
2.5619784398313152 1.4848304071844637e-05
2.5742127557983454 1.430663436304962e-05
2.5867319401348885 1.260989450438876e-05
2.599886904080181 1.153303166894134e-05
2.6126019917307155 1.124196334618764e-05
2.6241685674096216 1.0162091452532256e-05
2.6366174310925152 9.199807391389302e-06
2.6502878476251643 8.993412253245083e-06
2.6633415931334254 7.918167827944782e-06
2.6741769121319705 8.567098134328191e-06
2.686549260713743 7.796406475859732e-06
2.7007770451010447 6.993399520001142e-06
2.71458844164102 6.761912750579187e-06
2.7248746414473457 6.882309176291384e-06
2.736437828453116 6.455136701455103e-06
2.7506817507001937 7.117169041228734e-06
2.7647976990558103 7.4915879396746846e-06
2.7766321634107727 8.38147546737381e-06
2.785694055607805 2.7804587985368356e-06
