0.01783209187197505 33.33653353920753
0.03021383503078697 26.02454755013748
0.04297487357678415 18.457934065375024
0.055775837984368234 17.457432748236588
0.06882863412500548 15.803595174886492
0.08110696464570498 10.828993070792789
0.09370674553631765 9.309399685083198
0.10636019509318788 7.04081560272287
0.1191264305855796 7.015565122200713
0.13176693543452653 5.814135867919969
0.14419796924510356 5.115523795312582
0.15684580028039333 4.1694923531576675
0.1697202486941213 3.5373036861419087
0.18227245710657114 3.2397801354783624
0.19477416222977542 3.2299889093782688
0.2073340835947669 2.6212070525067768
0.21991992144750147 2.2843100791529722
0.23253646283801338 2.0767481325197563
0.2451850514388408 1.8935514761809853
0.2578378507460673 1.742739993478432
0.27039766737784754 1.5515703201070106
0.2829104411759606 1.3980657820169715
0.2955705379804188 1.264525836888531
0.30813996427931273 1.1291108440546704
0.3207216073146958 1.0780339494947795
0.3334116808196787 1.0052500967280222
0.34607587720379784 0.9292766502717706
0.3586128576244034 0.8491998909263754
0.3711536269502742 0.7988207495899537
0.3836672702512409 0.7223577754865834
0.3963071427257882 0.6792636290317604
0.4089399593153128 0.6211926255581357
0.4215634989091981 0.5779271000128055
0.4341807950257213 0.5269866660795406
0.44676205768024 0.5079946627377339
0.45936920285149674 0.47261530347244934
0.4718965482805624 0.43978770900024217
0.48447350382182475 0.40779863908207026
0.49708590060588403 0.38034764911730173
0.5096361353798295 0.3578230907934688
0.5222277017157823 0.33559828297710287
0.5348355227589748 0.31488206610564506
0.5474920039788621 0.29467675400902554
0.5601365361534087 0.27391212261363945
0.5727270239485902 0.2591550499091041
0.5852520646971234 0.2483057488996875
0.5977898476833504 0.2343357461902705
0.610399607484725 0.2151864522441809
0.623002092426747 0.20659590664221095
0.6356030860286793 0.1943092534927269
0.6482301980282459 0.18317428834117858
0.6608495463994339 0.17547083030015956
0.6734744173918991 0.16129166548269458
0.6860022567240306 0.1533143169649022
0.6985809637891269 0.14328899162727002
0.7111908491771041 0.13583940648667842
0.7237149565943738 0.1297885539035034
0.7363081577644085 0.12114018985619995
0.7489074805118847 0.11541385062474603
0.7615319556341408 0.10915661088588192
0.7741323050847916 0.10357320249326896
0.786675447343414 0.09736856172335534
0.7993235825500561 0.0920503237006911
0.8119084864763915 0.08827251379405483
0.8245003008650983 0.08292342238020647
0.8371030476789433 0.07900976411941588
0.8496433960979584 0.07553993510855904
0.862271639222499 0.07097426097658059
0.8748814140551415 0.06757628233375591
0.887432030637941 0.06381865102403332
0.8999827699152788 0.060429347770620256
0.9125618598383743 0.057858226515067564
0.9252292314560263 0.05475372990899
0.9378544149867115 0.05186685833030333
0.9504457821018771 0.04889848469510643
0.9630431388995881 0.046811144542970286
0.9755988646043379 0.04449999929628203
0.9881575396632225 0.04240010356939833
1.0007426245805018 0.04053360594957517
1.0132961828208324 0.038443548268916515
1.025872310735663 0.036262928638847385
1.0385360311261873 0.0346704598173786
1.0511519513207872 0.03319969310547375
1.0637085884787156 0.031293893401912916
1.076294990202561 0.030027853240730696
1.088919425178857 0.028374122879902926
1.1015128135865706 0.027079427038038815
1.1140372123598765 0.025932796583050487
1.1266438572582145 0.024419566421003513
1.1392985127936917 0.02337889762969935
1.151880272522975 0.022219109460251702
1.164452528510975 0.021193265621982652
1.1770445539533532 0.02019382574795636
1.1896240437944732 0.019398713991678196
1.2022063409730082 0.018422248360159172
1.2147708906645485 0.017544471056888594
1.2273521312637687 0.01660068462943278
1.2399769911738872 0.015963231418214954
1.2525667220095937 0.015044193547649345
1.2651332198084169 0.014390155255818363
1.2777516590554738 0.01372444779740653
1.2903456750126363 0.013130250910922917
1.3029343638221438 0.012518637779006204
1.3155376929046927 0.011817595855166082
1.3281174714819175 0.011350088186373427
1.3407038618127107 0.010800433744488736
1.3533039956323645 0.01031078009827934
1.3658801979009842 0.009784886220399792
1.3784547377611032 0.009316850188179468
1.3910282284727524 0.008919384246767557
1.4036176088634365 0.00852710522524725
1.416230726684582 0.008131292384102679
1.4288327238231309 0.007706776972223754
1.441435760560507 0.0073357193649252524
1.4540420662985825 0.006978287918389785
1.4666290001310285 0.006614465618805696
1.4792232339276101 0.006329291232834422
1.491797940567092 0.006011391372702142
1.5043420725912222 0.005712417684719457
1.5169427293249744 0.005478259890867444
1.5295424653470167 0.005211826975980896
1.5421299704605824 0.004924515865215288
1.5547395520031315 0.00476393787322939
1.5673496087201635 0.004504076682466532
1.579969987973016 0.004305027498730562
1.5925093854124435 0.004067125260717067
1.6050513674379843 0.003847562455392692
1.6176486600174467 0.003552055939513042
1.6302445001949653 0.0033069928013502946
1.6428527694112223 0.003082546052739421
1.6554322216394621 0.0028471432732809516
1.6680440255859132 0.0026459791820406153
1.6806789206890473 0.0024369446644619914
1.6932331315939029 0.00227455272680551
1.7057845975195398 0.0021146710296798157
1.7183896309732518 0.0019612294933298658
1.7309874185440797 0.0018195284035040409
1.7435623448937674 0.0016842506720545164
1.7561426634640496 0.001562036292010918
1.768745892175792 0.0014448657547764285
1.7813334782050327 0.0013426601832991127
1.7938985526958373 0.0012457788994267045
1.8064980806819741 0.0011534966012886096
1.8190945363690536 0.001065763372564334
1.8316935397102898 0.0009817596583053872
1.8442938066535441 0.0009126355858873022
1.85688767919359 0.0008432232267032803
1.8694996979258063 0.0007793271753190304
1.8820874678435362 0.0007213930793469549
1.89464800712909 0.0006641403998340128
1.9072244238241292 0.0006146963986536555
1.9197955083167093 0.0005673010316215365
1.9324077190392577 0.0005248947301763687
1.9450267994293615 0.0004834046771797664
1.9575901294986977 0.00044587209192488295
1.9701677233625408 0.0004121789878036524
1.9827403283412839 0.00038042289721412076
1.995331474359653 0.0003503684489600621
2.007947834664376 0.00032346036020533504
2.0205022754362703 0.00029721031545484574
2.033091375229658 0.00027342706278619424
2.0457223504519213 0.0002519655384720127
2.058276346288367 0.00023239289899268002
2.0708699090952476 0.00021574327980309992
2.083519949911574 0.0001975789791868958
2.096097125641408 0.0001828052716306631
2.10862720608884 0.00016981222347358654
2.121187091512551 0.0001547571539226159
2.1338231323869667 0.0001439408837777869
2.146410287377126 0.00013200027741620569
2.1589635630855653 0.0001229196383374444
2.171572232546311 0.00011314834985211772
2.184206232503581 0.00010590038564907749
2.1967582541876474 9.855189617780831e-05
2.2093298486834145 9.114833822352559e-05
2.221925909239811 8.474063024151997e-05
2.234489591332651 7.777115073811335e-05
2.247040534594888 7.16401335200679e-05
2.259624100314442 6.618789429471376e-05
2.27222953149659 6.059297604883476e-05
2.2848348222229298 5.483948105443117e-05
2.2974000386779987 4.9404853152694396e-05
2.3099677799709823 4.4859636016004056e-05
2.322578483572139 4.0891201365423534e-05
2.3351595212304197 3.702721342153374e-05
2.3476935649900033 3.362531955237207e-05
2.360343316487162 3.1134275647486726e-05
2.3730332994737697 2.768699194243658e-05
2.385567863558981 2.5772985328312573e-05
2.398060143366863 2.272603255418299e-05
2.4107789685311087 2.05828481835289e-05
2.4234531099437757 1.9106126719576076e-05
2.435831195209724 1.736883822438683e-05
2.4484709440435886 1.5576886779808474e-05
2.4612848053934573 1.4399559804811112e-05
2.473794880423975 1.2774804518603565e-05
2.486110768659134 1.1885413870138571e-05
2.4987555116598106 1.0829192009835819e-05
2.511584783245333 9.752542869646952e-06
2.5240933241388914 9.023995611641837e-06
2.5365627011107548 8.158343572852525e-06
2.5493077516226483 7.357695617461094e-06
2.561978439831311 6.748744146537949e-06
2.574212755798341 6.408132748954548e-06
2.586731940134884 5.6475342705158445e-06
2.5998869040801766 5.245369829932086e-06
2.6126019917307115 5.0981792893616715e-06
2.624168567409617 4.617887095234631e-06
2.636617431092511 4.234860761568084e-06
2.65028784762516 4.146286049348788e-06
2.663341593133421 3.6595263836866273e-06
2.674176912131966 4.060668264851559e-06
2.6865492607137385 3.738277304672312e-06
2.70077704510104 3.2990721847311544e-06
2.7145884416410158 3.2236702999986837e-06
2.7248746414473413 3.2957417098069535e-06
2.7364378284531115 3.1954924113507274e-06
2.7506817507001893 3.5846355869477313e-06
2.7647976990558054 3.8023053918019134e-06
2.7766321634107682 5.052607667558646e-06
2.7856940556078005 2.0997607291132783e-06
