0.01783209187197505 33.378909363582615
0.03021383503078697 26.046913499363225
0.04297487357678415 18.419023916177654
0.055775837984368234 17.40905677821177
0.06882863412500548 15.774719699902862
0.08110696464570498 10.772386902759951
0.09370674553631765 9.30465424153378
0.10636019509318788 6.994330138772896
0.1191264305855796 6.998364803544164
0.13176693543452653 5.780402769968048
0.14419796924510356 5.051514051501747
0.15684580028039333 4.12637601202927
0.1697202486941213 3.4995834246645394
0.18227245710657114 3.1978060242695436
0.19477416222977542 3.168872072137754
0.2073340835947669 2.5485303351769497
0.21991992144750147 2.216807751534048
0.23253646283801338 1.9975343673966126
0.2451850514388408 1.827985128023032
0.2578378507460673 1.667030419331753
0.27039766737784754 1.4713974217808758
0.2829104411759606 1.3226052695444641
0.2955705379804188 1.191096010595377
0.30813996427931273 1.0636957582516058
0.3207216073146958 1.0069064222615782
0.3334116808196787 0.9314841281875573
0.34607587720379784 0.8584470244851125
0.3586128576244034 0.774319715849545
0.3711536269502742 0.7303739340191808
0.3836672702512409 0.6532179630554157
0.3963071427257882 0.6110824355052861
0.4089399593153128 0.5504618056268936
0.4215634989091981 0.5100279012033605
0.4341807950257213 0.46297906728117677
0.44676205768024 0.4391574428350716
0.45936920285149674 0.40686625884138183
0.4718965482805624 0.3768401626089275
0.48447350382182475 0.3452184554092723
0.49708590060588403 0.31855957663715195
0.5096361353798295 0.2971899916689455
0.5222277017157823 0.2756393328014447
0.5348355227589748 0.25631410975315333
0.5474920039788621 0.23610243174206977
0.5601365361534087 0.21693164202968762
0.5727270239485902 0.20321172773919755
0.5852520646971234 0.19183783857514203
0.5977898476833504 0.1779470373877388
0.610399607484725 0.16137239336016418
0.623002092426747 0.15255171928988315
0.6356030860286793 0.14146778172732072
0.6482301980282459 0.13117275932003555
0.6608495463994339 0.123758625739748
0.6734744173918991 0.111997664851525
0.6860022567240306 0.10451655637981369
0.6985809637891269 0.09583686799449123
0.7111908491771041 0.08932209524156684
0.7237149565943738 0.08391704070420909
0.7363081577644085 0.07649083351941492
0.7489074805118847 0.07173494643937817
0.7615319556341408 0.06624499328075721
0.7741323050847916 0.06179688052345523
0.786675447343414 0.05686283799331441
0.7993235825500561 0.05250094401459833
0.8119084864763915 0.04913172136268631
0.8245003008650983 0.04497677876035493
0.8371030476789433 0.04182675904653692
0.8496433960979584 0.039115326913451265
0.862271639222499 0.03584641475640907
0.8748814140551415 0.0332324084524577
0.887432030637941 0.030545233716911
0.8999827699152788 0.028157573790643646
0.9125618598383743 0.026275906423359554
0.9252292314560263 0.024138273328660944
0.9378544149867115 0.022153160635497916
0.9504457821018771 0.020342811216716345
0.9630431388995881 0.018868183336056332
0.9755988646043379 0.017355083065639744
0.9881575396632225 0.016055146449819997
1.0007426245805018 0.014790646136119365
1.0132961828208324 0.01357220318317251
1.025872310735663 0.012367337115698453
1.0385360311261873 0.011418450373602016
1.0511519513207872 0.010534165098779295
1.0637085884787156 0.009597786185689502
1.076294990202561 0.008832101912541532
1.088919425178857 0.008064352561566181
1.1015128135865706 0.0073933301305104315
1.1140372123598765 0.0067866899409364115
1.1266438572582145 0.006120105898034086
1.1392985127936917 0.005640146241155505
1.151880272522975 0.005149530293376691
1.164452528510975 0.004690808981992856
1.1770445539533532 0.004271661280058534
1.1896240437944732 0.003930704836085793
1.2022063409730082 0.003561568006704242
1.2147708906645485 0.00323370535638908
1.2273521312637687 0.0029142560199089435
1.2399769911738872 0.0026680736637583274
1.2525667220095937 0.002390849271058927
1.2651332198084169 0.0021758341525468807
1.2777516590554738 0.0019679407472080767
1.2903456750126363 0.0017853335153931685
1.3029343638221438 0.0016105398208495713
1.3155376929046927 0.0014416680353547143
1.3281174714819175 0.001308432846351279
1.3407038618127107 0.0011729905769608476
1.3533039956323645 0.0010589628935940999
1.3658801979009842 0.0009430304310630205
1.3784547377611032 0.0008448969492970436
1.3910282284727524 0.0007610595963547491
1.4036176088634365 0.0006808408421189159
1.416230726684582 0.000609105926012977
1.4288327238231309 0.0005403415176597009
1.441435760560507 0.00047869341954975207
1.4540420662985825 0.0004256289143700372
1.4666290001310285 0.00037571660618430344
1.4792232339276101 0.00033397116174267743
1.491797940567092 0.0002943297773026237
1.5043420725912222 0.0002593524132142096
1.5169427293249744 0.0002298469209683318
1.5295424653470167 0.0002014579048855371
1.5421299704605824 0.00017603971414826763
1.5547395520031315 0.00015606125957876542
1.5673496087201635 0.0001356439021781404
1.579969987973016 0.00011837078157108977
1.5925093854124435 0.00010225532600334726
1.6050513674379843 8.804357271188753e-05
1.6176486600174467 7.412733209189724e-05
1.6302445001949653 6.277871978577103e-05
1.6428527694112223 5.314113231179938e-05
1.6554322216394621 4.4480457017858535e-05
1.6680440255859132 3.7269256878791254e-05
1.6806789206890473 3.104277168431725e-05
1.6932331315939029 2.605020378334119e-05
1.7057845975195398 2.1692264001112768e-05
1.7183896309732518 1.8078111198069723e-05
1.7309874185440797 1.4986603304950778e-05
1.7435623448937674 1.2416359679797579e-05
1.7561426634640496 1.0236881585620292e-05
1.768745892175792 8.427582839143277e-06
1.7813334782050327 7.000405052408643e-06
1.7938985526958373 5.740997458519907e-06
1.8064980806819741 4.75087118729345e-06
1.8190945363690536 3.925923902571892e-06
1.8316935397102898 3.2244334419614337e-06
1.8442938066535441 2.7104564534972384e-06
1.85688767919359 2.266886501362704e-06
1.8694996979258063 1.9194257645033066e-06
1.8820874678435362 1.6377807377993697e-06
1.89464800712909 1.4090315667597383e-06
1.9072244238241292 1.2354380359075607e-06
1.9197955083167093 1.0983496222873953e-06
1.9324077190392577 9.865522267647089e-07
1.9450267994293615 8.999410110058175e-07
1.9575901294986977 8.361995427074679e-07
1.9701677233625408 7.794777810954818e-07
1.9827403283412839 7.371613499388404e-07
1.995331474359653 6.97068075470821e-07
2.007947834664376 6.673653691145984e-07
2.0205022754362703 6.4329074984826e-07
2.033091375229658 6.175118565735651e-07
2.0457223504519213 5.919183550607014e-07
2.058276346288367 5.694026062952079e-07
2.0708699090952476 5.529964619769373e-07
2.083519949911574 5.326509127050877e-07
2.096097125641408 5.080754812796916e-07
2.10862720608884 4.901338459630767e-07
2.121187091512551 4.651814253605567e-07
2.1338231323869667 4.5210526371472594e-07
2.146410287377126 4.2851703192835447e-07
2.1589635630855653 4.0715999397081514e-07
2.171572232546311 3.854152555942658e-07
2.184206232503581 3.659837358603943e-07
2.1967582541876474 3.493134673505e-07
2.2093298486834145 3.255448609439024e-07
2.221925909239811 3.1140423307572554e-07
2.234489591332651 2.922022401374757e-07
2.247040534594888 2.716640526663774e-07
2.259624100314442 2.5718723075936906e-07
2.27222953149659 2.32813596388327e-07
2.2848348222229298 2.1443185214277915e-07
2.2974000386779987 1.9780507728879104e-07
2.3099677799709823 1.800827961157522e-07
2.322578483572139 1.6592452208497364e-07
2.3351595212304197 1.5103200637778646e-07
2.3476935649900033 1.3855662180735572e-07
2.360343316487162 1.2908683560542623e-07
2.3730332994737697 1.1730866640636553e-07
2.385567863558981 1.0698387344428891e-07
2.398060143366863 9.611190680273593e-08
2.4107789685311087 8.710975035115834e-08
2.4234531099437757 7.96969875019076e-08
2.435831195209724 7.335454242937727e-08
2.4484709440435886 6.479087284061086e-08
2.4612848053934573 6.005010952653024e-08
2.473794880423975 5.340166293764235e-08
2.486110768659134 4.907279972147852e-08
2.4987555116598106 4.428790942023062e-08
2.511584783245333 3.9123137450625564e-08
2.5240933241388914 3.5561580667448486e-08
2.5365627011107548 3.22853921429795e-08
2.5493077516226483 2.8649825780271417e-08
2.561978439831311 2.5783271150114468e-08
2.574212755798341 2.414152665915078e-08
2.586731940134884 2.1561717982367935e-08
2.5998869040801766 1.8679645366699947e-08
2.6126019917307115 1.779940373365611e-08
2.624168567409617 1.6497367860512004e-08
2.636617431092511 1.4587682237656174e-08
2.65028784762516 1.3813002810383271e-08
2.663341593133421 1.182914905318668e-08
2.674176912131966 1.23022922353973e-08
2.6865492607137385 1.0867951824415475e-08
2.70077704510104 1.0014016651615799e-08
2.7145884416410158 1.0374090231170538e-08
2.7248746414473413 9.539197844661278e-09
2.7364378284531115 9.627547324890131e-09
2.7506817507001893 1.0558175334079716e-08
2.7647976990558054 9.679380369302562e-09
2.7766321634107682 7.105372452166348e-09
2.7856940556078005 7.665720842499085e-09
