0.01783209187197505 33.104051709546134
0.03021383503078697 25.227826373586772
0.04297487357678415 17.06906288320641
0.055775837984368234 15.268363875328802
0.06882863412500548 13.070728330408455
0.08110696464570498 8.382989931556988
0.09370674553631765 6.725957176170129
0.10636019509318788 4.69547918767082
0.1191264305855796 4.473896274764219
0.13176693543452653 3.5582501821783943
0.14419796924510356 2.972300113032882
0.15684580028039333 2.2956422470755524
0.1697202486941213 1.857325170576406
0.18227245710657114 1.6566303917329641
0.19477416222977542 1.6160038624367
0.2073340835947669 1.2658605548590658
0.21991992144750147 1.0618924130316985
0.23253646283801338 0.9258770027051779
0.2451850514388408 0.8321877167110909
0.2578378507460673 0.7512560721956902
0.27039766737784754 0.653118738662532
0.2829104411759606 0.5746310516094797
0.2955705379804188 0.5073562988728897
0.30813996427931273 0.4481080592498457
0.3207216073146958 0.42185796045692187
0.3334116808196787 0.38760228427699384
0.34607587720379784 0.35334847232375866
0.3586128576244034 0.3155608955024604
0.3711536269502742 0.29560374684953017
0.3836672702512409 0.26366226303644025
0.3963071427257882 0.24602826400950661
0.4089399593153128 0.22090622486381575
0.4215634989091981 0.20392535871829603
0.4341807950257213 0.18485011616062672
0.44676205768024 0.17545985920322366
0.45936920285149674 0.16283826619251854
0.4718965482805624 0.15113993968877257
0.48447350382182475 0.13877509020718443
0.49708590060588403 0.12844180636049798
0.5096361353798295 0.12038197939141841
0.5222277017157823 0.11231122052752002
0.5348355227589748 0.1051381626667894
0.5474920039788621 0.09751319476165458
0.5601365361534087 0.09029585354553242
0.5727270239485902 0.08531021970724309
0.5852520646971234 0.08130234220055638
0.5977898476833504 0.07622083722492888
0.610399607484725 0.06989783535157579
0.623002092426747 0.06689271222642587
0.6356030860286793 0.0628184004721224
0.6482301980282459 0.05902421428214856
0.6608495463994339 0.05650287926787354
0.6734744173918991 0.0518833331234801
0.6860022567240306 0.049206917193533053
0.6985809637891269 0.045871558202243166
0.7111908491771041 0.04347950097308219
0.7237149565943738 0.041576706287594904
0.7363081577644085 0.0386186670402851
0.7489074805118847 0.036922310112067314
0.7615319556341408 0.0347974946876236
0.7741323050847916 0.03313609466516174
0.786675447343414 0.031148709144714796
0.7993235825500561 0.029409601224436064
0.8119084864763915 0.028165425390597094
0.8245003008650983 0.026407335582965735
0.8371030476789433 0.025168677992138868
0.8496433960979584 0.024125346872307996
0.862271639222499 0.02269921182372953
0.8748814140551415 0.02159929647495071
0.887432030637941 0.020407368268951124
0.8999827699152788 0.0193435387683612
0.9125618598383743 0.01857272779777007
0.9252292314560263 0.017581659930156722
0.9378544149867115 0.016630878607759973
0.9504457821018771 0.0157561505618569
0.9630431388995881 0.01508460849560711
0.9755988646043379 0.014327210387877558
0.9881575396632225 0.013699356797142216
1.0007426245805018 0.013066367199050117
1.0132961828208324 0.012408287161939058
1.025872310735663 0.011719876059885026
1.0385360311261873 0.011227486427715424
1.0511519513207872 0.010747672770706066
1.0637085884787156 0.010173751225460404
1.076294990202561 0.009727424546604099
1.088919425178857 0.009244615071725757
1.1015128135865706 0.008822494744957596
1.1140372123598765 0.008443697327157444
1.1266438572582145 0.007937312499310165
1.1392985127936917 0.0076352553677679685
1.151880272522975 0.007274762549726055
1.164452528510975 0.006934332760888936
1.1770445539533532 0.006612766113605276
1.1896240437944732 0.006368473784440627
1.2022063409730082 0.006050513596225372
1.2147708906645485 0.005763130867385517
1.2273521312637687 0.005457400648700661
1.2399769911738872 0.005253653126396472
1.2525667220095937 0.004954453515852291
1.2651332198084169 0.004750513278460003
1.2777516590554738 0.0045326010139804
1.2903456750126363 0.004341891346255645
1.3029343638221438 0.004138432617465115
1.3155376929046927 0.0039165402965000585
1.3281174714819175 0.0037665039020136643
1.3407038618127107 0.003581533435976164
1.3533039956323645 0.0034278993361168595
1.3658801979009842 0.003249489236138022
1.3784547377611032 0.0030957277100760803
1.3910282284727524 0.0029704622358071686
1.4036176088634365 0.0028393102210024297
1.416230726684582 0.0027121204558921176
1.4288327238231309 0.002571440429756156
1.441435760560507 0.0024424993459091684
1.4540420662985825 0.0023302736283389866
1.4666290001310285 0.0022091148475129685
1.4792232339276101 0.0021137245428219
1.491797940567092 0.0020085469216017953
1.5043420725912222 0.001909881880238972
1.5169427293249744 0.0018346037981670578
1.5295424653470167 0.0017445699978852875
1.5421299704605824 0.0016520741967096925
1.5547395520031315 0.0015956263176390942
1.5673496087201635 0.0015114560945745999
1.579969987973016 0.001442989282432522
1.5925093854124435 0.0013654465596896113
1.6050513674379843 0.0012913316643013073
1.6176486600174467 0.00119276147555646
1.6302445001949653 0.0011112600993392026
1.6428527694112223 0.0010364319944257629
1.6554322216394621 0.0009568585987020759
1.6680440255859132 0.0008888515891273108
1.6806789206890473 0.0008203125352872103
1.6932331315939029 0.0007651879209299978
1.7057845975195398 0.0007106617228661748
1.7183896309732518 0.0006593874679613907
1.7309874185440797 0.0006112514087229535
1.7435623448937674 0.0005661789539983544
1.7561426634640496 0.0005255054485780806
1.768745892175792 0.000484688260433143
1.7813334782050327 0.00045117164739877233
1.7938985526958373 0.0004166339422762859
1.8064980806819741 0.0003865632884068269
1.8190945363690536 0.00035670723893472384
1.8316935397102898 0.0003278023921832688
1.8442938066535441 0.0003046742377341114
1.85688767919359 0.00028102803304072267
1.8694996979258063 0.00025932602921736495
1.8820874678435362 0.0002391275640925934
1.89464800712909 0.0002198376205800942
1.9072244238241292 0.00020268483510782427
1.9197955083167093 0.00018648825705860949
1.9324077190392577 0.00017259672406485876
1.9450267994293615 0.0001580896699210833
1.9575901294986977 0.00014536020835387653
1.9701677233625408 0.00013421205421922
1.9827403283412839 0.0001233923463563607
1.995331474359653 0.0001129442215107731
2.007947834664376 0.00010386706719770489
2.0205022754362703 9.497534791622744e-05
2.033091375229658 8.710507394708565e-05
2.0457223504519213 7.97122650743241e-05
2.058276346288367 7.279540387595702e-05
2.0708699090952476 6.698616413294997e-05
2.083519949911574 6.106553939224949e-05
2.096097125641408 5.606516848695062e-05
2.10862720608884 5.157115281403007e-05
2.121187091512551 4.680274085293057e-05
2.1338231323869667 4.3109538224657954e-05
2.146410287377126 3.9297294337137664e-05
2.1589635630855653 3.5987212795496935e-05
2.171572232546311 3.278725113713195e-05
2.184206232503581 3.0307183365129798e-05
2.1967582541876474 2.782264026592471e-05
2.2093298486834145 2.5518449759348104e-05
2.221925909239811 2.335488956419153e-05
2.234489591332651 2.139507676770953e-05
2.247040534594888 1.9534510379794488e-05
2.259624100314442 1.8025580860695573e-05
2.27222953149659 1.6432724735095827e-05
2.2848348222229298 1.4782245666473084e-05
2.2974000386779987 1.3465472819903392e-05
2.3099677799709823 1.2216006927367903e-05
2.322578483572139 1.1035522949369579e-05
2.3351595212304197 1.0016675307660168e-05
2.3476935649900033 9.00258128135519e-06
2.360343316487162 8.2935973673228e-06
2.3730332994737697 7.324051271353668e-06
2.385567863558981 6.750236053705624e-06
2.398060143366863 5.949545638310217e-06
2.4107789685311087 5.343962369717722e-06
2.4234531099437757 4.887099793443611e-06
2.435831195209724 4.4259695327718694e-06
2.4484709440435886 3.878966454014852e-06
2.4612848053934573 3.5667608336884353e-06
2.473794880423975 3.1609272646031217e-06
2.486110768659134 2.9156561258652e-06
2.4987555116598106 2.5869763150653474e-06
2.511584783245333 2.2822381491927044e-06
2.5240933241388914 2.087187645701558e-06
2.5365627011107548 1.8581839799109162e-06
2.5493077516226483 1.633179444011066e-06
2.561978439831311 1.4601243617631479e-06
2.574212755798341 1.376811231639885e-06
2.586731940134884 1.1879923886281442e-06
2.5998869040801766 1.059358817630993e-06
2.6126019917307115 1.0017232867349894e-06
2.624168567409617 8.866847122220449e-07
2.636617431092511 7.830443271859165e-07
2.65028784762516 7.447786507918294e-07
2.663341593133421 6.265613415492267e-07
2.674176912131966 6.819671787480509e-07
2.6865492607137385 5.847313795547605e-07
2.70077704510104 5.006025311779681e-07
2.7145884416410158 4.91167169029923e-07
2.7248746414473413 4.82424761695218e-07
2.7364378284531115 4.485080113285496e-07
2.7506817507001893 4.949903410144085e-07
2.7647976990558054 4.825286972425415e-07
2.7766321634107682 5.09566316126952e-07
2.7856940556078005 1.582537119959533e-07
