17.799282449393907 3.6346031855012134e-09
30.158244330131154 9.677210999938075e-10
42.89580372913673 1.0734826225588807e-09
55.67321552978553 9.770959134351926e-10
68.70199571606821 9.143971641347141e-10
80.9577352285149 8.312191233352619e-10
93.5343336715136 9.196073831506222e-10
106.16450203531903 1.033441602169212e-09
118.9072488188118 8.987782506074626e-10
131.52449629177582 9.778102002857316e-10
143.9326581339747 9.356788431667152e-10
156.55721831376695 9.363902528337491e-10
169.40797891669078 9.313014936956211e-10
181.9370924105474 9.373707657829707e-10
194.41579553660424 9.251170074911553e-10
206.95260779187328 9.103408543322907e-10
219.51528885091182 9.78702400017345e-10
232.10861695601864 9.213114142334506e-10
244.73393330749704 8.791442418376043e-10
257.3634526180588 8.870394650167799e-10
269.90016033281614 9.142753640476935e-10
282.3899117684295 9.101123267664229e-10
295.02671514949367 9.40116561176264e-10
307.57301485045366 9.327103030239724e-10
320.13150881022204 9.005722766010736e-10
332.79823373741607 9.062986065912891e-10
345.4391291552885 9.325673375733746e-10
357.9530426754169 9.028223358739688e-10
370.4707381295704 9.067453819720993e-10
382.9613574682314 9.141974397642467e-10
395.5779737303071 9.261559415207118e-10
408.18754708954486 9.315995096091427e-10
420.78786052196915 9.050980197046373e-10
433.3819419644603 9.055454117300783e-10
445.9400562432304 8.954739037801518e-10
458.52400541726837 8.820092320084832e-10
471.0283016733625 8.929734077219837e-10
483.5821167635718 9.020625011530349e-10
496.17130788792383 8.957453138850384e-10
508.6984513745909 9.025492493824025e-10
521.266850376961 9.072853225997955e-10
533.8514741793921 8.850648882505568e-10
546.4846686282311 8.840262800241149e-10
559.1059360168832 8.909441265113987e-10
571.6732584628986 8.877361039556937e-10
584.1752542788623 8.809787873634479e-10
596.6899688879645 8.80398934348192e-10
609.2765278814395 8.89036528239395e-10
621.8558254006394 8.938090828911792e-10
634.4336343236796 8.782787578221699e-10
647.0375135888845 8.730783220867154e-10
659.6336435100791 8.698242183075864e-10
672.2352858914313 8.683218725554394e-10
684.7400751418547 8.659179257530469e-10
697.2956385332539 8.55662306345543e-10
709.8823228822636 8.526838752930253e-10
722.383387084208 8.692313243832947e-10
734.9534179127145 8.540079092634089e-10
747.5295590555182 8.52658512571259e-10
760.1308062950264 8.49587635382446e-10
772.7079722519646 8.486876729072954e-10
785.22803627289 8.363264513850129e-10
797.8529000643869 8.358804246046618e-10
810.4146489153657 8.334521282084355e-10
822.9832955140954 8.393326316780263e-10
835.5628544232982 8.345053781833201e-10
848.0801297450262 8.27776509963908e-10
860.6851380540385 8.357106143162577e-10
873.2717120511252 8.223956393673085e-10
885.7992366441526 8.230317315917217e-10
898.3268837059719 8.200576997787502e-10
910.8828292509464 8.268892327622256e-10
923.5268940602116 8.163293118005442e-10
936.128848404742 8.072636126135935e-10
948.6970485528731 8.071048102563999e-10
961.27122736308 8.060078743265435e-10
973.8038516777394 8.035270048266751e-10
986.3394199199912 7.989608675567288e-10
998.9013494289071 7.94120735253495e-10
1011.4318102670842 7.927781113933907e-10
1023.984799253619 7.84857766644417e-10
1036.6252195536813 7.835757095104042e-10
1049.2179276058198 7.793297999253972e-10
1061.7514616966673 7.758826580766874e-10
1074.3147055893453 7.737744338549542e-10
1086.9159127567582 7.677031110256238e-10
1099.4861304784436 7.663537136059847e-10
1111.9874855003557 7.659432864044152e-10
1124.5709353219315 7.663502566771325e-10
1137.2023074454532 7.635929134116842e-10
1149.7609178844157 7.547198187358258e-10
1162.310042068112 7.499348052354893e-10
1174.8788993321937 7.439109506587351e-10
1187.4352440593798 7.486729947534466e-10
1199.9943909587364 7.398692199242957e-10
1212.5358230248555 7.375965887382763e-10
1225.0939152889068 7.355127222313647e-10
1237.695546608303 7.274472273903841e-10
1250.2621134875799 7.267780696649091e-10
1262.8054900766422 7.258924802138059e-10
1275.400712546411 7.18686124281871e-10
1287.9715566629113 7.120494807122742e-10
1300.5370834332223 7.12084871485393e-10
1313.1172235398076 7.070082080359725e-10
1325.6738564718507 7.047223380923765e-10
1338.2370889924387 6.991235245162589e-10
1350.8140397151212 6.994519063079851e-10
1363.367102918641 6.982644269310899e-10
1375.9185067723397 6.823945015684313e-10
1388.4688634079062 6.849926485186094e-10
1401.0350804869474 6.804901801891763e-10
1413.6249913217434 6.782771438601266e-10
1426.2038019349843 6.723931838274533e-10
1438.7836502342852 6.679078489197948e-10
1451.3667615196225 6.646527277480955e-10
1463.93053654187 6.641215690756138e-10
1476.5015980969845 6.611876719138713e-10
1489.0531684231876 6.533099649927422e-10
1501.5742203885422 6.535267273106158e-10
1514.1516930632092 6.484071171189461e-10
1526.7282467201912 6.419514646624493e-10
1539.2925919724535 6.398295649833522e-10
1551.8789730350827 6.377525394392122e-10
1564.4658283979172 6.352346475599956e-10
1577.062987304048 6.302526172618497e-10
1589.5793133959044 6.274698620880621e-10
1602.098219318471 6.220651825813135e-10
1614.6728123454723 6.182351674003802e-10
1627.245897674773 6.122994385571695e-10
1639.830599792207 6.114650815560376e-10
1652.3905272785578 6.031895683443411e-10
1664.979414016081 6.000364670896415e-10
1677.5918618421556 5.94456886944246e-10
1690.126927940609 5.92825643612542e-10
1702.6565735125293 5.872604062636422e-10
1715.239652780402 5.860427535303209e-10
1727.811695412483 5.832833292180309e-10
1740.3677490975194 5.789504126790689e-10
1752.9282192150536 5.740544151777682e-10
1765.500774679947 5.696481388593407e-10
1778.0665536787737 5.659433719061518e-10
1790.6168494226254 5.63703615384159e-10
1803.191304333419 5.613249866667955e-10
1815.7666656189658 5.545068575978599e-10
1828.3488212639727 5.494898635716907e-10
1840.9261635435228 5.482521658112028e-10
1853.4868830529422 5.435641450787962e-10
1866.0648394709856 5.417795437318374e-10
1878.6531571147755 5.325272622087277e-10
1891.1949620796393 5.326397057520572e-10
1903.7320037090342 5.263116204400659e-10
1916.2826511063677 5.226722060577874e-10
1928.8701890218213 5.206278636905772e-10
1941.4711267136497 5.128001503570155e-10
1954.0161536900057 5.136200694105727e-10
1966.5646650726826 5.081594081305532e-10
1979.1139383933348 5.03265913982579e-10
1991.6912603842213 5.004727133202061e-10
2004.2724214876746 4.97427346637056e-10
2016.8096506702707 4.922482346786099e-10
2029.388299672487 4.900293191183438e-10
2041.9851108745945 4.884715018845168e-10
2054.5479608747887 4.816172194711111e-10
2067.1183637920344 4.773201434507029e-10
2079.69511478519 4.747157821756603e-10
2092.25394988661 4.706053885126928e-10
2104.806873622057 4.67832813115608e-10
2117.3614093032174 4.62015233342327e-10
2129.928666131578 4.5933453046410563e-10
2142.5135548816706 4.5420306119247916e-10
2155.088097602156 4.542088711169599e-10
2167.649640376087 4.500372921096651e-10
2180.216047885633 4.435790622615369e-10
2192.779331913286 4.424398074942691e-10
2205.362264117683 4.389792283596957e-10
2217.92609518976 4.352638482096916e-10
2230.4508569275185 4.3013344930127206e-10
2243.0042552295354 4.292700567172939e-10
2255.585147649584 4.2404554411541895e-10
2268.179105336766 4.2182649435364017e-10
2280.7280993008117 4.163059498254571e-10
2293.278360641959 4.1520254481964065e-10
2305.8848259833 4.0827385536786106e-10
2318.4578135021575 4.0490684489429377e-10
2331.017443774536 4.035173612282838e-10
2343.5861525124205 4.0067732372072665e-10
2356.174872739318 3.960693027386185e-10
2368.7353085030536 3.939124965746804e-10
2381.2692845985334 3.888139327702243e-10
2393.8244176688013 3.8664550823796536e-10
2406.4031547082923 3.8329615784539087e-10
2418.9736888834113 3.8004910215020867e-10
2431.52780414962 3.7748202643261044e-10
2444.0995103422933 3.7215153232368346e-10
2456.681233242974 3.707309106699118e-10
2469.2659731538656 3.677220983473832e-10
2481.804494353713 3.642856809469539e-10
2494.349678289375 3.6172351102569154e-10
2506.9309198668843 3.571602836507039e-10
2519.499903784357 3.5505898141314447e-10
2532.064286254508 3.5100010577797937e-10
2544.6325769440127 3.491507198760253e-10
2557.208310117243 3.459710667214667e-10
2569.7731778671878 3.4294649152383344e-10
2582.350840133166 3.4039190180742106e-10
2594.9314527475444 3.3811975679325794e-10
2607.4836540238884 3.3413975898123005e-10
2620.0346458455233 3.316264571592279e-10
2632.6028953257733 3.2860086968126873e-10
2645.173520726606 3.260313314254505e-10
2657.730984905749 3.236622375387322e-10
2670.289609909111 3.200523330275691e-10
2682.8810325445497 3.177912214675436e-10
2695.4617368341887 3.1565655475716307e-10
2708.003179989755 3.1246278224607045e-10
2720.565218595557 3.090387103477585e-10
2733.1313729151952 3.065371700451982e-10
2745.702996964865 3.0291877397481163e-10
2758.2707458588034 3.0052148713354686e-10
2770.8191342981145 2.981586702529569e-10
2783.3972824385987 2.9682668579331337e-10
2795.9689028789417 2.9363246033664746e-10
2808.5357668183638 2.9134504430841046e-10
2821.1095589697384 2.8897188003460746e-10
2833.6756670949308 2.866798603420297e-10
2846.236354374274 2.8492295851595783e-10
2858.79560232848 2.8186652568993683e-10
2871.373843645574 2.8002254320687524e-10
2883.954243538599 2.7681039642052295e-10
2896.5073357066644 2.757806775527915e-10
2909.064697944345 2.7289510386064615e-10
2921.6386383037598 2.7042817575295517e-10
2934.2207288040527 2.683786550521071e-10
2946.785817897924 2.6677100307918827e-10
2959.3399304871978 2.640896849479325e-10
2971.912289205687 2.6195738978099127e-10
2984.46722152623 2.59241083175575e-10
2997.00494075996 2.5739723331211257e-10
3009.571504102365 2.5602976068578987e-10
3022.151983789152 2.538072349063229e-10
3034.723269970324 2.516721805146279e-10
3047.297141938261 2.499669623721676e-10
3059.876071431784 2.4841458482166764e-10
3072.460353827784 2.4658468390643836e-10
3085.0214375587766 2.440400863788155e-10
3097.56792616596 2.4211143166143824e-10
3110.1461395593024 2.404775976177973e-10
3122.7146498544676 2.384611190212609e-10
3135.258242106282 2.3680293444168803e-10
3147.827394808765 2.346867512800597e-10
3160.407090461748 2.3349383351482483e-10
3172.9707868690757 2.3198357092632021e-10
3185.520028526011 2.3018746304372526e-10
3198.0928727893415 2.287789862129108e-10
3210.684273274958 2.267861595303237e-10
3223.239536727099 2.2574144365340085e-10
3235.794336704776 2.2207576767127533e-10
3248.365417080094 2.2007451323430732e-10
3260.9281598919256 2.1772225704064438e-10
3273.4964936633673 2.151627779300329e-10
3286.0602765369263 2.124683829700342e-10
3298.616161266458 2.09936683913983e-10
3311.184497268825 2.079053217956421e-10
3323.7565519663412 2.0563583505462898e-10
3336.336479870555 2.0272245293326187e-10
3348.8991222089053 2.00737668322819e-10
3361.442771262142 1.9831976190295116e-10
3374.0243084776243 1.967582639596036e-10
3386.614961597868 1.9447675603194437e-10
3399.16128606973 1.9199922310527368e-10
3411.723586887969 1.8974389179155863e-10
3424.3034483758647 1.8828558671034014e-10
3436.8707723403413 1.8514963657455978e-10
3449.4368938720895 1.8331900176060977e-10
3461.9898368720965 1.8174250277018256e-10
3474.572720638132 1.7897397108679604e-10
3487.1326051509195 1.7659805396156344e-10
3499.6720155540056 1.7511803399642247e-10
3512.2465573827917 1.7352056017319968e-10
3524.8212321125134 1.7125219948345782e-10
3537.387157918102 1.693307735027831e-10
3549.9534967742106 1.673788510760169e-10
3562.5272432128218 1.6562271329500363e-10
3575.0914952116 1.6334459684446343e-10
3587.654584597485 1.6135107584268875e-10
3600.2154434833064 1.5967617826950492e-10
3612.781827813574 1.5829907028229129e-10
3625.349028548668 1.559359839841148e-10
3637.907270470111 1.5427681167719068e-10
3650.477005817321 1.5166491077063155e-10
3663.04737240162 1.504210531069871e-10
3675.6208179613163 1.4912290399075307e-10
3688.192852242157 1.4734821001067795e-10
3700.7538430059562 1.4557405430801329e-10
3713.3214918772564 1.438531574279877e-10
3725.88719617525 1.4200244166657678e-10
3738.4440983479285 1.4058787103478312e-10
3751.0156271459587 1.3891457975977788e-10
3763.58999013167 1.3752512405739224e-10
3776.155626274999 1.3595813537229606e-10
3788.70489003149 1.344236264966656e-10
3801.275937702054 1.3257288009380494e-10
3813.8566744571744 1.312169558036383e-10
3826.404431717055 1.2993748066982073e-10
3838.9644689081924 1.2849507676813447e-10
3851.5402114943618 1.267236228344433e-10
3864.1298207037257 1.2572747411286077e-10
3876.681423024082 1.2396114595828756e-10
3889.2165722518703 1.2273829968090102e-10
3901.7937228048927 1.2154029781559826e-10
3914.376239464566 1.1989420888483604e-10
3926.950184147634 1.1885895720644187e-10
3939.510656203867 1.1723549994382398e-10
3952.082754993091 1.1650423039733704e-10
3964.66520672985 1.146976585985665e-10
3977.223438611204 1.1339994153346908e-10
3989.775857376849 1.1299062173563742e-10
4002.346082688934 1.1117312500156247e-10
4014.9052449751166 1.1042558409788091e-10
4027.454437240128 1.0906858485673103e-10
4040.0221607705066 1.0787851068255531e-10
4052.608105661614 1.0630809435166307e-10
4065.1747165545376 1.054009587440989e-10
4077.7220075380287 1.0463826639845671e-10
4090.2897990210035 1.0338668425301148e-10
4102.873672523345 1.0229678278942617e-10
4115.447644068685 1.0104963257199133e-10
4128.008926808098 9.96509674524622e-11
4140.585568421012 9.88643322202192e-11
4153.1694370518835 9.769367665082016e-11
4165.708486135632 9.69938982916758e-11
4178.245182757474 9.604728625404632e-11
4190.834603556789 9.536740485675826e-11
4203.40608927648 9.404752005458826e-11
4215.94546673201 9.306137192732076e-11
4228.511593513913 9.192150012033876e-11
4241.075779699394 9.102103903382316e-11
4253.641501584355 9.020887300018279e-11
4266.2134040829205 8.938546561884252e-11
4278.800238462189 8.83821843475967e-11
4291.378797171946 8.75525368133044e-11
4303.915793648459 8.621716971734965e-11
4316.4806669387035 8.559455035801805e-11
4329.060961840782 8.510669768240025e-11
4341.6343365752655 8.411071700134643e-11
4354.198259860986 8.309436461138675e-11
4366.7534805332525 8.220433418169021e-11
4379.309052921206 8.124275356793403e-11
4391.876283675789 8.031526923585914e-11
4404.434457339895 7.960229121468183e-11
4416.997001697697 7.83248334934094e-11
4429.587449292495 7.783311495213455e-11
4442.151636687611 7.708608164326418e-11
4454.676243985357 7.569353216922996e-11
4467.255845270074 7.475361725367979e-11
4479.8575794065855 7.402408805780678e-11
4492.40168445441 7.310830057097815e-11
4504.962144407178 7.157691734062649e-11
4517.519866020664 7.04870470945646e-11
4530.0755333545785 6.986653037731895e-11
4542.6078228888755 6.818154761315251e-11
4555.1794564400525 6.774273562987029e-11
4567.796610844846 6.581639426087348e-11
4580.340024503758 6.486031017984443e-11
4592.907148036285 6.466330764043613e-11
4605.507457041533 6.321970019460543e-11
4618.066519715286 6.223543445472136e-11
4630.61348098353 6.137785452652332e-11
4643.169806111598 6.061320418578849e-11
4655.7516975966855 5.957348223440892e-11
4668.310875988915 5.924423593295322e-11
4680.838737422433 5.8358911385472e-11
4693.4142013659475 5.77357756214392e-11
4706.006583198429 5.6647445884265456e-11
4718.579788898697 5.625705977219979e-11
4731.107753982311 5.547154378830582e-11
4743.651571426617 5.4387894160429856e-11
4756.281806400868 5.4019947304182345e-11
4768.856185173669 5.350186346664247e-11
4781.385164866601 5.295428922723368e-11
4793.976276771281 5.2004924714841815e-11
4806.607096854939 5.09923588822437e-11
4819.146147308174 5.0548016549401816e-11
4831.661602769959 5.009449160509408e-11
4844.287713525817 4.9724387921292476e-11
4856.860115107401 4.918594310292598e-11
4869.355537556235 4.835733014723364e-11
4881.940425155442 4.771649215682181e-11
4894.597962536946 4.738000012955647e-11
4907.1382369119165 4.6973064236656533e-11
4919.600076288735 4.6324117750143065e-11
4932.2184698095 4.618835983731771e-11
4944.828614579259 4.564560449970413e-11
4957.327103379369 4.4948350863156114e-11
4969.86863255852 4.4588608272172105e-11
4982.485662226757 4.419445970212243e-11
4995.110752516737 4.299682922029649e-11
5007.607580415342 4.301538977758541e-11
5020.10090672177 4.318721211383448e-11
5032.776306714229 4.284927475839193e-11
5045.393898578722 4.226264960363002e-11
5057.824235954894 4.252230324069605e-11
5070.389901954609 4.119931454514539e-11
5083.106030184285 4.1378440331703304e-11
5095.667197680151 4.050317964076781e-11
5108.05545246385 4.0041853850067784e-11
5120.671439914531 4.040727344984272e-11
5133.447634936114 3.9126860228763986e-11
5145.895026810736 3.8999051150951656e-11
5158.2250506128275 3.948054489465848e-11
5170.95099224376 3.8689767979471535e-11
5183.700390094105 3.7713151358693465e-11
5196.118642963537 3.8987200495893076e-11
5208.594319785777 3.7809329676183416e-11
5221.348995023267 3.8390257892003186e-11
5233.86566836642 3.720231923186379e-11
5246.017090039119 3.648635258987856e-11
5258.795061897151 3.609315607397611e-11
5271.8211514158575 3.7159596211017894e-11
5284.059572485596 3.728471969218148e-11
5296.079024382072 3.6294986754284714e-11
5309.081924588613 3.669616112708089e-11
5322.3605651521175 3.6443007206217597e-11
5334.390294917684 3.551086884666722e-11
5346.181802010518 3.6538907535231254e-11
5359.463528890978 3.5338277288004784e-11
5372.933862046457 3.5581988493901083e-11
5384.396712939678 3.5783030209233884e-11
5395.929354426921 3.538313926767755e-11
5409.783878738565 3.438966309631104e-11
5423.640526297936 3.474166283360453e-11
5434.195806773826 3.394756605526001e-11
5445.572893198795 3.472710169591658e-11
5459.895693738757 3.453769968047221e-11
5474.13057561097 3.418616591130263e-11
5484.976407817414 3.7391158074705824e-11
5495.746636743918 3.3886417948679116e-11
5510.086276689804 3.62398498313582e-11
5524.398688742833 3.409482298659913e-11
5535.78557637482 3.91033833585988e-11
5545.66396493654 4.473031410882441e-11
5559.311623442359 1.452051434917611e-11
5571.991646927517 3.231741091318919e-11
