0.01783209187197505 33.33396562845089
0.03021383503078697 26.019073417657037
0.04297487357678415 18.449685667317446
0.055775837984368234 17.44409446372595
0.06882863412500548 15.785209339883279
0.08110696464570498 10.810446044502365
0.09370674553631765 9.28615576793433
0.10636019509318788 7.0162141378988565
0.1191264305855796 6.984055644953062
0.13176693543452653 5.78152661733654
0.14419796924510356 5.079562550494254
0.15684580028039333 4.132427410407878
0.1697202486941213 3.4986868623770344
0.18227245710657114 3.1980533030668497
0.19477416222977542 3.1818751707080954
0.2073340835947669 2.5754729799712694
0.21991992144750147 2.2376252891823527
0.23253646283801338 2.027455289364596
0.2451850514388408 1.8426067092769691
0.2578378507460673 1.6902318198155584
0.27039766737784754 1.4990674214232191
0.2829104411759606 1.3448206522826565
0.2955705379804188 1.2105448744249865
0.30813996427931273 1.0757939069751705
0.3207216073146958 1.0222094099703556
0.3334116808196787 0.9481688189941837
0.34607587720379784 0.8712400168513204
0.3586128576244034 0.7912041019930294
0.3711536269502742 0.7395030269193651
0.3836672702512409 0.6643604703766655
0.3963071427257882 0.6203440566045201
0.4089399593153128 0.5629799545396581
0.4215634989091981 0.5196083236322525
0.4341807950257213 0.4698565671309878
0.44676205768024 0.4490479220769617
0.45936920285149674 0.41410356606963433
0.4718965482805624 0.38174286995939843
0.48447350382182475 0.35049032102514355
0.49708590060588403 0.3235582646652294
0.5096361353798295 0.30116575466087797
0.5222277017157823 0.27936379918595317
0.5348355227589748 0.2591209306017516
0.5474920039788621 0.2395841420450982
0.5601365361534087 0.219914981722436
0.5727270239485902 0.2054285211426014
0.5852520646971234 0.1942298799613596
0.5977898476833504 0.18077936391504806
0.610399607484725 0.16364909341734876
0.623002092426747 0.1547889150950511
0.6356030860286793 0.14335955523991212
0.6482301980282459 0.13303442467908017
0.6608495463994339 0.1253740189588035
0.6734744173918991 0.11330797546004394
0.6860022567240306 0.10584022459937371
0.6985809637891269 0.09715932077057944
0.7111908491771041 0.09042329040752645
0.7237149565943738 0.08478014606964851
0.7363081577644085 0.07758951178081182
0.7489074805118847 0.07244063098119348
0.7615319556341408 0.0671119060489382
0.7741323050847916 0.06233681295362898
0.786675447343414 0.057324489749999125
0.7993235825500561 0.05298465980787876
0.8119084864763915 0.049649996880690266
0.8245003008650983 0.04553317537697518
0.8371030476789433 0.042342450045755896
0.8496433960979584 0.03948717069012007
0.862271639222499 0.036156725318447096
0.8748814140551415 0.0335338778076363
0.887432030637941 0.030826051307822434
0.8999827699152788 0.028396979987260575
0.9125618598383743 0.026430958598268838
0.9252292314560263 0.024287260723370854
0.9378544149867115 0.02233240055544808
0.9504457821018771 0.020419657100760574
0.9630431388995881 0.01895564462174498
0.9755988646043379 0.017452999718011022
0.9881575396632225 0.016099885820767865
1.0007426245805018 0.014880243135788345
1.0132961828208324 0.013647459200990732
1.025872310735663 0.012429295058163687
1.0385360311261873 0.011463545937296336
1.0511519513207872 0.010585569878895522
1.0637085884787156 0.009614142145998122
1.076294990202561 0.008881930933982742
1.088919425178857 0.00807128968576575
1.1015128135865706 0.007403441279179975
1.1140372123598765 0.006807308260881829
1.1266438572582145 0.006151608522435898
1.1392985127936917 0.005646168815514093
1.151880272522975 0.005142426525906714
1.164452528510975 0.004692098081795631
1.1770445539533532 0.004271927521221865
1.1896240437944732 0.003922208185344827
1.2022063409730082 0.0035553090361991977
1.2147708906645485 0.0032285759565003655
1.2273521312637687 0.0029088820269428787
1.2399769911738872 0.002660729033060041
1.2525667220095937 0.002384169051075431
1.2651332198084169 0.002164880493378463
1.2777516590554738 0.0019588039618341304
1.2903456750126363 0.0017747218394789047
1.3029343638221438 0.0016017779110755034
1.3155376929046927 0.0014296883712796786
1.3281174714819175 0.0012963392154293496
1.3407038618127107 0.0011633259347118962
1.3533039956323645 0.00104720710621771
1.3658801979009842 0.0009341488233650943
1.3784547377611032 0.0008358414465894171
1.3910282284727524 0.0007510548976622656
1.4036176088634365 0.0006723248120694011
1.416230726684582 0.0005999551850720536
1.4288327238231309 0.0005318178314201211
1.441435760560507 0.00047190443635249725
1.4540420662985825 0.000418035519984653
1.4666290001310285 0.0003687857468084598
1.4792232339276101 0.0003276461721643476
1.491797940567092 0.00028844322638000945
1.5043420725912222 0.00025384068139918704
1.5169427293249744 0.00022445080091249651
1.5295424653470167 0.00019672031305119648
1.5421299704605824 0.00017121519669126623
1.5547395520031315 0.00015190219602414452
1.5673496087201635 0.00013163738809790902
1.579969987973016 0.00011490338719466571
1.5925093854124435 9.898258277345477e-05
1.6050513674379843 8.511111299526655e-05
1.6176486600174467 7.13732137598758e-05
1.6302445001949653 6.024139254704546e-05
1.6428527694112223 5.077315817015217e-05
1.6554322216394621 4.232097227824461e-05
1.6680440255859132 3.5350927259157544e-05
1.6806789206890473 2.926270522310033e-05
1.6932331315939029 2.4497605621587103e-05
1.7057845975195398 2.0322927256677396e-05
1.7183896309732518 1.6895508390215315e-05
1.7309874185440797 1.3975943020554043e-05
1.7435623448937674 1.1547484053209641e-05
1.7561426634640496 9.497193608235717e-06
1.768745892175792 7.841600953805738e-06
1.7813334782050327 6.50320748006032e-06
1.7938985526958373 5.35915953622185e-06
1.8064980806819741 4.459391973443774e-06
1.8190945363690536 3.7016973756920174e-06
1.8316935397102898 3.0749744697863556e-06
1.8442938066535441 2.618296374967817e-06
1.85688767919359 2.2208189116714774e-06
1.8694996979258063 1.9121033427054018e-06
1.8820874678435362 1.670637285373758e-06
1.89464800712909 1.4690533666890476e-06
1.9072244238241292 1.3154734427686976e-06
1.9197955083167093 1.1936272096393922e-06
1.9324077190392577 1.0963917186124408e-06
1.9450267994293615 1.0183194641339495e-06
1.9575901294986977 9.627282411678984e-07
1.9701677233625408 9.055598169944084e-07
1.9827403283412839 8.636875895011597e-07
1.995331474359653 8.202682279971697e-07
2.007947834664376 7.861032266014761e-07
2.0205022754362703 7.578385378754897e-07
2.033091375229658 7.242253905816447e-07
2.0457223504519213 6.955933829781903e-07
2.058276346288367 6.639769449605184e-07
2.0708699090952476 6.43258879218511e-07
2.083519949911574 6.141958620158447e-07
2.096097125641408 5.826774494872596e-07
2.10862720608884 5.571911787034975e-07
2.121187091512551 5.252834174926456e-07
2.1338231323869667 5.087850479648446e-07
2.146410287377126 4.768001099881125e-07
2.1589635630855653 4.495618319424351e-07
2.171572232546311 4.234291181197048e-07
2.184206232503581 4.0064611210349235e-07
2.1967582541876474 3.7910996466525236e-07
2.2093298486834145 3.4988311870600354e-07
2.221925909239811 3.3292801071960424e-07
2.234489591332651 3.1077666139629685e-07
2.247040534594888 2.874299380589265e-07
2.259624100314442 2.710021950065507e-07
2.27222953149659 2.4319584635569166e-07
2.2848348222229298 2.234083417845659e-07
2.2974000386779987 2.045930918675003e-07
2.3099677799709823 1.8455984887223664e-07
2.322578483572139 1.7008319405990155e-07
2.3351595212304197 1.5403324550856147e-07
2.3476935649900033 1.4032681505816226e-07
2.360343316487162 1.3084603023824129e-07
2.3730332994737697 1.1886415378604336e-07
2.385567863558981 1.079713769589173e-07
2.398060143366863 9.674757544851258e-08
2.4107789685311087 8.737908107276967e-08
2.4234531099437757 8.007892345345885e-08
2.435831195209724 7.329487393974385e-08
2.4484709440435886 6.507349773614125e-08
2.4612848053934573 5.995159121987758e-08
2.473794880423975 5.3310156819133226e-08
2.486110768659134 4.8533211824055775e-08
2.4987555116598106 4.4079504952151915e-08
2.511584783245333 3.917174304768725e-08
2.5240933241388914 3.570177244260718e-08
2.5365627011107548 3.235397684542361e-08
2.5493077516226483 2.886741954015824e-08
2.561978439831311 2.6169216543650207e-08
2.574212755798341 2.4077181513693258e-08
2.586731940134884 2.1507361127514644e-08
2.5998869040801766 1.8939931396323524e-08
2.6126019917307115 1.804028864660245e-08
2.624168567409617 1.672466509583047e-08
2.636617431092511 1.5035445876596602e-08
2.65028784762516 1.4219375519482759e-08
2.663341593133421 1.2438380698251966e-08
2.674176912131966 1.2996058243055791e-08
2.6865492607137385 1.1818149432442259e-08
2.70077704510104 1.065337819647298e-08
2.7145884416410158 1.0864538016961095e-08
2.7248746414473413 1.0965060052985661e-08
2.7364378284531115 1.0765470384521218e-08
2.7506817507001893 1.2756154446365137e-08
2.7647976990558054 1.1407358917159441e-08
2.7766321634107682 9.489492000104142e-09
2.7856940556078005 1.2823702393334131e-08
