0.01783209187197505 33.337168672274316
0.03021383503078697 26.02687662111468
0.04297487357678415 18.462322344033222
0.055775837984368234 17.46543537576143
0.06882863412500548 15.815457190423492
0.08110696464570498 10.841482903771384
0.09370674553631765 9.325460304989408
0.10636019509318788 7.058104730745456
0.1191264305855796 7.037950910925909
0.13176693543452653 5.837482395610609
0.14419796924510356 5.141392155162336
0.15684580028039333 4.196231431519701
0.1697202486941213 3.56520773902447
0.18227245710657114 3.269949253195289
0.19477416222977542 3.2647681933587984
0.2073340835947669 2.654234043104816
0.21991992144750147 2.3179798649278602
0.23253646283801338 2.112233263983047
0.2451850514388408 1.9301412518201384
0.2578378507460673 1.7803510919227903
0.27039766737784754 1.589069704252995
0.2829104411759606 1.4359833511238231
0.2955705379804188 1.302845623728294
0.30813996427931273 1.1668275799086034
0.3207216073146958 1.1173804603255135
0.3334116808196787 1.0453327405761217
0.34607587720379784 0.969873077814737
0.3586128576244034 0.8896114541677583
0.3711536269502742 0.8399880361512443
0.3836672702512409 0.7624420627953622
0.3963071427257882 0.7198140463872527
0.4089399593153128 0.6610851137907056
0.4215634989091981 0.6177249797766536
0.4341807950257213 0.5658076387329329
0.44676205768024 0.5478737662379397
0.45936920285149674 0.5120279245366911
0.4718965482805624 0.47871576639292285
0.48447350382182475 0.44606684985615913
0.49708590060588403 0.41810482198399224
0.5096361353798295 0.3953305891470917
0.5222277017157823 0.3726622204449017
0.5348355227589748 0.3514758930668568
0.5474920039788621 0.33067672568289036
0.5601365361534087 0.30904633210197774
0.5727270239485902 0.29396785100490885
0.5852520646971234 0.28320083999747014
0.5977898476833504 0.2687542183884732
0.610399607484725 0.2481726777232089
0.623002092426747 0.2396211114038192
0.6356030860286793 0.22666008105232133
0.6482301980282459 0.21488795424810306
0.6608495463994339 0.20703577433649156
0.6734744173918991 0.19141247280317625
0.6860022567240306 0.18300647221783542
0.6985809637891269 0.17203791030355498
0.7111908491771041 0.16404627732634325
0.7237149565943738 0.15764677952347197
0.7363081577644085 0.14800501845515018
0.7489074805118847 0.14183802257319417
0.7615319556341408 0.1349282593299174
0.7741323050847916 0.12877327547836362
0.786675447343414 0.1217674387152383
0.7993235825500561 0.1157858105603592
0.8119084864763915 0.11167269185817881
0.8245003008650983 0.10551892304188334
0.8371030476789433 0.10111073457380684
0.8496433960979584 0.09721807768489216
0.862271639222499 0.09186057710124429
0.8748814140551415 0.08795261354323466
0.887432030637941 0.08352372814709899
0.8999827699152788 0.07952332646725904
0.9125618598383743 0.07655665530416386
0.9252292314560263 0.07284673995412393
0.9378544149867115 0.06937625441754326
0.9504457821018771 0.06575424896989579
0.9630431388995881 0.06327356797226795
0.9755988646043379 0.06046291952966266
0.9881575396632225 0.0579046418743843
1.0007426245805018 0.0556378831910067
1.0132961828208324 0.05302769330640583
1.025872310735663 0.05026712826514669
1.0385360311261873 0.048294601075322276
1.0511519513207872 0.04646629145188075
1.0637085884787156 0.04400396499326008
1.076294990202561 0.04241791056199808
1.088919425178857 0.04026429870207024
1.1015128135865706 0.03860071636515404
1.1140372123598765 0.03712703901160857
1.1266438572582145 0.03511063202105631
1.1392985127936917 0.03375696166435168
1.151880272522975 0.032215424944426294
1.164452528510975 0.030852631657188594
1.1770445539533532 0.02951603365190732
1.1896240437944732 0.028463435866906497
1.2022063409730082 0.02713333696409799
1.2147708906645485 0.025936315130303384
1.2273521312637687 0.02463071945498348
1.2399769911738872 0.023771023526732656
1.2525667220095937 0.022479149924746786
1.2651332198084169 0.02157687052145647
1.2777516590554738 0.020646484432021925
1.2903456750126363 0.019817070781786163
1.3029343638221438 0.01895394473491607
1.3155376929046927 0.017947759922383916
1.3281174714819175 0.01728977482715666
1.3407038618127107 0.01650104405951732
1.3533039956323645 0.015797822829033557
1.3658801979009842 0.0150335138727737
1.3784547377611032 0.014353558164333948
1.3910282284727524 0.013777352347651687
1.4036176088634365 0.013205333552930106
1.416230726684582 0.012624165858334726
1.4288327238231309 0.011993783792292389
1.441435760560507 0.011443839048340001
1.4540420662985825 0.010911260658864127
1.4666290001310285 0.010364861331798031
1.4792232339276101 0.00993934128590168
1.491797940567092 0.009459916628845095
1.5043420725912222 0.009007315454544593
1.5169427293249744 0.008655200659110665
1.5295424653470167 0.00825044166891008
1.5421299704605824 0.007809982066988381
1.5547395520031315 0.007568943104353236
1.5673496087201635 0.007168258808137981
1.579969987973016 0.006863282860366325
1.5925093854124435 0.006493941985183858
1.6050513674379843 0.00615361356945105
1.6176486600174467 0.005689880071467888
1.6302445001949653 0.005305283945264871
1.6428527694112223 0.004952099976662396
1.6554322216394621 0.004580981751357459
1.6680440255859132 0.004262641142643622
1.6806789206890473 0.003931221556651914
1.6932331315939029 0.00367404002501762
1.7057845975195398 0.003420321105230894
1.7183896309732518 0.003176129622882518
1.7309874185440797 0.0029504886379286177
1.7435623448937674 0.0027341470939707202
1.7561426634640496 0.0025386293113678687
1.768745892175792 0.002350890982655895
1.7813334782050327 0.002187050032032922
1.7938985526958373 0.0020315502486857703
1.8064980806819741 0.0018833075442011645
1.8190945363690536 0.0017414206281704736
1.8316935397102898 0.0016061121756376796
1.8442938066535441 0.0014946482423606946
1.85688767919359 0.001382368384065402
1.8694996979258063 0.0012789166082267625
1.8820874678435362 0.0011852430332818633
1.89464800712909 0.0010922409502727725
1.9072244238241292 0.001012227542248139
1.9197955083167093 0.0009351787530659643
1.9324077190392577 0.0008659956059067206
1.9450267994293615 0.0007985482061476479
1.9575901294986977 0.0007374657436990987
1.9701677233625408 0.0006824780550636429
1.9827403283412839 0.0006307266579821904
1.995331474359653 0.000581607228087381
2.007947834664376 0.0005375661131532559
2.0205022754362703 0.0004945260736622311
2.033091375229658 0.0004556481211187965
2.0457223504519213 0.00042041848235900147
2.058276346288367 0.00038839399914701497
2.0708699090952476 0.0003612849605219628
2.083519949911574 0.00033117597663493326
2.096097125641408 0.0003069896733830672
2.10862720608884 0.0002856004512321312
2.121187091512551 0.0002606073518540669
2.1338231323869667 0.0002428464004305719
2.146410287377126 0.00022305958478205444
2.1589635630855653 0.00020812954820462887
2.171572232546311 0.0001919461576965307
2.184206232503581 0.0001798497477647436
2.1967582541876474 0.00016767331960914483
2.2093298486834145 0.00015531331325560518
2.221925909239811 0.00014457273175745084
2.234489591332651 0.00013285539003996037
2.247040534594888 0.0001225244355755564
2.259624100314442 0.00011319657769359106
2.27222953149659 0.00010385807603678392
2.2848348222229298 9.403019028412692e-05
2.2974000386779987 8.474116863672379e-05
2.3099677799709823 7.704309237268062e-05
2.322578483572139 7.031396324491389e-05
2.3351595212304197 6.373529414681313e-05
2.3476935649900033 5.79691758049346e-05
2.360343316487162 5.371238267836503e-05
2.3730332994737697 4.7828051774434935e-05
2.385567863558981 4.466449321231871e-05
2.398060143366863 3.9387681732036384e-05
2.4107789685311087 3.5757555539282196e-05
2.4234531099437757 3.325067183670444e-05
2.435831195209724 3.026729638911485e-05
2.4484709440435886 2.7205525849046393e-05
2.4612848053934573 2.5213295530078234e-05
2.473794880423975 2.2409581611831923e-05
2.486110768659134 2.09040763068264e-05
2.4987555116598106 1.9090621474598558e-05
2.511584783245333 1.7262475873319396e-05
2.5240933241388914 1.6010926115514844e-05
2.5365627011107548 1.4504775349719979e-05
2.5493077516226483 1.3132578824783836e-05
2.561978439831311 1.2083974138259864e-05
2.574212755798341 1.1537031484335302e-05
2.586731940134884 1.0179764121195976e-05
2.5998869040801766 9.508175696129833e-06
2.6126019917307115 9.249523810265488e-06
2.624168567409617 8.423569065683992e-06
2.636617431092511 7.755983632563893e-06
2.65028784762516 7.59679417106521e-06
2.663341593133421 6.759969923029719e-06
2.674176912131966 7.475527693045724e-06
2.6865492607137385 6.939836854436551e-06
2.70077704510104 6.159787578036082e-06
2.7145884416410158 5.980723772451403e-06
2.7248746414473413 6.165982888935017e-06
2.7364378284531115 5.93956442789183e-06
2.7506817507001893 6.544794507524692e-06
2.7647976990558054 7.082260540584109e-06
2.7766321634107682 9.47425851218101e-06
2.7856940556078005 3.6662675043615444e-06
