0.01783209187197505 33.42542102593471
0.03021383503078697 26.07847053681085
0.04297487357678415 18.3949144513951
0.055775837984368234 17.38687872752827
0.06882863412500548 15.784508772060601
0.08110696464570498 10.759817916017328
0.09370674553631765 9.355867970235995
0.10636019509318788 7.011904121057163
0.1191264305855796 7.067242513263432
0.13176693543452653 5.8438900357699675
0.14419796924510356 5.098969120952267
0.15684580028039333 4.200320218447521
0.1697202486941213 3.590860269460507
0.18227245710657114 3.2998089699270734
0.19477416222977542 3.2722718967991913
0.2073340835947669 2.6331960341147553
0.21991992144750147 2.309302208601699
0.23253646283801338 2.081600715018036
0.2451850514388408 1.9280693161785094
0.2578378507460673 1.7604582362216223
0.27039766737784754 1.5561199347839536
0.2829104411759606 1.407651842083646
0.2955705379804188 1.2750626421896776
0.30813996427931273 1.1543271108742963
0.3207216073146958 1.0911677711953072
0.3334116808196787 1.0132499834184931
0.34607587720379784 0.9415915225152081
0.3586128576244034 0.8483633175724129
0.3711536269502742 0.8102976639491543
0.3836672702512409 0.7267056912978305
0.3963071427257882 0.68515074656519
0.4089399593153128 0.6159266229855738
0.4215634989091981 0.5757248136038812
0.4341807950257213 0.5288240524888548
0.44676205768024 0.4999306530040996
0.45936920285149674 0.4684857892042742
0.4718965482805624 0.43853954747938
0.48447350382182475 0.40478566536819416
0.49708590060588403 0.37567913178747897
0.5096361353798295 0.3531847057010138
0.5222277017157823 0.33069070324059485
0.5348355227589748 0.31004052784809505
0.5474920039788621 0.28748501501835155
0.5601365361534087 0.2664954857055517
0.5727270239485902 0.2523761318295143
0.5852520646971234 0.23974083430623205
0.5977898476833504 0.2235274358670721
0.610399607484725 0.20512371598346751
0.623002092426747 0.195306160324061
0.6356030860286793 0.18313379838831073
0.6482301980282459 0.1713483100951187
0.6608495463994339 0.16314771237429265
0.6734744173918991 0.14984825179859482
0.6860022567240306 0.14095273758772064
0.6985809637891269 0.13052930244709052
0.7111908491771041 0.12327181913742612
0.7237149565943738 0.11710779025107454
0.7363081577644085 0.10767647797527331
0.7489074805118847 0.10237817203981575
0.7615319556341408 0.0954042521425416
0.7741323050847916 0.09047964884789499
0.786675447343414 0.084401780548988
0.7993235825500561 0.07886899944760263
0.8119084864763915 0.07454791609726465
0.8245003008650983 0.06905373430382428
0.8371030476789433 0.06503478426105341
0.8496433960979584 0.06178600125728523
0.862271639222499 0.057439958960606115
0.8748814140551415 0.05399534395306595
0.887432030637941 0.05031127794254668
0.8999827699152788 0.047089876042215144
0.9125618598383743 0.0446784593209374
0.9252292314560263 0.04168373612299858
0.9378544149867115 0.038768207554497086
0.9504457821018771 0.03635694017243242
0.9630431388995881 0.03417681908585765
0.9755988646043379 0.03194237105767302
0.9881575396632225 0.03009040744220882
1.0007426245805018 0.02810944987475951
1.0132961828208324 0.026246102350332833
1.025872310735663 0.024353687715731466
1.0385360311261873 0.022911558985887533
1.0511519513207872 0.021493457269945754
1.0637085884787156 0.020005550201295363
1.076294990202561 0.018689673952944727
1.088919425178857 0.017469451794878323
1.1015128135865706 0.01631958388506705
1.1140372123598765 0.015260362668792419
1.1266438572582145 0.014023336382812014
1.1392985127936917 0.013228741933721469
1.151880272522975 0.012350673740128095
1.164452528510975 0.01147837305623759
1.1770445539533532 0.010693408996763592
1.1896240437944732 0.010068667641557982
1.2022063409730082 0.009330779505585654
1.2147708906645485 0.008665523438902959
1.2273521312637687 0.007997591028733953
1.2399769911738872 0.007503203502555547
1.2525667220095937 0.006891221977493905
1.2651332198084169 0.006440082471194912
1.2777516590554738 0.005974697062892889
1.2903456750126363 0.005565763334096184
1.3029343638221438 0.005155017047375109
1.3155376929046927 0.004754290294545158
1.3281174714819175 0.004436489775231509
1.3407038618127107 0.004089611296807302
1.3533039956323645 0.0038084780414914168
1.3658801979009842 0.0034907354746493927
1.3784547377611032 0.0032261184273529417
1.3910282284727524 0.003003203995944151
1.4036176088634365 0.0027727201551615557
1.416230726684582 0.0025678980564624847
1.4288327238231309 0.0023563382270639613
1.441435760560507 0.0021589258542442087
1.4540420662985825 0.001994972189206225
1.4666290001310285 0.0018259110085142045
1.4792232339276101 0.0016854232021899492
1.491797940567092 0.001545155271267806
1.5043420725912222 0.0014178532055523533
1.5169427293249744 0.0013102183470360066
1.5295424653470167 0.0011988799968916397
1.5421299704605824 0.0010974914718966608
1.5547395520031315 0.001015034557678995
1.5673496087201635 0.0009266494864814536
1.579969987973016 0.0008474952614353456
1.5925093854124435 0.0007713248499447499
1.6050513674379843 0.0006995528025223523
1.6176486600174467 0.0006217375114971578
1.6302445001949653 0.0005567938620450393
1.6428527694112223 0.0004997918967827354
1.6554322216394621 0.0004438096252259024
1.6680440255859132 0.0003955446812092045
1.6806789206890473 0.0003516839066323567
1.6932331315939029 0.0003146232062325106
1.7057845975195398 0.00028034002728157583
1.7183896309732518 0.0002496958215805665
1.7309874185440797 0.0002220572774429668
1.7435623448937674 0.00019754578165385374
1.7561426634640496 0.00017553116802885088
1.768745892175792 0.00015497557800761636
1.7813334782050327 0.00013882431256377617
1.7938985526958373 0.00012228372466342456
1.8064980806819741 0.00010891166493242307
1.8190945363690536 9.623604427074624e-05
1.8316935397102898 8.457275200642385e-05
1.8442938066535441 7.533965222236778e-05
1.85688767919359 6.659827140059232e-05
1.8694996979258063 5.883218549385101e-05
1.8820874678435362 5.1934074847749426e-05
1.89464800712909 4.5719576998020984e-05
1.9072244238241292 4.041013297721641e-05
1.9197955083167093 3.55934617435979e-05
1.9324077190392577 3.1470572998825825e-05
1.9450267994293615 2.766639518320993e-05
1.9575901294986977 2.4379145558929776e-05
1.9701677233625408 2.1658146680818626e-05
1.9827403283412839 1.9155606316563327e-05
1.995331474359653 1.6845240091775676e-05
2.007947834664376 1.4861273543946743e-05
2.0205022754362703 1.3167541670825699e-05
2.033091375229658 1.1628968728154628e-05
2.0457223504519213 1.0285049957093823e-05
2.058276346288367 9.091812029266135e-06
2.0708699090952476 8.109811335409924e-06
2.083519949911574 7.152036237205061e-06
2.096097125641408 6.338706400224642e-06
2.10862720608884 5.678125446865662e-06
2.121187091512551 5.040878374611011e-06
2.1338231323869667 4.542026078169394e-06
2.146410287377126 4.031022105635668e-06
2.1589635630855653 3.6167644886995046e-06
2.171572232546311 3.267385170362985e-06
2.184206232503581 2.9173482656807604e-06
2.1967582541876474 2.6351370836385624e-06
2.2093298486834145 2.343815302785307e-06
2.221925909239811 2.113873575972088e-06
2.234489591332651 1.8907736515401417e-06
2.247040534594888 1.6961923546524845e-06
2.259624100314442 1.4800890569717352e-06
2.27222953149659 1.2821547286768163e-06
2.2848348222229298 1.1211009392015094e-06
2.2974000386779987 9.64089824570447e-07
2.3099677799709823 8.36775346173198e-07
2.322578483572139 7.377608292172408e-07
2.3351595212304197 6.438455191707422e-07
2.3476935649900033 5.677887044642044e-07
2.360343316487162 5.018244031151845e-07
2.3730332994737697 4.3301233083268386e-07
2.385567863558981 3.906390172685534e-07
2.398060143366863 3.515897939470722e-07
2.4107789685311087 3.111705349575973e-07
2.4234531099437757 2.770258840265012e-07
2.435831195209724 2.421104255879826e-07
2.4484709440435886 2.1893582632898482e-07
2.4612848053934573 2.0370718874649033e-07
2.473794880423975 1.7781235267513458e-07
2.486110768659134 1.6451556785668677e-07
2.4987555116598106 1.4471415261914527e-07
2.511584783245333 1.3470029721397164e-07
2.5240933241388914 1.2156890638915224e-07
2.5365627011107548 1.0986722668235214e-07
2.5493077516226483 1.0436864658583015e-07
2.561978439831311 9.219586626840889e-08
2.574212755798341 8.594337253775086e-08
2.586731940134884 8.199444593470202e-08
2.5998869040801766 7.364159330883112e-08
2.6126019917307115 6.982921166197113e-08
2.624168567409617 6.567934658979546e-08
2.636617431092511 6.101286711982698e-08
2.65028784762516 5.6841831061478925e-08
2.663341593133421 5.7074161457726646e-08
2.674176912131966 5.099657718199531e-08
2.6865492607137385 4.892217055538405e-08
2.70077704510104 4.97274993756967e-08
2.7145884416410158 4.7936387215594205e-08
2.7248746414473413 4.4352237791126693e-08
2.7364378284531115 4.675337595489918e-08
2.7506817507001893 4.316298252855961e-08
2.7647976990558054 4.1978912430295854e-08
2.7766321634107682 2.5913195864222777e-08
2.7856940556078005 1.0725958506984031e-08
