17.799282449393907 3.89825948137317e-09
30.158244330131154 7.511172310392828e-10
42.89580372913673 7.636223083225855e-10
55.67321552978553 9.747675069028218e-10
68.70199571606821 8.907265462874764e-10
80.9577352285149 9.692101497090544e-10
93.5343336715136 8.828668777071534e-10
106.16450203531903 8.722622969208452e-10
118.9072488188118 9.035219772259108e-10
131.52449629177582 9.388164090264796e-10
143.9326581339747 9.097676565540208e-10
156.55721831376695 9.759495530294067e-10
169.40797891669078 9.29690835603592e-10
181.9370924105474 9.515310395629947e-10
194.41579553660424 9.400598227740238e-10
206.95260779187328 9.503137366539532e-10
219.51528885091182 9.525692779890195e-10
232.10861695601864 9.425603487815888e-10
244.73393330749704 9.376625856566808e-10
257.3634526180588 9.195142773814885e-10
269.90016033281614 8.910973074474451e-10
282.3899117684295 9.303487644879406e-10
295.02671514949367 9.162949818537286e-10
307.57301485045366 9.210256468955653e-10
320.13150881022204 9.351398491829709e-10
332.79823373741607 9.070045699384585e-10
345.4391291552885 9.391503726877451e-10
357.9530426754169 9.350553545503313e-10
370.4707381295704 9.118243566509967e-10
382.9613574682314 9.126994867205177e-10
395.5779737303071 9.160309814228117e-10
408.18754708954486 8.892794390500478e-10
420.78786052196915 8.957330998798621e-10
433.3819419644603 8.965815235051924e-10
445.9400562432304 9.033262598701249e-10
458.52400541726837 9.081554540819683e-10
471.0283016733625 9.05121014376255e-10
483.5821167635718 8.968049469442097e-10
496.17130788792383 9.220921916833829e-10
508.6984513745909 9.129857750016464e-10
521.266850376961 9.057658046666397e-10
533.8514741793921 8.985818670038011e-10
546.4846686282311 8.931788774821383e-10
559.1059360168832 8.855599774488633e-10
571.6732584628986 8.939214795278666e-10
584.1752542788623 8.902848427615158e-10
596.6899688879645 8.847164494155732e-10
609.2765278814395 8.775772762634071e-10
621.8558254006394 8.710721276402347e-10
634.4336343236796 8.771728441800535e-10
647.0375135888845 8.687503648652991e-10
659.6336435100791 8.634407710579591e-10
672.2352858914313 8.628364850403741e-10
684.7400751418547 8.682660053337758e-10
697.2956385332539 8.691101359633888e-10
709.8823228822636 8.543735679280395e-10
722.383387084208 8.693944005479797e-10
734.9534179127145 8.541374488802874e-10
747.5295590555182 8.579268431241449e-10
760.1308062950264 8.528147196369201e-10
772.7079722519646 8.49389388652827e-10
785.22803627289 8.407795771065365e-10
797.8529000643869 8.46868528864818e-10
810.4146489153657 8.448561635153836e-10
822.9832955140954 8.404629072156618e-10
835.5628544232982 8.358031550738175e-10
848.0801297450262 8.287917808583815e-10
860.6851380540385 8.316235399903738e-10
873.2717120511252 8.270040239685403e-10
885.7992366441526 8.211804323010514e-10
898.3268837059719 8.152486500539004e-10
910.8828292509464 8.064108031055194e-10
923.5268940602116 8.148100619867744e-10
936.128848404742 8.128729312926116e-10
948.6970485528731 8.078486051945304e-10
961.27122736308 8.115900787149955e-10
973.8038516777394 7.971982446293133e-10
986.3394199199912 7.975147072136302e-10
998.9013494289071 7.920682511096233e-10
1011.4318102670842 7.865908798591248e-10
1023.984799253619 7.831245602532777e-10
1036.6252195536813 7.836883019308087e-10
1049.2179276058198 7.796951358479288e-10
1061.7514616966673 7.759121354385361e-10
1074.3147055893453 7.759385766640995e-10
1086.9159127567582 7.753323833686317e-10
1099.4861304784436 7.662135953414146e-10
1111.9874855003557 7.598843875839302e-10
1124.5709353219315 7.674877378638266e-10
1137.2023074454532 7.620887253378237e-10
1149.7609178844157 7.588602156405045e-10
1162.310042068112 7.545447919226573e-10
1174.8788993321937 7.45486817407069e-10
1187.4352440593798 7.443050066361076e-10
1199.9943909587364 7.364191726843521e-10
1212.5358230248555 7.393684170881674e-10
1225.0939152889068 7.396522827495841e-10
1237.695546608303 7.294314454480736e-10
1250.2621134875799 7.286457486918064e-10
1262.8054900766422 7.230599179538817e-10
1275.400712546411 7.14230476532689e-10
1287.9715566629113 7.137804734360484e-10
1300.5370834332223 7.137166210733128e-10
1313.1172235398076 7.072862708746649e-10
1325.6738564718507 7.041103188763137e-10
1338.2370889924387 7.009857051178224e-10
1350.8140397151212 6.922268073889205e-10
1363.367102918641 6.925344474152019e-10
1375.9185067723397 6.897748544435527e-10
1388.4688634079062 6.877001392814405e-10
1401.0350804869474 6.83765589306781e-10
1413.6249913217434 6.785429275628746e-10
1426.2038019349843 6.744273232842087e-10
1438.7836502342852 6.708048021785306e-10
1451.3667615196225 6.682268341516742e-10
1463.93053654187 6.599641062019779e-10
1476.5015980969845 6.636727943864543e-10
1489.0531684231876 6.585217175008392e-10
1501.5742203885422 6.547075662557184e-10
1514.1516930632092 6.500668388285689e-10
1526.7282467201912 6.493656583312433e-10
1539.2925919724535 6.369440259262998e-10
1551.8789730350827 6.355221887702312e-10
1564.4658283979172 6.307110248870771e-10
1577.062987304048 6.259074053534182e-10
1589.5793133959044 6.224540167733096e-10
1602.098219318471 6.187526547957584e-10
1614.6728123454723 6.192254414217994e-10
1627.245897674773 6.111953888393787e-10
1639.830599792207 6.090112325753309e-10
1652.3905272785578 6.093125974949811e-10
1664.979414016081 6.008457798121766e-10
1677.5918618421556 6.0096765678945e-10
1690.126927940609 5.910831075661333e-10
1702.6565735125293 5.879507244488994e-10
1715.239652780402 5.830878939494737e-10
1727.811695412483 5.804117863441527e-10
1740.3677490975194 5.793964056742896e-10
1752.9282192150536 5.720412638694964e-10
1765.500774679947 5.724179958520121e-10
1778.0665536787737 5.645415147509185e-10
1790.6168494226254 5.64558904130242e-10
1803.191304333419 5.584950933735345e-10
1815.7666656189658 5.575702818980152e-10
1828.3488212639727 5.498429963675289e-10
1840.9261635435228 5.473741950759848e-10
1853.4868830529422 5.397877633052997e-10
1866.0648394709856 5.39219580348418e-10
1878.6531571147755 5.350038254613712e-10
1891.1949620796393 5.304413248589292e-10
1903.7320037090342 5.242873320545396e-10
1916.2826511063677 5.214763675862552e-10
1928.8701890218213 5.215715577812818e-10
1941.4711267136497 5.168273977302004e-10
1954.0161536900057 5.126065771588503e-10
1966.5646650726826 5.066757839103799e-10
1979.1139383933348 5.043431074588292e-10
1991.6912603842213 4.993410375210523e-10
2004.2724214876746 4.972986977770231e-10
2016.8096506702707 4.913678572692505e-10
2029.388299672487 4.898009869345205e-10
2041.9851108745945 4.856229446920876e-10
2054.5479608747887 4.835575769401969e-10
2067.1183637920344 4.78204042288431e-10
2079.69511478519 4.733448242543282e-10
2092.25394988661 4.712824409296111e-10
2104.806873622057 4.67477070542336e-10
2117.3614093032174 4.6221453617324913e-10
2129.928666131578 4.607729551259533e-10
2142.5135548816706 4.560734369483602e-10
2155.088097602156 4.5314419763352203e-10
2167.649640376087 4.4776229917913964e-10
2180.216047885633 4.430865686054909e-10
2192.779331913286 4.4172050993155406e-10
2205.362264117683 4.3810895599310286e-10
2217.92609518976 4.3444232485098876e-10
2230.4508569275185 4.3086734179445225e-10
2243.0042552295354 4.2769138460146615e-10
2255.585147649584 4.2354972826078445e-10
2268.179105336766 4.1944275168972035e-10
2280.7280993008117 4.1617407819587834e-10
2293.278360641959 4.136776575269299e-10
2305.8848259833 4.095003357440798e-10
2318.4578135021575 4.0506047067057254e-10
2331.017443774536 4.0472246650976674e-10
2343.5861525124205 4.0049643729391794e-10
2356.174872739318 3.9648064616153026e-10
2368.7353085030536 3.940444645718629e-10
2381.2692845985334 3.889363967443838e-10
2393.8244176688013 3.860305198700548e-10
2406.4031547082923 3.833502413343632e-10
2418.9736888834113 3.791374038078721e-10
2431.52780414962 3.763116647845862e-10
2444.0995103422933 3.7360054746129967e-10
2456.681233242974 3.6987785573389643e-10
2469.2659731538656 3.6643900475988595e-10
2481.804494353713 3.6413907480982984e-10
2494.349678289375 3.609534330166956e-10
2506.9309198668843 3.578825340543689e-10
2519.499903784357 3.5526767567967724e-10
2532.064286254508 3.5103370471928146e-10
2544.6325769440127 3.488375515973294e-10
2557.208310117243 3.463157519096069e-10
2569.7731778671878 3.428447058576275e-10
2582.350840133166 3.402934375378032e-10
2594.9314527475444 3.381979769633923e-10
2607.4836540238884 3.3332965457642024e-10
2620.0346458455233 3.312508025336768e-10
2632.6028953257733 3.283807508022556e-10
2645.173520726606 3.258178850192903e-10
2657.730984905749 3.2284875515090014e-10
2670.289609909111 3.189034838204335e-10
2682.8810325445497 3.1816507518195154e-10
2695.4617368341887 3.149990460941012e-10
2708.003179989755 3.1239501973786375e-10
2720.565218595557 3.0853009333000566e-10
2733.1313729151952 3.0655070738278255e-10
2745.702996964865 3.0362136463418885e-10
2758.2707458588034 3.012814454953063e-10
2770.8191342981145 2.9889760357342126e-10
2783.3972824385987 2.9578352940418614e-10
2795.9689028789417 2.930882528887186e-10
2808.5357668183638 2.921858624099892e-10
2821.1095589697384 2.8964367216886597e-10
2833.6756670949308 2.858431979679954e-10
2846.236354374274 2.8463344516068735e-10
2858.79560232848 2.8103416017623293e-10
2871.373843645574 2.802420800903533e-10
2883.954243538599 2.765009350722643e-10
2896.5073357066644 2.7585421395945217e-10
2909.064697944345 2.722759187393644e-10
2921.6386383037598 2.7041880133669395e-10
2934.2207288040527 2.6830509223368495e-10
2946.785817897924 2.6585064240172286e-10
2959.3399304871978 2.6388854595017564e-10
2971.912289205687 2.61863658035505e-10
2984.46722152623 2.593420986693323e-10
2997.00494075996 2.57618877254174e-10
3009.571504102365 2.5582170895800815e-10
3022.151983789152 2.535927299359492e-10
3034.723269970324 2.5129789543498754e-10
3047.297141938261 2.5004123043185083e-10
3059.876071431784 2.471764668360354e-10
3072.460353827784 2.457692935072286e-10
3085.0214375587766 2.4402512250499485e-10
3097.56792616596 2.431778278850021e-10
3110.1461395593024 2.409283471166905e-10
3122.7146498544676 2.3894861019793636e-10
3135.258242106282 2.370579565635555e-10
3147.827394808765 2.353592182536574e-10
3160.407090461748 2.328480211369641e-10
3172.9707868690757 2.3255918558005176e-10
3185.520028526011 2.302964081788642e-10
3198.0928727893415 2.2803076740084335e-10
3210.684273274958 2.2702137880383413e-10
3223.239536727099 2.2533998582947302e-10
3235.794336704776 2.2298402423409962e-10
3248.365417080094 2.2043554116066323e-10
3260.9281598919256 2.176787404971872e-10
3273.4964936633673 2.154124841185221e-10
3286.0602765369263 2.1280898046774294e-10
3298.616161266458 2.1000386452700755e-10
3311.184497268825 2.0813894733462264e-10
3323.7565519663412 2.0519485496712483e-10
3336.336479870555 2.0286954608329078e-10
3348.8991222089053 2.0055198463935463e-10
3361.442771262142 1.987361959641732e-10
3374.0243084776243 1.965193204791764e-10
3386.614961597868 1.9423590019966654e-10
3399.16128606973 1.9210766611350756e-10
3411.723586887969 1.9036725114184928e-10
3424.3034483758647 1.878971110677588e-10
3436.8707723403413 1.8533773909809224e-10
3449.4368938720895 1.838014421423027e-10
3461.9898368720965 1.8171280167932742e-10
3474.572720638132 1.7910572270553527e-10
3487.1326051509195 1.769187024754136e-10
3499.6720155540056 1.750453484288578e-10
3512.2465573827917 1.7297406227340607e-10
3524.8212321125134 1.7095162969437428e-10
3537.387157918102 1.6923405794913583e-10
3549.9534967742106 1.6734960130776223e-10
3562.5272432128218 1.6527348923775268e-10
3575.0914952116 1.636201636060446e-10
3587.654584597485 1.6113593429101588e-10
3600.2154434833064 1.5983697073592675e-10
3612.781827813574 1.580837168963555e-10
3625.349028548668 1.5573518160292825e-10
3637.907270470111 1.5424677798313787e-10
3650.477005817321 1.5221772940547579e-10
3663.04737240162 1.5100558049727918e-10
3675.6208179613163 1.4880181601891008e-10
3688.192852242157 1.4727848061454782e-10
3700.7538430059562 1.4639216926176407e-10
3713.3214918772564 1.4353395147746153e-10
3725.88719617525 1.4216831024559055e-10
3738.4440983479285 1.4070068806629537e-10
3751.0156271459587 1.3871206770562993e-10
3763.58999013167 1.37209579668535e-10
3776.155626274999 1.3599590338974064e-10
3788.70489003149 1.3420035303625926e-10
3801.275937702054 1.3281698178747286e-10
3813.8566744571744 1.3149241136123174e-10
3826.404431717055 1.2980792509420155e-10
3838.9644689081924 1.2818965762561438e-10
3851.5402114943618 1.270226489972504e-10
3864.1298207037257 1.2566636386435917e-10
3876.681423024082 1.2413009092377318e-10
3889.2165722518703 1.2276902356839702e-10
3901.7937228048927 1.2183767304172447e-10
3914.376239464566 1.2052695996901914e-10
3926.950184147634 1.1851140402654564e-10
3939.510656203867 1.172499763510092e-10
3952.082754993091 1.1595160756669518e-10
3964.66520672985 1.1478305614226406e-10
3977.223438611204 1.1371390878141299e-10
3989.775857376849 1.127010282576826e-10
4002.346082688934 1.110182306168809e-10
4014.9052449751166 1.0996841431488247e-10
4027.454437240128 1.0921345479660216e-10
4040.0221607705066 1.0757909436389658e-10
4052.608105661614 1.0630908977534223e-10
4065.1747165545376 1.0548743402906553e-10
4077.7220075380287 1.0461756862876636e-10
4090.2897990210035 1.0344520545467804e-10
4102.873672523345 1.0219279771729988e-10
4115.447644068685 1.011777912278916e-10
4128.008926808098 1.00277672933178e-10
4140.585568421012 9.916255931626245e-11
4153.1694370518835 9.804388349584236e-11
4165.708486135632 9.700382049087602e-11
4178.245182757474 9.60514945626121e-11
4190.834603556789 9.493075383650762e-11
4203.40608927648 9.390271750692203e-11
4215.94546673201 9.296349306151854e-11
4228.511593513913 9.23702556337502e-11
4241.075779699394 9.146453133142443e-11
4253.641501584355 9.024522091926713e-11
4266.2134040829205 8.940740317041487e-11
4278.800238462189 8.841614575718992e-11
4291.378797171946 8.741258650188058e-11
4303.915793648459 8.656326063045277e-11
4316.4806669387035 8.57763020061082e-11
4329.060961840782 8.471549838853851e-11
4341.6343365752655 8.39380956206698e-11
4354.198259860986 8.325174321220812e-11
4366.7534805332525 8.175977952044318e-11
4379.309052921206 8.152561240086874e-11
4391.876283675789 8.015879920053445e-11
4404.434457339895 7.959944629477037e-11
4416.997001697697 7.873716260107288e-11
4429.587449292495 7.766062483594779e-11
4442.151636687611 7.663387366130663e-11
4454.676243985357 7.575203817699023e-11
4467.255845270074 7.51812451712435e-11
4479.8575794065855 7.387861155769643e-11
4492.40168445441 7.250424392071477e-11
4504.962144407178 7.167577667138345e-11
4517.519866020664 7.097089066572769e-11
4530.0755333545785 6.951526113803933e-11
4542.6078228888755 6.874688969756163e-11
4555.1794564400525 6.752700688813436e-11
4567.796610844846 6.606014839562765e-11
4580.340024503758 6.53247572073823e-11
4592.907148036285 6.439686407108837e-11
4605.507457041533 6.346154870417192e-11
4618.066519715286 6.22351641138973e-11
4630.61348098353 6.164642364184897e-11
4643.169806111598 6.05243503486554e-11
4655.7516975966855 5.964474967719636e-11
4668.310875988915 5.909838598837225e-11
4680.838737422433 5.8197881641255105e-11
4693.4142013659475 5.790523405727823e-11
4706.006583198429 5.669056096755933e-11
4718.579788898697 5.586967257332628e-11
4731.107753982311 5.534043809856288e-11
4743.651571426617 5.426927182904172e-11
4756.281806400868 5.3925900349649956e-11
4768.856185173669 5.30972286099581e-11
4781.385164866601 5.276626433613567e-11
4793.976276771281 5.2232051041263884e-11
4806.607096854939 5.150511001195695e-11
4819.146147308174 5.108221009117812e-11
4831.661602769959 5.051534729698438e-11
4844.287713525817 4.96688046808215e-11
4856.860115107401 4.9099919510802655e-11
4869.355537556235 4.8503358042462496e-11
4881.940425155442 4.822123109034488e-11
4894.597962536946 4.722764634672361e-11
4907.1382369119165 4.668510622902023e-11
4919.600076288735 4.6273489390751155e-11
4932.2184698095 4.59757774198652e-11
4944.828614579259 4.519157240503426e-11
4957.327103379369 4.483587519118474e-11
4969.86863255852 4.475582931244828e-11
4982.485662226757 4.413526221838693e-11
4995.110752516737 4.38559252332153e-11
5007.607580415342 4.2714643125780113e-11
5020.10090672177 4.262973410043381e-11
5032.776306714229 4.2612867125790315e-11
5045.393898578722 4.21125626473356e-11
5057.824235954894 4.130115208376356e-11
5070.389901954609 4.116189436043004e-11
5083.106030184285 4.096337523982177e-11
5095.667197680151 4.03934978183582e-11
5108.05545246385 4.017309391010871e-11
5120.671439914531 3.970083082218889e-11
5133.447634936114 3.9707019961310194e-11
5145.895026810736 3.8770726539457926e-11
5158.2250506128275 3.939939615727321e-11
5170.95099224376 3.864385378538595e-11
5183.700390094105 3.892361443067121e-11
5196.118642963537 3.8131987816685906e-11
5208.594319785777 3.752667923018823e-11
5221.348995023267 3.830616796865908e-11
5233.86566836642 3.744547382328666e-11
5246.017090039119 3.702400374655651e-11
5258.795061897151 3.6956268672476375e-11
5271.8211514158575 3.6884656409330105e-11
5284.059572485596 3.5991214920250516e-11
5296.079024382072 3.6330381031534864e-11
5309.081924588613 3.657531839648497e-11
5322.3605651521175 3.60118118371993e-11
5334.390294917684 3.656680664356978e-11
5346.181802010518 3.5780327301502926e-11
5359.463528890978 3.6781265827535694e-11
5372.933862046457 3.466131711105254e-11
5384.396712939678 3.552875750762403e-11
5395.929354426921 3.6012659925119634e-11
5409.783878738565 3.622920340926946e-11
5423.640526297936 3.3369105671209237e-11
5434.195806773826 3.370351560996563e-11
5445.572893198795 3.467423924450435e-11
5459.895693738757 3.396883211656916e-11
5474.13057561097 3.457868330652774e-11
5484.976407817414 3.5361656627923796e-11
5495.746636743918 3.449860388510247e-11
5510.086276689804 3.4567904446575906e-11
5524.398688742833 3.547541064937948e-11
5535.78557637482 3.5011684896292574e-11
5545.66396493654 3.1476824269140886e-11
5559.311623442359 3.922852508408937e-11
5571.991646927517 5.94338443996523e-11
