0.01783209187197505 33.4079346493301
0.03021383503078697 26.027197284261057
0.04297487357678415 18.302980517861922
0.055775837984368234 17.22173441398874
0.06882863412500548 15.541450270552144
0.08110696464570498 10.508036226218262
0.09370674553631765 9.031806244208381
0.10636019509318788 6.6697442500282325
0.1191264305855796 6.625048046770623
0.13176693543452653 5.389224742557281
0.14419796924510356 4.6067331789300185
0.15684580028039333 3.6955788555502416
0.1697202486941213 3.0689657649199837
0.18227245710657114 2.743669785939123
0.19477416222977542 2.6460467403356254
0.2073340835947669 2.056143813807785
0.21991992144750147 1.7302838190575525
0.23253646283801338 1.49142499329761
0.2451850514388408 1.324046140323126
0.2578378507460673 1.1591557027781667
0.27039766737784754 0.976390702102128
0.2829104411759606 0.8352058613340464
0.2955705379804188 0.7126149729880926
0.30813996427931273 0.609213687195156
0.3207216073146958 0.5439948217004822
0.3334116808196787 0.4745196373941798
0.34607587720379784 0.41070754637320145
0.3586128576244034 0.3439961353320781
0.3711536269502742 0.3055037491853593
0.3836672702512409 0.25465094659572934
0.3963071427257882 0.22231589040614588
0.4089399593153128 0.18361191827685178
0.4215634989091981 0.1571117861814205
0.4341807950257213 0.13190931882512055
0.44676205768024 0.11389918904398284
0.45936920285149674 0.097309759919016
0.4718965482805624 0.08256227964630056
0.48447350382182475 0.06875600966126895
0.49708590060588403 0.057364392162369215
0.5096361353798295 0.048393130503786325
0.5222277017157823 0.040564799915988124
0.5348355227589748 0.03388356969533622
0.5474920039788621 0.027818646068861325
0.5601365361534087 0.022722805326756745
0.5727270239485902 0.018955030419999266
0.5852520646971234 0.01577490870811139
0.5977898476833504 0.012812083488162922
0.610399607484725 0.010193322956399664
0.623002092426747 0.008354085331443998
0.6356030860286793 0.006708692040766363
0.6482301980282459 0.005350464877960723
0.6608495463994339 0.004307911357903546
0.6734744173918991 0.003327309377547216
0.6860022567240306 0.0025989648943003482
0.6985809637891269 0.0019872141348145985
0.7111908491771041 0.0015327005306908724
0.7237149565943738 0.001179095209024472
0.7363081577644085 0.0008632620755143074
0.7489074805118847 0.0006443891393978235
0.7615319556341408 0.00046169280885925473
0.7741323050847916 0.0003306712306580136
0.786675447343414 0.0002277042323277979
0.7993235825500561 0.00015190067128474007
0.8119084864763915 9.867010785323023e-05
0.8245003008650983 5.9987724239094566e-05
0.8371030476789433 3.456605067240938e-05
0.8496433960979584 1.8901601466154172e-05
0.862271639222499 9.317953490903954e-06
0.8748814140551415 5.038263804104619e-06
0.887432030637941 4.112933921968568e-06
0.8999827699152788 5.3059044058314315e-06
0.9125618598383743 7.856786237271919e-06
0.9252292314560263 1.112622138623832e-05
0.9378544149867115 1.448066093750336e-05
0.9504457821018771 1.7681486846307398e-05
0.9630431388995881 2.063793435280705e-05
0.9755988646043379 2.2927528625332577e-05
0.9881575396632225 2.4749850858985536e-05
1.0007426245805018 2.5987095639364382e-05
1.0132961828208324 2.6515137195684375e-05
1.025872310735663 2.6419347880718375e-05
1.0385360311261873 2.62924248838172e-05
1.0511519513207872 2.5478380290874575e-05
1.0637085884787156 2.418357548805223e-05
1.076294990202561 2.2983526643186932e-05
1.088919425178857 2.155544041280302e-05
1.1015128135865706 1.981019197253338e-05
1.1140372123598765 1.812667109155714e-05
1.1266438572582145 1.6197804714593146e-05
1.1392985127936917 1.468162260881574e-05
1.151880272522975 1.30337331960487e-05
1.164452528510975 1.145876497146508e-05
1.1770445539533532 1.0020201969572044e-05
1.1896240437944732 8.771355606669321e-06
1.2022063409730082 7.498531298637952e-06
1.2147708906645485 6.3786240317001285e-06
1.2273521312637687 5.36154397177998e-06
1.2399769911738872 4.5314785137546725e-06
1.2525667220095937 3.7327717046068834e-06
1.2651332198084169 3.103971794211687e-06
1.2777516590554738 2.541565329328942e-06
1.2903456750126363 2.078945980307387e-06
1.3029343638221438 1.680344785348997e-06
1.3155376929046927 1.3430332155342419e-06
1.3281174714819175 1.0811907956361326e-06
1.3407038618127107 8.546132952511677e-07
1.3533039956323645 6.800711111218322e-07
1.3658801979009842 5.300952702879808e-07
1.3784547377611032 4.1591558474189213e-07
1.3910282284727524 3.284831323716441e-07
1.4036176088634365 2.5694841448775106e-07
1.416230726684582 2.0168729429629584e-07
1.4288327238231309 1.5743190055612696e-07
1.441435760560507 1.2304626516201904e-07
1.4540420662985825 9.793286741854793e-08
1.4666290001310285 7.805561515272265e-08
1.4792232339276101 6.330056382526347e-08
1.491797940567092 5.1725461077005426e-08
1.5043420725912222 4.2921468843876044e-08
1.5169427293249744 3.626808602240831e-08
1.5295424653470167 3.0780760278522246e-08
1.5421299704605824 2.6511820613217157e-08
1.5547395520031315 2.3385719993770346e-08
1.5673496087201635 2.067265651859739e-08
1.579969987973016 1.8442778617188655e-08
1.5925093854124435 1.6511167534370288e-08
1.6050513674379843 1.4712032037894858e-08
1.6176486600174467 1.2904739020603873e-08
1.6302445001949653 1.1363610880834885e-08
1.6428527694112223 9.999438087803379e-09
1.6554322216394621 8.643173951607123e-09
1.6680440255859132 7.4436530752519784e-09
1.6806789206890473 6.261124365581725e-09
1.6932331315939029 5.2096130013378e-09
1.7057845975195398 4.251398115719407e-09
1.7183896309732518 3.3930741482073795e-09
1.7309874185440797 2.639311580573254e-09
1.7435623448937674 2.0068753080008848e-09
1.7561426634640496 1.4884383427459498e-09
1.768745892175792 1.0901941817347937e-09
1.7813334782050327 8.202206558080368e-10
1.7938985526958373 6.623837343357054e-10
1.8064980806819741 6.091203878537087e-10
1.8190945363690536 6.499668314888368e-10
1.8316935397102898 7.615790686931052e-10
1.8442938066535441 9.404924175827567e-10
1.85688767919359 1.155959664420635e-09
1.8694996979258063 1.3998455202097968e-09
1.8820874678435362 1.6507171936407914e-09
1.89464800712909 1.8913366081421666e-09
1.9072244238241292 2.103557294231736e-09
1.9197955083167093 2.2884042608831886e-09
1.9324077190392577 2.4561935338023774e-09
1.9450267994293615 2.5413082995509332e-09
1.9575901294986977 2.600849942788963e-09
1.9701677233625408 2.621409405631406e-09
1.9827403283412839 2.5920237158827506e-09
1.995331474359653 2.508594156487871e-09
2.007947834664376 2.4063274577742743e-09
2.0205022754362703 2.2578689277934814e-09
2.033091375229658 2.0924124926789327e-09
2.0457223504519213 1.918196500481375e-09
2.058276346288367 1.7215048963018548e-09
2.0708699090952476 1.5379122222202101e-09
2.083519949911574 1.3470428404568605e-09
2.096097125641408 1.1754787304447404e-09
2.10862720608884 1.0108113688759447e-09
2.121187091512551 8.572227554319393e-10
2.1338231323869667 7.240198156088339e-10
2.146410287377126 5.952998565111629e-10
2.1589635630855653 4.922004923762722e-10
2.171572232546311 4.0339999638828886e-10
2.184206232503581 3.310449784566303e-10
2.1967582541876474 2.740401036055936e-10
2.2093298486834145 2.2677174373598383e-10
2.221925909239811 1.9087006784053757e-10
2.234489591332651 1.6102098012718812e-10
2.247040534594888 1.402842789053173e-10
2.259624100314442 1.2779184735343033e-10
2.27222953149659 1.1784033332248115e-10
2.2848348222229298 1.1127616844643793e-10
2.2974000386779987 1.0884461634049655e-10
2.3099677799709823 1.0612205454165464e-10
2.322578483572139 1.0764472624270123e-10
2.3351595212304197 1.0747323013732017e-10
2.3476935649900033 1.0625805364211527e-10
2.360343316487162 1.0626928123864537e-10
2.3730332994737697 1.0315765423850984e-10
2.385567863558981 1.0246555706299167e-10
2.398060143366863 9.685094912167888e-11
2.4107789685311087 9.184329279934477e-11
2.4234531099437757 8.631063039105146e-11
2.435831195209724 8.332185724765728e-11
2.4484709440435886 7.490073389129356e-11
2.4612848053934573 6.92346855346192e-11
2.473794880423975 6.444961608425863e-11
2.486110768659134 5.892566800808262e-11
2.4987555116598106 5.360833721287714e-11
2.511584783245333 4.555272149584792e-11
2.5240933241388914 4.108974936416369e-11
2.5365627011107548 3.7194385711560726e-11
2.5493077516226483 3.2238620073348226e-11
2.561978439831311 2.8716627233288504e-11
2.574212755798341 2.622677405717368e-11
2.586731940134884 2.2559528923569856e-11
2.5998869040801766 1.9985109189303457e-11
2.6126019917307115 1.800211429712578e-11
2.624168567409617 1.7483447284897417e-11
2.636617431092511 1.4066493365855249e-11
2.65028784762516 1.297891916646422e-11
2.663341593133421 1.2328280045680479e-11
2.674176912131966 1.0959304431877155e-11
2.6865492607137385 1.0497051470373993e-11
2.70077704510104 9.241749444219005e-12
2.7145884416410158 8.885424300777587e-12
2.7248746414473413 8.619404010438388e-12
2.7364378284531115 8.548053762431217e-12
2.7506817507001893 8.253121013706266e-12
2.7647976990558054 6.952983530190825e-12
2.7766321634107682 1.0268946497614017e-11
2.7856940556078005 1.0046983683040179e-11
