0.01783209187197505 33.426870070187995
0.03021383503078697 26.081875512367297
0.04297487357678415 18.400626447261413
0.055775837984368234 17.396899652097325
0.06882863412500548 15.799117965660818
0.08110696464570498 10.774920863227209
0.09370674553631765 9.37537211150647
0.10636019509318788 7.032626438511522
0.1191264305855796 7.094259788335081
0.13176693543452653 5.871990479239683
0.14419796924510356 5.129802229309979
0.15684580028039333 4.232466255700571
0.1697202486941213 3.624713515661856
0.18227245710657114 3.336568010941334
0.19477416222977542 3.314483191127665
0.2073340835947669 2.67300812401985
0.21991992144750147 2.350247667975636
0.23253646283801338 2.12446847524844
0.2451850514388408 1.973156140685006
0.2578378507460673 1.8066046382765069
0.27039766737784754 1.601956159994667
0.2829104411759606 1.4543760117063742
0.2955705379804188 1.3225334328685714
0.30813996427931273 1.2018934567602262
0.3207216073146958 1.1405697226824703
0.3334116808196787 1.0636441714450289
0.34607587720379784 0.9931681432530153
0.3586128576244034 0.8992814466827209
0.3711536269502742 0.8632656421252188
0.3836672702512409 0.7781997148614854
0.3963071427257882 0.7377088172505085
0.4089399593153128 0.6671072965590168
0.4215634989091981 0.6274352904802687
0.4341807950257213 0.5799864480194985
0.44676205768024 0.5518751062725274
0.45936920285149674 0.5206167933477398
0.4718965482805624 0.49076150831526066
0.48447350382182475 0.45633402519239946
0.49708590060588403 0.42676021911214357
0.5096361353798295 0.40435292497802816
0.5222277017157823 0.3816288911602941
0.5348355227589748 0.3607802804250721
0.5474920039788621 0.3374526779187597
0.5601365361534087 0.3156218897474922
0.5727270239485902 0.3016037826751728
0.5852520646971234 0.2891984499853443
0.5977898476833504 0.27226366258105295
0.610399607484725 0.2523380241069712
0.623002092426747 0.2427261048427293
0.6356030860286793 0.23000105051909922
0.6482301980282459 0.21750795312550358
0.6608495463994339 0.2093932055091888
0.6734744173918991 0.19448964054378248
0.6860022567240306 0.18509094795369432
0.6985809637891269 0.17343396248104173
0.7111908491771041 0.1657864322660426
0.7237149565943738 0.15943266263843411
0.7363081577644085 0.1484706439353663
0.7489074805118847 0.142993115697671
0.7615319556341408 0.13503548027103138
0.7741323050847916 0.12980413727974432
0.786675447343414 0.1227633743996563
0.7993235825500561 0.11634204531294762
0.8119084864763915 0.11155539677887558
0.8245003008650983 0.1048656742074797
0.8371030476789433 0.10024592365030531
0.8496433960979584 0.09668537232224615
0.862271639222499 0.09130092884137975
0.8748814140551415 0.08718251663489977
0.887432030637941 0.08254830803234368
0.8999827699152788 0.07853170185005398
0.9125618598383743 0.07576884124925774
0.9252292314560263 0.07190595893008961
0.9378544149867115 0.06804386773837597
0.9504457821018771 0.06494248745179258
0.9630431388995881 0.06214802387429447
0.9755988646043379 0.0591434569542882
0.9881575396632225 0.05675120565335711
1.0007426245805018 0.054030775208580094
1.0132961828208324 0.051412536369288366
1.025872310735663 0.048638638840061615
1.0385360311261873 0.04668080979714182
1.0511519513207872 0.044676206900189856
1.0637085884787156 0.04243321088758535
1.076294990202561 0.04046602685734024
1.088919425178857 0.03863272737127954
1.1015128135865706 0.03686939435204159
1.1140372123598765 0.03523002557341375
1.1266438572582145 0.03309030527077294
1.1392985127936917 0.031918758528341314
1.151880272522975 0.030478121631518366
1.164452528510975 0.028987663870775105
1.1770445539533532 0.02764396370249336
1.1896240437944732 0.02664902421167693
1.2022063409730082 0.025294485844617007
1.2147708906645485 0.024066482361585286
1.2273521312637687 0.022764514227224236
1.2399769911738872 0.021904899176804278
1.2525667220095937 0.020631804565986345
1.2651332198084169 0.01978953413423302
1.2777516590554738 0.01884390141689028
1.2903456750126363 0.018026342253949532
1.3029343638221438 0.01715104416781717
1.3155376929046927 0.016249713452530536
1.3281174714819175 0.01559279780690474
1.3407038618127107 0.014784154167943311
1.3533039956323645 0.014159919970908574
1.3658801979009842 0.01336087358679113
1.3784547377611032 0.0127131650578286
1.3910282284727524 0.012188274973081656
1.4036176088634365 0.01159845066078332
1.416230726684582 0.011072802636435211
1.4288327238231309 0.010477375256571863
1.441435760560507 0.009907905327267654
1.4540420662985825 0.00945117053089997
1.4666290001310285 0.008928666085985647
1.4792232339276101 0.008516471029164219
1.491797940567092 0.00806960109356283
1.5043420725912222 0.007656057804213998
1.5169427293249744 0.007322334124503912
1.5295424653470167 0.006938319928079684
1.5421299704605824 0.00657289535410619
1.5547395520031315 0.006302677527626122
1.5673496087201635 0.0059619126688645815
1.579969987973016 0.0056566036535707995
1.5925093854124435 0.005341352024652562
1.6050513674379843 0.005029485757535398
1.6176486600174467 0.00463686199804325
1.6302445001949653 0.00431222984305397
1.6428527694112223 0.0040179589206822625
1.6554322216394621 0.0037041574444911796
1.6680440255859132 0.0034311920485725175
1.6806789206890473 0.003171088819307797
1.6932331315939029 0.002950360979258274
1.7057845975195398 0.002735270796009998
1.7183896309732518 0.0025347191578731724
1.7309874185440797 0.002347695624621588
1.7435623448937674 0.0021733693371602273
1.7561426634640496 0.002013936876420057
1.768745892175792 0.0018527591477809193
1.7813334782050327 0.0017288742744422183
1.7938985526958373 0.0015891786442165932
1.8064980806819741 0.001477075837927073
1.8190945363690536 0.0013602563117517837
1.8316935397102898 0.001248968099879028
1.8442938066535441 0.001161003379668235
1.85688767919359 0.0010715576859944528
1.8694996979258063 0.0009887980551743095
1.8820874678435362 0.0009115591859547048
1.89464800712909 0.0008377444597226285
1.9072244238241292 0.0007728809953893259
1.9197955083167093 0.0007108100626843195
1.9324077190392577 0.0006588187250011565
1.9450267994293615 0.0006037719574884491
1.9575901294986977 0.0005550344436964415
1.9701677233625408 0.0005149792126331893
1.9827403283412839 0.0004747506309603106
1.995331474359653 0.00043554734985348244
2.007947834664376 0.000400918628251387
2.0205022754362703 0.00036936909864946754
2.033091375229658 0.00033949286195763677
2.0457223504519213 0.00031228058483079215
2.058276346288367 0.0002857932759868086
2.0708699090952476 0.0002647301497263354
2.083519949911574 0.00024239948559199985
2.096097125641408 0.00022363391015849771
2.10862720608884 0.00020683491330443843
2.121187091512551 0.00018925466073091863
2.1338231323869667 0.0001757722882511356
2.146410287377126 0.00016080707945115083
2.1589635630855653 0.00014852171871386203
2.171572232546311 0.00013686286036564919
2.184206232503581 0.0001270168421151502
2.1967582541876474 0.00011737839898860809
2.2093298486834145 0.00010822965163891305
2.221925909239811 9.940309418085087e-05
2.234489591332651 9.170049073090576e-05
2.247040534594888 8.43134912961631e-05
2.259624100314442 7.724641290149877e-05
2.27222953149659 7.059846202224296e-05
2.2848348222229298 6.335081842442814e-05
2.2974000386779987 5.745837519787796e-05
2.3099677799709823 5.2058137657574096e-05
2.322578483572139 4.717920013690505e-05
2.3351595212304197 4.284043410726414e-05
2.3476935649900033 3.8713095722664773e-05
2.360343316487162 3.548052057735186e-05
2.3730332994737697 3.150123451729523e-05
2.385567863558981 2.9151377022848772e-05
2.398060143366863 2.6068592059314175e-05
2.4107789685311087 2.3640441800420562e-05
2.4234531099437757 2.1674682312080475e-05
2.435831195209724 1.9556915111012907e-05
2.4484709440435886 1.7336652794363725e-05
2.4612848053934573 1.6251757543531316e-05
2.473794880423975 1.4721924364690704e-05
2.486110768659134 1.3659405783422859e-05
2.4987555116598106 1.2260049593015246e-05
2.511584783245333 1.1081052337283238e-05
2.5240933241388914 1.0126099201532952e-05
2.5365627011107548 9.266090117552959e-06
2.5493077516226483 8.30411289753091e-06
2.561978439831311 7.520914771263256e-06
2.574212755798341 7.207280403998263e-06
2.586731940134884 6.422985502533857e-06
2.5998869040801766 5.840512976594911e-06
2.6126019917307115 5.575654391680401e-06
2.624168567409617 5.117965102756378e-06
2.636617431092511 4.66102654636359e-06
2.65028784762516 4.5179266957458925e-06
2.663341593133421 4.036221515790927e-06
2.674176912131966 4.227127838143571e-06
2.6865492607137385 3.813047445373171e-06
2.70077704510104 3.5901498195723102e-06
2.7145884416410158 3.386558651788254e-06
2.7248746414473413 3.373865405351773e-06
2.7364378284531115 3.223672369047265e-06
2.7506817507001893 3.329899887521841e-06
2.7647976990558054 3.491831796759937e-06
2.7766321634107682 3.293208002558915e-06
2.7856940556078005 1.3268871685744389e-06
