0.01783209187197508 33.81102427535009
0.030213835030787024 26.212428703056357
0.04297487357678422 18.4536609606215
0.05577583798436833 17.445357200842114
0.06882863412500559 15.811839280034064
0.08110696464570512 10.757921032477885
0.0937067455363178 9.309582516750917
0.10636019509318806 7.004169033400921
0.1191264305855798 7.05460214037033
0.13176693543452675 5.828424768953383
0.14419796924510378 5.080018345130816
0.15684580028039358 4.170962857497256
0.16972024869412158 3.5673169371505082
0.18227245710657144 3.2822486032281737
0.19477416222977575 3.2568455908734864
0.20733408359476724 2.619848665661414
0.21991992144750183 2.2944620409259247
0.23253646283801377 2.0800473740013756
0.24518505143884123 1.9259882378093127
0.25783785074606774 1.7628518925352283
0.270397667377848 1.5612208869107291
0.2829104411759611 1.414779229521921
0.2955705379804193 1.2870487387446023
0.3081399642793132 1.1651474768948127
0.32072160731469634 1.1089409122176137
0.33341168081967926 1.0333360113757701
0.3460758772037984 0.9630469187171633
0.358612857624404 0.8754093891749514
0.3711536269502748 0.8385460590339716
0.38366727025124153 0.7570407909028928
0.3963071427257889 0.716812608430874
0.40893995931531346 0.650925503289307
0.4215634989091988 0.6120101027414162
0.43418079502572204 0.5647289951567482
0.4467620576802408 0.540590226802364
0.45936920285149746 0.5090555775450134
0.47189654828056316 0.47934024387712515
0.4844735038218256 0.44589003646836134
0.49708590060588487 0.4178791572049319
0.5096361353798303 0.3964880037859067
0.5222277017157831 0.37418173730405185
0.5348355227589757 0.3541631217764761
0.547492003978863 0.33184376939333443
0.5601365361534097 0.3107717471558245
0.5727270239485912 0.29706148157682427
0.5852520646971244 0.285637219783304
0.5977898476833514 0.2698331905378046
0.610399607484726 0.25011778922243216
0.623002092426748 0.24132397740432174
0.6356030860286804 0.22891473784368727
0.648230198028247 0.21694925545917643
0.660849546399435 0.20939360596339657
0.6734744173919002 0.19434970427912043
0.6860022567240318 0.18560637671534813
0.6985809637891282 0.1743463751420094
0.7111908491771053 0.16681437132650234
0.723714956594375 0.16080884411910698
0.7363081577644097 0.15026872592196078
0.7489074805118859 0.14495796483780535
0.761531955634142 0.13740206744509087
0.7741323050847929 0.13211762632453602
0.7866754473434153 0.12517994181149208
0.7993235825500573 0.11896911802886617
0.8119084864763928 0.1145580135754796
0.8245003008650996 0.10805365731862102
0.8371030476789447 0.10362612596051685
0.8496433960979598 0.10012575753967932
0.8622716392225005 0.09481504261163455
0.874881414055143 0.09081324152497201
0.8874320306379424 0.08628640039680299
0.8999827699152803 0.08231827005881406
0.9125618598383759 0.07962029893348331
0.9252292314560279 0.07580296732814346
0.9378544149867131 0.07204856062280067
0.9504457821018787 0.06881673020237566
0.9630431388995897 0.06617505925620933
0.9755988646043394 0.0632067120243603
0.9881575396632241 0.06082825214210425
1.0007426245805036 0.058219162380780974
1.013296182820834 0.0555931827511009
1.0258723107356649 0.052783343356215456
1.038536031126189 0.050840888741459436
1.051151951320789 0.04888837941567916
1.0637085884787174 0.046555438505313206
1.0762949902025627 0.0446582571592879
1.0889194251788588 0.042731898124520475
1.1015128135865726 0.040972727504300255
1.1140372123598785 0.039347179725318086
1.1266438572582165 0.03714035399884981
1.1392985127936937 0.035943707857470704
1.151880272522977 0.03445393120655686
1.1644525285109768 0.0329465511009125
1.1770445539533552 0.03155536346809565
1.1896240437944752 0.030552225123655102
1.2022063409730102 0.029140322950421647
1.2147708906645505 0.027868719744353745
1.2273521312637707 0.02649108296018457
1.2399769911738892 0.02562141285077392
1.2525667220095957 0.024251792399987104
1.2651332198084189 0.02337220061459033
1.2777516590554758 0.02237341634362043
1.2903456750126385 0.021518076756778384
1.302934363822146 0.020587920526160697
1.3155376929046947 0.019586452281773754
1.3281174714819197 0.01890610264813804
1.340703861812713 0.018033257965830742
1.3533039956323667 0.017351051200948542
1.3658801979009867 0.01648027654997796
1.3784547377611054 0.015770479199751507
1.3910282284727546 0.015197241225150065
1.4036176088634387 0.014558551509193872
1.4162307266845844 0.013972596191804448
1.4288327238231333 0.013300164821116558
1.4414357605605095 0.01266538878110403
1.454042066298585 0.012143283717336032
1.466629000131031 0.011545052043696933
1.4792232339276126 0.011083898802440453
1.4917979405670945 0.010567297636628871
1.5043420725912247 0.010087847503190344
1.516942729324977 0.009715650003584222
1.529542465347019 0.009268946111511234
1.542129970460585 0.008824270807513628
1.554739552003134 0.008537189505034373
1.567349608720166 0.00812223488302482
1.5799699879730185 0.007768721567135457
1.5925093854124461 0.0073795487619004434
1.605051367437987 0.007001388067821709
1.6176486600174493 0.006495434586926053
1.630244500194968 0.00608044067337668
1.642852769411225 0.005698868258721605
1.6554322216394648 0.00528663517490454
1.668044025585916 0.004930527462575833
1.68067892068905 0.004579574771742302
1.6932331315939055 0.0042904872991855305
1.7057845975195425 0.004004071224163398
1.7183896309732545 0.003734669255112193
1.7309874185440826 0.00348224134887283
1.7435623448937703 0.003242138587034995
1.7561426634640525 0.003024159154508129
1.7687458921757948 0.0028022924919738706
1.7813334782050356 0.002628272867115427
1.7938985526958404 0.0024364089652615336
1.806498080681977 0.0022770544335991463
1.8190945363690565 0.002111068787475286
1.831693539710293 0.0019515104274895067
1.8442938066535473 0.001825987857938234
1.856887679193593 0.0016959723057421456
1.8694996979258094 0.0015754594481975953
1.8820874678435393 0.0014622812893767246
1.8946480071290932 0.001352737505869453
1.9072244238241323 0.0012564499171661089
1.9197955083167124 0.001163874944986116
1.9324077190392608 0.001085330676493832
1.9450267994293646 0.0010016505510534262
1.957590129498701 0.0009270173296429193
1.970167723362544 0.0008647956162757038
1.9827403283412872 0.0008020947485609552
1.9953314743596564 0.0007408748049404559
2.0079478346643795 0.000686547019013664
2.0205022754362734 0.0006355898971121823
2.0330913752296613 0.0005877254625923259
2.045722350451925 0.000543896745390677
2.0582763462883706 0.0005013695365527923
2.070869909095251 0.0004671991766966957
2.0835199499115777 0.0004301242629743771
2.0960971256414114 0.00039950969720080836
2.1086272060888436 0.0003716837275697981
2.121187091512554 0.0003414627312791171
2.1338231323869703 0.0003188718113706183
2.1464102873771296 0.00029342655343788087
2.158963563085569 0.0002726721280169574
2.1715722325463145 0.0002521953053696931
2.1842062325035845 0.00023586259699122906
2.196758254187651 0.0002193242326327499
2.2093298486834185 0.00020348411383076337
2.2219259092398147 0.0001880489616844622
2.2344895913326543 0.0001743451913561487
2.2470405345948916 0.00016107367071944423
2.2596241003144457 0.00014902043532974147
2.272229531496594 0.00013725903398227506
2.2848348222229333 0.00012416000896950014
2.2974000386780022 0.00011342403342181072
2.3099677799709863 0.0001036695768362408
2.322578483572143 9.459325071090635e-05
2.3351595212304237 8.654154042444557e-05
2.3476935649900073 7.87441511769812e-05
2.360343316487166 7.294115355304812e-05
2.3730332994737737 6.512977600499477e-05
2.385567863558985 6.082246946365501e-05
2.398060143366867 5.429780097846009e-05
2.4107789685311127 4.950114028060977e-05
2.4234531099437797 4.5819307884520555e-05
2.435831195209728 4.1762640728119444e-05
2.4484709440435926 3.718127152784672e-05
2.4612848053934613 3.4919138732316503e-05
2.473794880423979 3.15868082745329e-05
2.486110768659138 2.9519670936487408e-05
2.4987555116598146 2.67263093802349e-05
2.511584783245337 2.4080862640020607e-05
2.5240933241388954 2.22138312514483e-05
2.5365627011107588 2.0291520642756646e-05
2.5493077516226523 1.8219491368700837e-05
2.5619784398313152 1.6570775122042427e-05
2.5742127557983454 1.6016173032362094e-05
2.5867319401348885 1.4183853059766775e-05
2.599886904080181 1.2920387863224672e-05
2.6126019917307155 1.2524588209214035e-05
2.6241685674096216 1.1401790237200805e-05
2.6366174310925152 1.0323877403158577e-05
2.6502878476251643 1.0084730983171966e-05
2.6633415931334254 8.872418924453821e-06
2.6741769121319705 9.535972172263101e-06
2.686549260713743 8.611070730519434e-06
2.7007770451010447 7.852970450641286e-06
2.71458844164102 7.571599150310579e-06
2.7248746414473457 7.570718599681065e-06
2.736437828453116 7.166239498000023e-06
2.7506817507001937 7.718642121218757e-06
2.7647976990558103 7.987337255146939e-06
2.7766321634107727 8.017850415210524e-06
2.785694055607805 3.047303913848609e-06
