0.07120105432958954 0.08887595329791126
0.12063962685798173 0.015901739749468354
0.1715926729357382 0.012465558905907628
0.22270513740705247 0.014244413890564899
0.2748231308446689 0.014953539802382088
0.3238487911405832 0.01503496500927743
0.37415795790431816 0.0147617047762098
0.42468141616281646 0.01430607764597788
0.47565521292227886 0.01319008177958717
0.5261269847685074 0.014564705823922526
0.5757623679907578 0.014118176495714972
0.6262633922766647 0.014466562600527495
0.6776692681296257 0.014753545204646864
0.7277884846269207 0.014534921848140555
0.7777060485381248 0.01446809947513567
0.8278560617785558 0.014595344057223509
0.878109555937831 0.014553320243075383
0.9284856450386919 0.014599391565637988
0.9789896941780706 0.014545260495550863
1.0295105560804854 0.01430710524509966
1.0796601511358197 0.015098838787616246
1.129621910721272 0.014639324119590687
1.180171910511748 0.014442078975039399
1.230359875626813 0.01491194200719584
1.2805966204658017 0.014676967045886181
1.3312663130381457 0.014658992195196436
1.3818326818781008 0.014570101058009802
1.431891095129068 0.014712888226347419
1.4819646369500075 0.014613581907223163
1.5319298683390126 0.014525046145589046
1.582399115202513 0.014648814506539971
1.6328401889017847 0.014764200695117897
1.6832442208520981 0.014581004101498665
1.7336233234685983 0.01448040660706253
1.7838585494998787 0.014307976046905636
1.8341971208085204 0.014715593592563843
1.884217062882857 0.014550735137530494
1.9344350912119737 0.014551510169762591
1.98479463147766 0.014457756766126744
2.0349059675118335 0.014491879846484496
2.0851823347051743 0.0143415026947182
2.1355236046761363 0.014582885760760802
2.186059167941985 0.014661003010992577
2.2365470203373095 0.014637671766897726
2.2868190810678635 0.01447362799968781
2.3368298208744585 0.01467592717327086
2.3868914386579516 0.014517096555170507
2.4372404498197757 0.014682385350250354
2.4875604134834304 0.014514726755281418
2.537874422434228 0.014587796621950703
2.588292718501888 0.014541373130012587
2.638680015484867 0.014744318801430572
2.6890893635239093 0.01447022398624099
2.739111277684263 0.014641069904258057
2.789336299603619 0.01465228702580823
2.839685812215221 0.014597671246649445
2.8896928253603296 0.01471807049846679
2.9399757202180137 0.014587426821309868
2.99028305768014 0.014488883025524235
3.040690825064682 0.014569811069887988
3.0910022620093054 0.01446195022930221
3.141085278619573 0.014642409472500778
3.191587517419242 0.014618324630036659
3.2418372825407373 0.014532917783284582
3.2921146401741086 0.014488139188691568
3.3424356494554077 0.014459162545966155
3.392507510654011 0.01452561638876307
3.4429303231458412 0.014549577447172045
3.49327939432542 0.014500910103599177
3.5433922548690653 0.014617348094927745
3.5935056053148795 0.014617757476257709
3.6437321559327978 0.014481561928197507
3.6943112030371372 0.014519720873576749
3.7447217989976767 0.014539196312955483
3.7949973707302163 0.014493374910175705
3.8452968584292835 0.014616216270277076
3.8954301189838847 0.014660387994100993
3.945575155897956 0.014554943084592136
3.995825643691033 0.014462580655821088
4.045950249862684 0.014507119684459769
4.096164973594957 0.014671171812277764
4.146729441858913 0.014582721406843031
4.197103050611187 0.014508089492327457
4.247239950471134 0.014550741619227842
4.297495696089066 0.01458275529337907
4.347903303176392 0.014616629128534443
4.398186945647999 0.014587391159545774
4.4481951221371006 0.014545312164587812
4.498531695925792 0.014513701406048617
4.54905996948857 0.014559458010189718
4.599297180270018 0.01447970527328077
4.6494964439387925 0.01464718321525384
4.699774644280021 0.014622273308641406
4.750002791714801 0.014535442724055778
4.800242148456108 0.014622572118774067
4.850410641958552 0.014482431928853871
4.900645779926104 0.014497413262109075
4.951055083714882 0.014634304065882215
5.001324122011889 0.014590196378106378
5.051500394034852 0.014671211912763861
5.101884061012045 0.014601299162268367
5.152170209201026 0.014623519900054492
5.202435086832837 0.01463300600926173
5.252758421031814 0.014450056810920354
5.302987721349567 0.01459837939908017
5.3532434214766305 0.014513093098269378
5.403553997436774 0.014570961416769218
5.45376901805335 0.014649892631631677
5.503977400904776 0.014626728648669634
5.554181594652773 0.01459065171271537
5.60444923367171 0.014624479799011584
5.654811652937859 0.014561176068831793
5.70512966887032 0.014631878216666224
5.75545183577582 0.014697190324275572
5.805787055344915 0.014666715698943133
5.856044925598231 0.01461035876405622
5.9063319435896116 0.0146010512833355
5.956540992367758 0.014600529897683984
6.006627960973574 0.01461171992495243
6.05694062485674 0.014683917074365085
6.107249612466534 0.014603150628813299
6.157509763765638 0.01462252322657936
6.207858063164848 0.014643925156795835
6.258208259869456 0.014657673807063423
6.30859967301906 0.014720189201210564
6.358667737088883 0.01462129177446223
6.408746121050368 0.014561896321330186
6.459047265707944 0.014600974620624952
6.509342379242287 0.014575484998157284
6.559683962490528 0.014644556249636094
6.609926441751922 0.014698399798832815
6.660284764403179 0.01468532116996251
6.710737336603584 0.014630470308866104
6.7608803648317455 0.014634164161780277
6.811001709758613 0.01463220763595027
6.861336801250788 0.014782267466840674
6.91162774376635 0.014668941031936097
6.96185472696836 0.014731009890229314
7.012099376874131 0.014648579045210766
7.062392370834016 0.014694074419981
7.112658257435503 0.014739076602258918
7.162862207603215 0.014789091957716603
7.213162799765506 0.014693158621068519
7.263467017626654 0.01484962440783592
7.3137984144237205 0.014705674000358921
7.364110556697669 0.014817268240072944
7.414356204225968 0.014776411448239919
7.4646708031893 0.014774076830362092
7.5150268493401455 0.014808589448036591
7.565196834519789 0.014800727019485404
7.615347765307298 0.01480938708133755
7.665553122166472 0.014789176920077217
7.715906049232052 0.014800174171561938
7.766312578357623 0.014823540460112984
7.816495452293651 0.01478167156197368
7.866692264623233 0.014844594763161507
7.916892124872715 0.01486166954916095
7.967204185987535 0.014806706674615411
8.017531604399101 0.014832725992399345
8.067683285440769 0.014955685337418013
8.118000654893498 0.014876407976116997
8.168390677150343 0.014926259193925961
8.218644847111491 0.014924030260410545
8.268929230406174 0.014903445188410828
8.319239007404171 0.01491277409008038
8.369477116884985 0.01498467321594857
8.419691579598519 0.014987661483086286
8.469912490450321 0.01500811124399283
8.52018428869579 0.014982446841822187
8.570526618515816 0.015025916053733782
8.620827561936233 0.014999987209524423
8.6710765027041 0.015068411212053566
8.721344903487045 0.015029344702486324
8.771600809653725 0.015016559302599854
8.821935312859573 0.015101013747341125
8.872193407324566 0.015085888273605772
8.922295215837957 0.015071116673966593
8.972511576922408 0.015095772116910303
9.022837920541114 0.015136860741285672
9.073216528109091 0.015150969449033725
9.123415270870552 0.015174824540701149
9.17361908341986 0.015230547625904298
9.224047724362263 0.015227214578545539
9.274342446633268 0.015261088002058566
9.324583736973242 0.015213628045595822
9.374861343176931 0.015293381007651713
9.425218999748973 0.015386779590294294
9.475463512231975 0.015382016210900585
9.52560218020791 0.015372474555866522
9.575825480747861 0.01547662747411636
9.6261432023691 0.015456312625827017
9.676428110724217 0.015504120852493768
9.726647339823515 0.015499248938777398
9.776936936507266 0.01562712743227787
9.827266602231612 0.015515108111307754
9.877608336662016 0.015578231711084627
9.927765186057561 0.015678461546831102
9.977948687865421 0.01567113724694654
10.028276428190956 0.01564818597046445
10.078555135173673 0.01571401766956996
10.12881543535254 0.01574462011919216
10.17909136927054 0.015771897953244622
10.229397074764416 0.015846777554776478
10.279659316169457 0.01587628116407225
10.329972738459672 0.01585850882809662
10.380297962794002 0.015953235151709662
10.430509535511831 0.01596289198295173
10.480716270144153 0.016065832240638584
10.530992039216045 0.01612408559198024
10.581277312494132 0.016101431764695796
10.631509937983564 0.0161521273042664
10.68174720702582 0.016215850379638654
10.732115673827876 0.016303760243297556
10.782441264883463 0.016288005956749688
10.832609802746141 0.016339311577566042
10.882860726950817 0.016382510278500823
10.933128114918304 0.016428918972629564
10.983417383011929 0.01655259161475361
11.0336911496282 0.016576687258120892
11.083887470157212 0.016637926486612064
11.134202836052578 0.01669498283894347
11.184492089708101 0.016768693969547246
11.234762316311185 0.016800694832974753
11.28506025728967 0.016945042873257838
11.33532746046919 0.016940789984764833
11.385572979070078 0.01705219633466699
11.435812740053063 0.017099782304324043
11.486128478675417 0.017138196270563448
11.53645285207743 0.01723491328289846
11.586667988558576 0.017319782028965162
11.636900206259682 0.017357565095721533
11.687198740103003 0.017509051429110297
11.73752987630685 0.017519670383045288
11.787793003136402 0.01762783877862459
11.83801222152737 0.01776448279306422
11.888304428458257 0.017825149210597267
11.938526925955045 0.017919610369936292
11.988680567309297 0.017965217449924402
12.038949591458037 0.01810571697043626
12.089274284052694 0.018226025295909602
12.139562200597831 0.01832259183613454
12.189860460860164 0.018442134097575027
12.240178952339967 0.018530302706983897
12.290518856609927 0.01866058175256193
12.340765961104825 0.018755445710419604
12.390954681886438 0.018918626930460834
12.441270308807624 0.019015786687638647
12.491547121196684 0.019123030855451615
12.541724255918206 0.019235117890046897
12.592003638078179 0.019329799783864635
12.64232519436475 0.019426747976519085
12.692582750141055 0.01965120711699262
12.74278248372869 0.01985182031190556
12.793076632945997 0.019926675505632648
12.843445011143878 0.02009637823583003
12.89366883324007 0.020220448490923675
12.943890801336213 0.02028187982562504
12.994177894612557 0.020270314037642026
13.04443163579662 0.020341772306964073
13.094707742051865 0.02042763594211501
13.144965643712158 0.020430340904172364
13.195191951054897 0.02050384754263815
13.245468066234334 0.020507842923268415
13.295759057014298 0.02059543295235876
13.346081542357 0.02066875864977679
13.396334881624984 0.020672404154553233
13.446512243564719 0.020841956371421055
13.49684116650733 0.020861757021700452
13.547206555078935 0.020889495495321056
13.597394619283069 0.02093108612085569
13.647646592395306 0.020986754886994516
13.697968812058095 0.021131920151655516
13.748240878862827 0.021132969648427303
13.798508135671526 0.021221742820292697
13.848722675447547 0.021236009832263807
13.899056984889269 0.02130746551810003
13.949299292246936 0.0214003341624918
13.999459698651496 0.021525905119355274
14.049760638504921 0.02156870411967891
14.100062109991391 0.021665927533064826
14.150328583852295 0.021741193698850077
14.200596710006353 0.021784099086910275
14.250894468123704 0.0218407935339214
14.301154246388313 0.021955381201061663
14.351409373945005 0.022014536054556447
14.401655579009644 0.022147207345659385
14.451923887070363 0.022240068188235925
14.502195460930393 0.022278904176170032
14.552431197560512 0.02243891886511537
14.602712910427858 0.022547575220034612
14.652997148382745 0.022593202253465235
14.703293702918097 0.022666976883503925
14.753584612026856 0.02272728875864016
14.803831344632483 0.02281149065260866
14.854104711136149 0.02303378741792759
14.904370298917833 0.02306373162199633
14.954600676257492 0.023243017993966834
15.004889563323557 0.023358923521530402
15.05518978776525 0.023426144425914876
15.105455102913249 0.023555376719165223
15.155654924903976 0.02367938579269951
15.205941887354092 0.023794036879172708
15.256267608278764 0.023954827312540217
15.306461403950884 0.024058988862559964
15.356704322055613 0.02415866919100858
15.407010065203325 0.02431811922214625
15.457371277901244 0.02448431790118595
15.507580454663058 0.024625008909460993
15.557723815426886 0.024662413863159722
15.608035190752451 0.024946832028065958
15.65836803168778 0.02503512843224061
15.708666582826671 0.025199635814261195
15.758911240487665 0.02530864017002609
15.80920240764418 0.025514761499854516
15.85953498887354 0.025600206406208175
15.909770685341085 0.025815235953790518
15.959983128064072 0.026050303989977208
16.01026680089895 0.02619529335845953
16.060506219190955 0.02636769902338416
16.1107057552 0.026451584950287155
16.160979420356444 0.02673141557508261
16.211325974973395 0.02700508574928853
16.26159518933469 0.027136167422635214
16.311787119798446 0.02723810588968822
16.362061056780256 0.02754459161906645
16.412399325385426 0.027649131317258702
16.46269798397933 0.02795606407461444
16.51294588455179 0.028234285423352004
16.563255224004703 0.028537853370811696
16.613593473122922 0.028596595001351154
16.663752434170462 0.028886872833585105
16.71390198485169 0.02911190980100468
16.764262443867867 0.02934373540822616
16.814551158611078 0.029577494333273637
16.864711433218147 0.029875888075275286
16.91497871102862 0.03007373824607442
16.965238226025534 0.03030220988602318
17.015503884158964 0.03062995814759193
17.065794266109567 0.03093456655240923
17.11614437887528 0.031200135567952196
17.166461387138266 0.031446696486443146
17.216612137304292 0.03166722848678344
17.266874400871753 0.03205034484472981
17.31719835428683 0.03236828862839558
17.367494625505714 0.032551185329704316
17.417753088845615 0.032836807349471545
17.467976739812876 0.033233352501796085
17.518201797720433 0.033548509209989676
17.56847349166504 0.03353249914036471
17.618708955250757 0.03401163207194341
17.668961902574946 0.03435150755786505
17.719326468999455 0.03464274485945261
17.769585988835168 0.034792716627164384
17.81968717955446 0.03494659382887809
17.870008358347157 0.035367059984693014
17.92041807342707 0.03572995452668544
17.970597259445697 0.035950777496817285
18.02084186869016 0.03559923877448393
18.07107552397373 0.03606173196107578
18.12130096168606 0.03608719373492478
18.171432883045398 0.03611775259363015
18.221722189147144 0.03621773256360313
18.272193588700173 0.03637633858882924
18.322370009010708 0.03646095641587308
18.372641274043453 0.03694904495744515
18.42304528828408 0.03672306584780699
18.4732843081044 0.03710467215207015
18.523474919634474 0.03762856934189853
18.573702988668455 0.037219611493487764
18.6240333287676 0.03771909500505133
18.67427281148734 0.03782739776462021
18.724387019467216 0.03842961298644846
18.774691647982873 0.03888219763904989
18.825063951784593 0.038772542547963716
18.875359546829344 0.039193419780506535
18.92547416943246 0.0395572132666968
18.975652204973596 0.039501061899418474
19.026175929688563 0.03986292398825746
19.076476217282096 0.040645513510577484
19.126594898546195 0.041362031055741696
19.1769621223567 0.04117628126718263
19.227488187638304 0.04208949115798781
19.277647154164097 0.04211924896852634
19.32771173552167 0.04215520417024488
19.378218962453722 0.04280730361731026
19.42851134084644 0.043304221455835665
19.478495785735166 0.04406774011697087
19.528838110951398 0.04427279196395756
19.579471051315235 0.04480795049192242
19.62963491379783 0.04512495941693642
19.679485018993823 0.04630299841872236
19.729961375283942 0.045640779662937045
19.78040473475129 0.04732602165595309
19.830401445721215 0.04707731748906912
19.8805703276972 0.04759959733296288
19.9310412282765 0.0485383605676793
19.981544373120038 0.04860257912819652
20.031534440117735 0.04957881933784006
20.081510499974662 0.051002639831282635
20.132214894720814 0.051558449363501374
20.182688044209094 0.051502522545079456
20.23241213445668 0.05362964575264756
20.282677569036803 0.05357179854890886
20.333544885711923 0.053960542811025816
20.383792325284787 0.054860359219953615
20.433348075883767 0.05591903529091771
20.483814807363043 0.05648114041761838
20.53492240444981 0.0583820275583074
20.58471471645151 0.058506596935921786
20.63403753028481 0.061127883523912775
20.684944102728696 0.06159273485129829
20.73594450522205 0.0626237514400415
20.785620254778184 0.06259432743971081
20.835525712806856 0.06358462807859204
20.886547226012393 0.06589175441629419
20.93661667916397 0.06466995492333587
20.985225045100034 0.06630010099253143
21.036339749924366 0.06933774715360888
21.08844698009842 0.06994517739371767
21.137403362804985 0.07245730386212741
21.185483820538384 0.07152730901089223
21.237498288350807 0.07445795378731694
21.290615778388577 0.07543660358757909
21.33873734986448 0.07682129639549837
21.385905978124175 0.07948051850332044
21.43903581411026 0.08278079190896334
21.492920116781885 0.07978236538398674
21.538774047778304 0.08299650884306616
21.58490715653881 0.08708554335034037
21.64032830854472 0.08600989968603044
21.695757954009693 0.08945339779808141
21.7379814032282 0.0934639222655803
21.783492257441555 0.09480695927623303
21.84078661761012 0.09189630952222308
21.89772928372267 0.10003512327987155
21.941115003926626 0.10254377450983662
21.984198294341198 0.1003145773904114
22.041560015846354 0.10427564813244575
22.09881281977665 0.11363633347200505
22.14436288097913 0.1052346208314242
22.18387861329427 0.12177926352713972
22.238472256465403 0.05720711455499229
22.28919514620178 0.03701989128828627
