0.07120105432958954 0.09958141233143282
0.12063962685798173 0.019600817422385702
0.1715926729357382 0.014432220468838533
0.22270513740705247 0.013067724796356905
0.2748231308446689 0.014114517318022416
0.3238487911405832 0.014626902998046159
0.37415795790431816 0.015374091670598868
0.42468141616281646 0.013841089971041129
0.47565521292227886 0.013750809298017365
0.5261269847685074 0.01484231493682353
0.5757623679907578 0.014710042902031468
0.6262633922766647 0.014749612220780984
0.6776692681296257 0.014462601365759414
0.7277884846269207 0.014500668825320315
0.7777060485381248 0.013893684154017634
0.8278560617785558 0.01389607190043505
0.878109555937831 0.01454134526170016
0.9284856450386919 0.01417013349594446
0.9789896941780706 0.014789873237819566
1.0295105560804854 0.01434379631070351
1.0796601511358197 0.01444843246732422
1.129621910721272 0.014737946697022691
1.180171910511748 0.014308390131263225
1.230359875626813 0.014253194356996363
1.2805966204658017 0.014506419375041145
1.3312663130381457 0.014949597907078923
1.3818326818781008 0.014669025423078599
1.431891095129068 0.014292784407183848
1.4819646369500075 0.014188877713732473
1.5319298683390126 0.014537993157612839
1.582399115202513 0.014593092397201616
1.6328401889017847 0.014470055389832391
1.6832442208520981 0.014735242482197486
1.7336233234685983 0.014457629642643657
1.7838585494998787 0.014541537945855556
1.8341971208085204 0.014421893344782291
1.884217062882857 0.014310033376600102
1.9344350912119737 0.014871758001773356
1.98479463147766 0.014631815385862581
2.0349059675118335 0.014479867375445023
2.0851823347051743 0.014350247665163017
2.1355236046761363 0.014344276265422697
2.186059167941985 0.014783240578807246
2.2365470203373095 0.014501243089128979
2.2868190810678635 0.014472001612818189
2.3368298208744585 0.01421188690687151
2.3868914386579516 0.014565177258273299
2.4372404498197757 0.014617069446921462
2.4875604134834304 0.014722878618477382
2.537874422434228 0.014542248637828567
2.588292718501888 0.01459794308101416
2.638680015484867 0.014481259123756838
2.6890893635239093 0.014486538003504032
2.739111277684263 0.014489850806473687
2.789336299603619 0.014448250673287033
2.839685812215221 0.01448729975980752
2.8896928253603296 0.01458799513279346
2.9399757202180137 0.014680427660888576
2.99028305768014 0.01460597204484627
3.040690825064682 0.01456187440531224
3.0910022620093054 0.01465124465498967
3.141085278619573 0.014363659019236487
3.191587517419242 0.014408772989440726
3.2418372825407373 0.014563853241036
3.2921146401741086 0.014485812879546218
3.3424356494554077 0.014482630934071693
3.392507510654011 0.01465600458777327
3.4429303231458412 0.014536755116990907
3.49327939432542 0.014671266946346682
3.5433922548690653 0.014499025179710587
3.5935056053148795 0.014395420416335798
3.6437321559327978 0.014565749575763782
3.6943112030371372 0.014630599211551427
3.7447217989976767 0.014540291970594858
3.7949973707302163 0.014585592243965462
3.8452968584292835 0.014475783999007558
3.8954301189838847 0.014514070901270163
3.945575155897956 0.014638186849980838
3.995825643691033 0.01455284942385296
4.045950249862684 0.01471183432496215
4.096164973594957 0.0146094285158418
4.146729441858913 0.014605969202924061
4.197103050611187 0.014648480261828536
4.247239950471134 0.014420933507962898
4.297495696089066 0.0146018874707886
4.347903303176392 0.014536916285682107
4.398186945647999 0.014644900159327944
4.4481951221371006 0.014675102961588905
4.498531695925792 0.014686761891528516
4.54905996948857 0.01458384308897771
4.599297180270018 0.014616218865635553
4.6494964439387925 0.014563714074421547
4.699774644280021 0.014661335676100364
4.750002791714801 0.014534797309242772
4.800242148456108 0.014550399808185713
4.850410641958552 0.014700429877535913
4.900645779926104 0.014658828075713743
4.951055083714882 0.014562104337833025
5.001324122011889 0.014605139147262025
5.051500394034852 0.014512495650950226
5.101884061012045 0.014502306245663777
5.152170209201026 0.014646753341033358
5.202435086832837 0.014556263987603664
5.252758421031814 0.014603379448113426
5.302987721349567 0.014570258540658377
5.3532434214766305 0.014690431813373303
5.403553997436774 0.014684807668347939
5.45376901805335 0.014518013897890876
5.503977400904776 0.014619225097414468
5.554181594652773 0.014609563911239572
5.60444923367171 0.014568971896084046
5.654811652937859 0.01464626452558785
5.70512966887032 0.014696002484406348
5.75545183577582 0.01460179099486432
5.805787055344915 0.014655882480870887
5.856044925598231 0.01470712072227077
5.9063319435896116 0.014573110087105497
5.956540992367758 0.01454194684870793
6.006627960973574 0.01460801829018982
6.05694062485674 0.014656331709356474
6.107249612466534 0.01456657659395
6.157509763765638 0.014711039222395294
6.207858063164848 0.014708705322734921
6.258208259869456 0.014572533615321025
6.30859967301906 0.014598736997762466
6.358667737088883 0.014659778048958684
6.408746121050368 0.014791803606251668
6.459047265707944 0.01472244042813719
6.509342379242287 0.014721808896497806
6.559683962490528 0.014570119260381592
6.609926441751922 0.014692854419206506
6.660284764403179 0.014657720773345694
6.710737336603584 0.014662134814051857
6.7608803648317455 0.014653992138835122
6.811001709758613 0.014627925459322039
6.861336801250788 0.01468839007410565
6.91162774376635 0.014711070574951059
6.96185472696836 0.014738298073047936
7.012099376874131 0.014742697211589249
7.062392370834016 0.01475410765067065
7.112658257435503 0.014753900755686661
7.162862207603215 0.014738057894232858
7.213162799765506 0.014741846196449167
7.263467017626654 0.014724722741927886
7.3137984144237205 0.014749495132625641
7.364110556697669 0.01477772827090182
7.414356204225968 0.014758172907252091
7.4646708031893 0.014814475219099467
7.5150268493401455 0.014828357442600179
7.565196834519789 0.014796451554970134
7.615347765307298 0.014795600041572538
7.665553122166472 0.014843732255448161
7.715906049232052 0.014759924396615241
7.766312578357623 0.014863609981159513
7.816495452293651 0.014831782424211319
7.866692264623233 0.01488499832898052
7.916892124872715 0.014864470067229688
7.967204185987535 0.014839591587637554
8.017531604399101 0.014922281618182268
8.067683285440769 0.014928684137994357
8.118000654893498 0.014934241505198212
8.168390677150343 0.014929284617665215
8.218644847111491 0.014957542464508523
8.268929230406174 0.014939031730373207
8.319239007404171 0.014894258532678128
8.369477116884985 0.01499530028259053
8.419691579598519 0.015025508807638721
8.469912490450321 0.014909480810463668
8.52018428869579 0.015013783482069734
8.570526618515816 0.015017070341369171
8.620827561936233 0.014996722838161303
8.6710765027041 0.014997842168528263
8.721344903487045 0.015054212151601803
8.771600809653725 0.01504159413646178
8.821935312859573 0.015086047053033406
8.872193407324566 0.015098350503037936
8.922295215837957 0.015102303249134932
8.972511576922408 0.01514805634738149
9.022837920541114 0.015172671911507668
9.073216528109091 0.015199893994001784
9.123415270870552 0.015152330746245297
9.17361908341986 0.015194447283452555
9.224047724362263 0.01525550645308693
9.274342446633268 0.015364986531176
9.324583736973242 0.015346645813810945
9.374861343176931 0.015304416362182629
9.425218999748973 0.015329447219983559
9.475463512231975 0.015388247890049956
9.52560218020791 0.0154328957346799
9.575825480747861 0.015396959939868686
9.6261432023691 0.015437938206913845
9.676428110724217 0.015470662076219322
9.726647339823515 0.015490996927859038
9.776936936507266 0.015498917734938934
9.827266602231612 0.015606399127205494
9.877608336662016 0.01564019932645792
9.927765186057561 0.01565200577751724
9.977948687865421 0.015681335767982387
10.028276428190956 0.015742044579954106
10.078555135173673 0.01572619967089384
10.12881543535254 0.015787039898862206
10.17909136927054 0.015825293510700337
10.229397074764416 0.015809679034005254
10.279659316169457 0.01585967372783332
10.329972738459672 0.015857011859396756
10.380297962794002 0.015962853767759348
10.430509535511831 0.016054360386450424
10.480716270144153 0.016109398710434757
10.530992039216045 0.016052047098108715
10.581277312494132 0.016112123366962276
10.631509937983564 0.016153956127219767
10.68174720702582 0.016195287593589
10.732115673827876 0.01625046682584411
10.782441264883463 0.016308763690555814
10.832609802746141 0.01639084315106198
10.882860726950817 0.016398384279061047
10.933128114918304 0.01649634948625056
10.983417383011929 0.016538588399986794
11.0336911496282 0.01655487241946116
11.083887470157212 0.016590850314051345
11.134202836052578 0.016682413617859656
11.184492089708101 0.016779341446943454
11.234762316311185 0.016828358966383607
11.28506025728967 0.016850633537891107
11.33532746046919 0.01688124663711968
11.385572979070078 0.017019355192672867
11.435812740053063 0.017109247765704497
11.486128478675417 0.017193148377872208
11.53645285207743 0.017226738051354617
11.586667988558576 0.017304537737555345
11.636900206259682 0.01741574374418663
11.687198740103003 0.017478955318799692
11.73752987630685 0.01757289363500529
11.787793003136402 0.01763233909947226
11.83801222152737 0.017811790042781554
11.888304428458257 0.017840235094135647
11.938526925955045 0.017922050057218197
11.988680567309297 0.018024279731686396
12.038949591458037 0.018089216678893474
12.089274284052694 0.018206257927292187
12.139562200597831 0.018355310508237722
12.189860460860164 0.018439065300982074
12.240178952339967 0.018542062012656176
12.290518856609927 0.018681027256980672
12.340765961104825 0.018749540212707517
12.390954681886438 0.018882043239091387
12.441270308807624 0.01900592083258572
12.491547121196684 0.01913216808467147
12.541724255918206 0.019234632633499282
12.592003638078179 0.01940531004031699
12.64232519436475 0.0195196544200553
12.692582750141055 0.01966130967799695
12.74278248372869 0.019838035445004665
12.793076632945997 0.019933418953458716
12.843445011143878 0.02012768112233847
12.89366883324007 0.02018390413436719
12.943890801336213 0.020257907523992275
12.994177894612557 0.02028318901521236
13.04443163579662 0.020344806119822933
13.094707742051865 0.02041787433700164
13.144965643712158 0.020472934395162682
13.195191951054897 0.020512203211711596
13.245468066234334 0.020552134975447434
13.295759057014298 0.020598049264221575
13.346081542357 0.02064915613741346
13.396334881624984 0.020721023174004486
13.446512243564719 0.02078433067056324
13.49684116650733 0.02080878173196671
13.547206555078935 0.020876920090252955
13.597394619283069 0.020926837099885267
13.647646592395306 0.02106889903988217
13.697968812058095 0.021050076145190274
13.748240878862827 0.021127229291060787
13.798508135671526 0.021192011011825686
13.848722675447547 0.02127563314242798
13.899056984889269 0.021315099617856294
13.949299292246936 0.021466789472374768
13.999459698651496 0.021499374972395693
14.049760638504921 0.021545267176643842
14.100062109991391 0.021663428443335596
14.150328583852295 0.021817313446408422
14.200596710006353 0.021766629555858362
14.250894468123704 0.021814683097564447
14.301154246388313 0.021978867517801554
14.351409373945005 0.022029824386977256
14.401655579009644 0.022172357497963424
14.451923887070363 0.022231509046278974
14.502195460930393 0.022293746922877944
14.552431197560512 0.022373865415795082
14.602712910427858 0.022537991487243815
14.652997148382745 0.02262055179688758
14.703293702918097 0.022615714908038913
14.753584612026856 0.022820983004204508
14.803831344632483 0.022841749303346714
14.854104711136149 0.02299603729854718
14.904370298917833 0.02316284107229334
14.954600676257492 0.02323521886222046
15.004889563323557 0.02331372989005771
15.05518978776525 0.0234817060570514
15.105455102913249 0.023497744175427743
15.155654924903976 0.023659966646702734
15.205941887354092 0.02381081016731894
15.256267608278764 0.02395501211258625
15.306461403950884 0.024041989732507183
15.356704322055613 0.024227025703173078
15.407010065203325 0.024262510771706734
15.457371277901244 0.02448255791494874
15.507580454663058 0.02465066370845084
15.557723815426886 0.024745212587827563
15.608035190752451 0.024870823403397933
15.65836803168778 0.024983150100862387
15.708666582826671 0.02516465198390619
15.758911240487665 0.025277533923738972
15.80920240764418 0.025552626815886208
15.85953498887354 0.02559577808900887
15.909770685341085 0.02583725697988739
15.959983128064072 0.02607900726709338
16.01026680089895 0.026289132591892903
16.060506219190955 0.02641630197792967
16.1107057552 0.026512018946632993
16.160979420356444 0.02677186327199713
16.211325974973395 0.026910060451310596
16.26159518933469 0.027148570018926444
16.311787119798446 0.027235451945198438
16.362061056780256 0.027547810111341827
16.412399325385426 0.027685105713522225
16.46269798397933 0.02793283326907941
16.51294588455179 0.02825125429156313
16.563255224004703 0.02837160714288377
16.613593473122922 0.028580913411264938
16.663752434170462 0.028816773488296504
16.71390198485169 0.029206937153527054
16.764262443867867 0.02947514255592739
16.814551158611078 0.02966508181071184
16.864711433218147 0.0298691492079061
16.91497871102862 0.03014686957590601
16.965238226025534 0.0303745343524251
17.015503884158964 0.030785237945409997
17.065794266109567 0.030904590269089767
17.11614437887528 0.031086105637273785
17.166461387138266 0.03156251670282213
17.216612137304292 0.03161875224181643
17.266874400871753 0.03195825334210401
17.31719835428683 0.03224592341826026
17.367494625505714 0.03258627170093442
17.417753088845615 0.032710462263432334
17.467976739812876 0.033050254212210535
17.518201797720433 0.033592870485155794
17.56847349166504 0.033835735666300014
17.618708955250757 0.034032111459215156
17.668961902574946 0.03423095940698685
17.719326468999455 0.034459697798405645
17.769585988835168 0.03479793597430752
17.81968717955446 0.03501946566045951
17.870008358347157 0.035378351169362186
17.92041807342707 0.03532060298511067
17.970597259445697 0.03579871047279378
18.02084186869016 0.0359150291363215
18.07107552397373 0.0360954794618724
18.12130096168606 0.03604176979058461
18.171432883045398 0.036315197905856106
18.221722189147144 0.03628681561852982
18.272193588700173 0.03624601019179846
18.322370009010708 0.03662574215706262
18.372641274043453 0.036872959924231466
18.42304528828408 0.036736216512381015
18.4732843081044 0.03721733314490313
18.523474919634474 0.037367828222646164
18.573702988668455 0.037424246666585725
18.6240333287676 0.038028357278103435
18.67427281148734 0.03795249345363461
18.724387019467216 0.03842034430760848
18.774691647982873 0.038411737066094236
18.825063951784593 0.03872191063612157
18.875359546829344 0.039319775010158646
18.92547416943246 0.03943928097110568
18.975652204973596 0.03963405195814737
19.026175929688563 0.040229702612132455
19.076476217282096 0.04059017855876479
19.126594898546195 0.041031734273629265
19.1769621223567 0.041354468521784704
19.227488187638304 0.04179875647388799
19.277647154164097 0.04212172891159579
19.32771173552167 0.04228000644022658
19.378218962453722 0.04298895907265558
19.42851134084644 0.043498155178583166
19.478495785735166 0.04394652830744943
19.528838110951398 0.04448260449352801
19.579471051315235 0.04484379202597647
19.62963491379783 0.0456984520625964
19.679485018993823 0.045525828042958356
19.729961375283942 0.046043411228216084
19.78040473475129 0.04708918141063689
19.830401445721215 0.04712134926911971
19.8805703276972 0.048096620120613734
19.9310412282765 0.048701732444842535
19.981544373120038 0.0493441715891133
20.031534440117735 0.04973211155275898
20.081510499974662 0.050527775768718565
20.132214894720814 0.050948483799195914
20.182688044209094 0.05184825315510578
20.23241213445668 0.053188894892954426
20.282677569036803 0.05364088860271442
20.333544885711923 0.054267597766672074
20.383792325284787 0.05528521916761728
20.433348075883767 0.05540831791981672
20.483814807363043 0.05670357866220761
20.53492240444981 0.05756971035255491
20.58471471645151 0.05860003067061663
20.63403753028481 0.059003594877669256
20.684944102728696 0.060501327846238614
20.73594450522205 0.061296118975724775
20.785620254778184 0.06308247590076882
20.835525712806856 0.0636305049102681
20.886547226012393 0.06440333324408555
20.93661667916397 0.06700662754512494
20.985225045100034 0.0674631417612616
21.036339749924366 0.0668801032426657
21.08844698009842 0.07115620899819552
21.137403362804985 0.07070812947453564
21.185483820538384 0.07163709864194469
21.237498288350807 0.07444810543180592
21.290615778388577 0.07610549954100712
21.33873734986448 0.07804934615586641
21.385905978124175 0.08109935043886381
21.43903581411026 0.08083620852975051
21.492920116781885 0.08198950676586195
21.538774047778304 0.0837945531736242
21.58490715653881 0.08609560070316809
21.64032830854472 0.08617631711191939
21.695757954009693 0.09157149555222266
21.7379814032282 0.09114762416877768
21.783492257441555 0.09470703676712118
21.84078661761012 0.09759773238712026
21.89772928372267 0.1004957160615622
21.941115003926626 0.10532330736141331
21.984198294341198 0.10538403717133765
22.041560015846354 0.10624811053868506
22.09881281977665 0.11357694114978331
22.14436288097913 0.12226292470665437
22.18387861329427 0.1143987598113519
22.238472256465403 0.19735041695776104
22.28919514620178 0.009210973138149104
