17.799282449393907 2.490603954323637e-09
30.158244330131154 9.62124401547735e-10
42.89580372913673 1.0466715950923773e-09
55.67321552978553 9.67852646547802e-10
68.70199571606821 8.390807543766299e-10
80.9577352285149 8.832579920050709e-10
93.5343336715136 8.819690283075788e-10
106.16450203531903 8.67206801959062e-10
118.9072488188118 9.448716032505305e-10
131.52449629177582 9.316011671391853e-10
143.9326581339747 9.396095684429344e-10
156.55721831376695 9.119644081929474e-10
169.40797891669078 9.062091767363972e-10
181.9370924105474 9.244766536855668e-10
194.41579553660424 9.361371898022595e-10
206.95260779187328 9.502515781332497e-10
219.51528885091182 9.253234413959444e-10
232.10861695601864 9.128158438257345e-10
244.73393330749704 9.122111871454559e-10
257.3634526180588 9.22472588210437e-10
269.90016033281614 9.25896946325437e-10
282.3899117684295 8.728142419819938e-10
295.02671514949367 9.09147524488947e-10
307.57301485045366 9.23234126711132e-10
320.13150881022204 9.343542348200197e-10
332.79823373741607 9.102719142708609e-10
345.4391291552885 9.033526988896832e-10
357.9530426754169 9.004098544864216e-10
370.4707381295704 9.052612310262506e-10
382.9613574682314 9.134072823210841e-10
395.5779737303071 9.134590266148854e-10
408.18754708954486 9.107660428455969e-10
420.78786052196915 9.282202225769351e-10
433.3819419644603 9.141957334309904e-10
445.9400562432304 9.116110317787569e-10
458.52400541726837 9.044450084811622e-10
471.0283016733625 8.912510605845683e-10
483.5821167635718 9.003117543492185e-10
496.17130788792383 8.883795533163095e-10
508.6984513745909 8.891948685073807e-10
521.266850376961 8.932996695235053e-10
533.8514741793921 8.941715678616187e-10
546.4846686282311 8.90492528201356e-10
559.1059360168832 8.878641843836577e-10
571.6732584628986 8.862618620912485e-10
584.1752542788623 8.743109841682433e-10
596.6899688879645 8.889685706877681e-10
609.2765278814395 8.762755946208896e-10
621.8558254006394 8.737347878086705e-10
634.4336343236796 8.862296629986211e-10
647.0375135888845 8.724091123184538e-10
659.6336435100791 8.655095681160523e-10
672.2352858914313 8.723573737079733e-10
684.7400751418547 8.564651941426945e-10
697.2956385332539 8.62730825930325e-10
709.8823228822636 8.595699726446942e-10
722.383387084208 8.434424834560743e-10
734.9534179127145 8.463594543445653e-10
747.5295590555182 8.623848271452149e-10
760.1308062950264 8.523114158293978e-10
772.7079722519646 8.422661518712741e-10
785.22803627289 8.483591824237489e-10
797.8529000643869 8.504996887167256e-10
810.4146489153657 8.290320386603643e-10
822.9832955140954 8.357900030657138e-10
835.5628544232982 8.389503699334128e-10
848.0801297450262 8.3401556304449e-10
860.6851380540385 8.203204182288165e-10
873.2717120511252 8.214002827638657e-10
885.7992366441526 8.328384389824976e-10
898.3268837059719 8.257415603524682e-10
910.8828292509464 8.161993949368332e-10
923.5268940602116 8.124989440071755e-10
936.128848404742 8.143675930763454e-10
948.6970485528731 8.077947586323198e-10
961.27122736308 7.999905979184176e-10
973.8038516777394 8.023162872878074e-10
986.3394199199912 7.952428952347445e-10
998.9013494289071 7.961204272299684e-10
1011.4318102670842 7.970366653824444e-10
1023.984799253619 7.915249589313022e-10
1036.6252195536813 7.906693282209033e-10
1049.2179276058198 7.801418354359998e-10
1061.7514616966673 7.767500660556573e-10
1074.3147055893453 7.82609312197798e-10
1086.9159127567582 7.758156586948959e-10
1099.4861304784436 7.6479212679819e-10
1111.9874855003557 7.572763947659191e-10
1124.5709353219315 7.657795770641531e-10
1137.2023074454532 7.572506022094363e-10
1149.7609178844157 7.560950203297277e-10
1162.310042068112 7.556609423590326e-10
1174.8788993321937 7.487584697528616e-10
1187.4352440593798 7.508451221434195e-10
1199.9943909587364 7.397910064391e-10
1212.5358230248555 7.387134491321222e-10
1225.0939152889068 7.368427513680889e-10
1237.695546608303 7.312985741712669e-10
1250.2621134875799 7.287514596684588e-10
1262.8054900766422 7.207211617325485e-10
1275.400712546411 7.218070290560115e-10
1287.9715566629113 7.132236324082606e-10
1300.5370834332223 7.126524674849592e-10
1313.1172235398076 7.092415597955342e-10
1325.6738564718507 7.053539107659579e-10
1338.2370889924387 7.029776808586353e-10
1350.8140397151212 6.990386824700086e-10
1363.367102918641 6.914809114014368e-10
1375.9185067723397 6.907935135682864e-10
1388.4688634079062 6.83957224030175e-10
1401.0350804869474 6.83804012569253e-10
1413.6249913217434 6.740231100573524e-10
1426.2038019349843 6.779107016578567e-10
1438.7836502342852 6.696301982511018e-10
1451.3667615196225 6.679275519327692e-10
1463.93053654187 6.615359257607079e-10
1476.5015980969845 6.595355448161324e-10
1489.0531684231876 6.574045987601298e-10
1501.5742203885422 6.550038668818693e-10
1514.1516930632092 6.503957692852223e-10
1526.7282467201912 6.448208478201381e-10
1539.2925919724535 6.421869505061914e-10
1551.8789730350827 6.369940209795761e-10
1564.4658283979172 6.340736069869252e-10
1577.062987304048 6.347138779285451e-10
1589.5793133959044 6.279539164391475e-10
1602.098219318471 6.209588701060357e-10
1614.6728123454723 6.164605232567581e-10
1627.245897674773 6.129324684336908e-10
1639.830599792207 6.085412833090298e-10
1652.3905272785578 6.029112316857848e-10
1664.979414016081 5.955203702814231e-10
1677.5918618421556 5.994902755711425e-10
1690.126927940609 5.912624732738635e-10
1702.6565735125293 5.901921749018298e-10
1715.239652780402 5.85811174319249e-10
1727.811695412483 5.816760701494183e-10
1740.3677490975194 5.784690026914148e-10
1752.9282192150536 5.724731025107177e-10
1765.500774679947 5.665898371882138e-10
1778.0665536787737 5.638549363379065e-10
1790.6168494226254 5.63282434405638e-10
1803.191304333419 5.606549354611731e-10
1815.7666656189658 5.547640198285715e-10
1828.3488212639727 5.505529804487757e-10
1840.9261635435228 5.45917079460786e-10
1853.4868830529422 5.43414597279577e-10
1866.0648394709856 5.362356020607769e-10
1878.6531571147755 5.356331277407402e-10
1891.1949620796393 5.324394913346315e-10
1903.7320037090342 5.280527520777333e-10
1916.2826511063677 5.235969950434176e-10
1928.8701890218213 5.216662040823687e-10
1941.4711267136497 5.158694445963099e-10
1954.0161536900057 5.123556062615686e-10
1966.5646650726826 5.076260207447941e-10
1979.1139383933348 5.065586846779985e-10
1991.6912603842213 5.014464786297526e-10
2004.2724214876746 4.973248093537568e-10
2016.8096506702707 4.952108964353928e-10
2029.388299672487 4.881761998278393e-10
2041.9851108745945 4.868967658906398e-10
2054.5479608747887 4.810932099018992e-10
2067.1183637920344 4.778335363431232e-10
2079.69511478519 4.746252513736299e-10
2092.25394988661 4.70846674445426e-10
2104.806873622057 4.676048138821857e-10
2117.3614093032174 4.623209137799461e-10
2129.928666131578 4.592009167418506e-10
2142.5135548816706 4.544103692461446e-10
2155.088097602156 4.507547709608139e-10
2167.649640376087 4.4736915306629806e-10
2180.216047885633 4.45811217258919e-10
2192.779331913286 4.4038493744057964e-10
2205.362264117683 4.367109363943311e-10
2217.92609518976 4.333570742514533e-10
2230.4508569275185 4.3061771018724804e-10
2243.0042552295354 4.2694949066924264e-10
2255.585147649584 4.2454705193382144e-10
2268.179105336766 4.203153139542232e-10
2280.7280993008117 4.186522471668873e-10
2293.278360641959 4.12763689193516e-10
2305.8848259833 4.1051481832520594e-10
2318.4578135021575 4.0693197594347287e-10
2331.017443774536 4.02294919266645e-10
2343.5861525124205 4.0065821197212207e-10
2356.174872739318 3.978213966850482e-10
2368.7353085030536 3.928044272863464e-10
2381.2692845985334 3.9033668882448377e-10
2393.8244176688013 3.862593770454518e-10
2406.4031547082923 3.8351181137685407e-10
2418.9736888834113 3.8188697246804846e-10
2431.52780414962 3.7622051538898007e-10
2444.0995103422933 3.730469741145555e-10
2456.681233242974 3.694334073281697e-10
2469.2659731538656 3.6680477814771266e-10
2481.804494353713 3.650281561528288e-10
2494.349678289375 3.616407877415161e-10
2506.9309198668843 3.575879289905252e-10
2519.499903784357 3.548237912571965e-10
2532.064286254508 3.5193614504202653e-10
2544.6325769440127 3.473521165858082e-10
2557.208310117243 3.4570956242603124e-10
2569.7731778671878 3.4312733178622713e-10
2582.350840133166 3.403498463718773e-10
2594.9314527475444 3.366289706937956e-10
2607.4836540238884 3.338128876033229e-10
2620.0346458455233 3.307347579752725e-10
2632.6028953257733 3.286296198412526e-10
2645.173520726606 3.2595939788296977e-10
2657.730984905749 3.2214376039130863e-10
2670.289609909111 3.1998117232854233e-10
2682.8810325445497 3.1799355348434375e-10
2695.4617368341887 3.152104073619503e-10
2708.003179989755 3.117791743483286e-10
2720.565218595557 3.0945976478420716e-10
2733.1313729151952 3.0693869879709635e-10
2745.702996964865 3.0407365974744205e-10
2758.2707458588034 3.01760847196497e-10
2770.8191342981145 2.988802780191847e-10
2783.3972824385987 2.966581843832446e-10
2795.9689028789417 2.9414301688365095e-10
2808.5357668183638 2.9148461290105824e-10
2821.1095589697384 2.891807329008916e-10
2833.6756670949308 2.868514932610678e-10
2846.236354374274 2.84375215264995e-10
2858.79560232848 2.823773428087257e-10
2871.373843645574 2.786388694777817e-10
2883.954243538599 2.76806262941202e-10
2896.5073357066644 2.7546045989081617e-10
2909.064697944345 2.727925803359579e-10
2921.6386383037598 2.7065316846540496e-10
2934.2207288040527 2.6849879962818907e-10
2946.785817897924 2.6602450763933816e-10
2959.3399304871978 2.645892459848231e-10
2971.912289205687 2.6198866411462066e-10
2984.46722152623 2.5963665908540186e-10
2997.00494075996 2.572205220539603e-10
3009.571504102365 2.5579606047519185e-10
3022.151983789152 2.534497476270824e-10
3034.723269970324 2.5210549644483566e-10
3047.297141938261 2.5050633604938894e-10
3059.876071431784 2.485355102150307e-10
3072.460353827784 2.459824719305424e-10
3085.0214375587766 2.4455532934234526e-10
3097.56792616596 2.4273366563479483e-10
3110.1461395593024 2.4062901664053824e-10
3122.7146498544676 2.39037898409768e-10
3135.258242106282 2.3659265688500497e-10
3147.827394808765 2.357196317578908e-10
3160.407090461748 2.3406406532318637e-10
3172.9707868690757 2.3219824384989798e-10
3185.520028526011 2.3089512747950873e-10
3198.0928727893415 2.2853730612700449e-10
3210.684273274958 2.2730993787325242e-10
3223.239536727099 2.248647050041799e-10
3235.794336704776 2.2251489164882874e-10
3248.365417080094 2.201283788902897e-10
3260.9281598919256 2.1743099733807848e-10
3273.4964936633673 2.148013387437995e-10
3286.0602765369263 2.1326135384859903e-10
3298.616161266458 2.1063247533924974e-10
3311.184497268825 2.0780267741022703e-10
3323.7565519663412 2.056321435993844e-10
3336.336479870555 2.0349010526983825e-10
3348.8991222089053 2.0096837040194428e-10
3361.442771262142 1.9873607573106266e-10
3374.0243084776243 1.9666029930296857e-10
3386.614961597868 1.9393476902194712e-10
3399.16128606973 1.9171289934890111e-10
3411.723586887969 1.9007344916520608e-10
3424.3034483758647 1.8778377427566114e-10
3436.8707723403413 1.8567731350447527e-10
3449.4368938720895 1.834944144020152e-10
3461.9898368720965 1.813603985817639e-10
3474.572720638132 1.7914592308151064e-10
3487.1326051509195 1.7728456902276536e-10
3499.6720155540056 1.755360039528774e-10
3512.2465573827917 1.7326928935498025e-10
3524.8212321125134 1.712496899862589e-10
3537.387157918102 1.6976717970161757e-10
3549.9534967742106 1.6747050694082617e-10
3562.5272432128218 1.648875558263555e-10
3575.0914952116 1.6339316310821015e-10
3587.654584597485 1.611352662901072e-10
3600.2154434833064 1.5986235833832218e-10
3612.781827813574 1.5776208029488272e-10
3625.349028548668 1.5624181206947087e-10
3637.907270470111 1.5386616567051846e-10
3650.477005817321 1.525196679441683e-10
3663.04737240162 1.506405205379844e-10
3675.6208179613163 1.4952755141944694e-10
3688.192852242157 1.4740480095854618e-10
3700.7538430059562 1.4556406639071211e-10
3713.3214918772564 1.437429695340425e-10
3725.88719617525 1.4252234751382542e-10
3738.4440983479285 1.4080623290347631e-10
3751.0156271459587 1.3870456616158038e-10
3763.58999013167 1.3747794330821363e-10
3776.155626274999 1.357654200175658e-10
3788.70489003149 1.349951033345005e-10
3801.275937702054 1.329791457761833e-10
3813.8566744571744 1.312608841339519e-10
3826.404431717055 1.297158412512793e-10
3838.9644689081924 1.2851987985019722e-10
3851.5402114943618 1.2724662621744898e-10
3864.1298207037257 1.2553903470687884e-10
3876.681423024082 1.240489725299837e-10
3889.2165722518703 1.2282607545026196e-10
3901.7937228048927 1.2126454348108873e-10
3914.376239464566 1.197847298550794e-10
3926.950184147634 1.192707171848196e-10
3939.510656203867 1.1761203456779913e-10
3952.082754993091 1.157465875723902e-10
3964.66520672985 1.1506750121531046e-10
3977.223438611204 1.1378288303567069e-10
3989.775857376849 1.1274589097531772e-10
4002.346082688934 1.1135595118960057e-10
4014.9052449751166 1.0977029433776011e-10
4027.454437240128 1.0880918957508e-10
4040.0221607705066 1.0770406878624767e-10
4052.608105661614 1.0625092884674378e-10
4065.1747165545376 1.0584401972197243e-10
4077.7220075380287 1.04632542076675e-10
4090.2897990210035 1.0319420991219282e-10
4102.873672523345 1.0249256683899306e-10
4115.447644068685 1.0141717361228692e-10
4128.008926808098 1.0021624576329906e-10
4140.585568421012 9.877992003254684e-11
4153.1694370518835 9.769532340365681e-11
4165.708486135632 9.715375501751847e-11
4178.245182757474 9.584149547788636e-11
4190.834603556789 9.506376472731672e-11
4203.40608927648 9.372218952254551e-11
4215.94546673201 9.287894814773537e-11
4228.511593513913 9.193163287139206e-11
4241.075779699394 9.136533818562438e-11
4253.641501584355 9.028182928776311e-11
4266.2134040829205 8.911366219700097e-11
4278.800238462189 8.823632114511558e-11
4291.378797171946 8.728805309910139e-11
4303.915793648459 8.668265236720377e-11
4316.4806669387035 8.541060747090186e-11
4329.060961840782 8.454180602987295e-11
4341.6343365752655 8.367229016138591e-11
4354.198259860986 8.257619301599551e-11
4366.7534805332525 8.206112977707539e-11
4379.309052921206 8.157763571277757e-11
4391.876283675789 8.050942997632501e-11
4404.434457339895 7.99685274477863e-11
4416.997001697697 7.813505179341141e-11
4429.587449292495 7.767654011047885e-11
4442.151636687611 7.691190354819281e-11
4454.676243985357 7.598396475582388e-11
4467.255845270074 7.486903479669405e-11
4479.8575794065855 7.376931170039842e-11
4492.40168445441 7.276078839145042e-11
4504.962144407178 7.197447750467641e-11
4517.519866020664 7.06898185154215e-11
4530.0755333545785 6.955161608620187e-11
4542.6078228888755 6.851007801234525e-11
4555.1794564400525 6.752640323389352e-11
4567.796610844846 6.593857264533518e-11
4580.340024503758 6.561491218284337e-11
4592.907148036285 6.432285028097681e-11
4605.507457041533 6.37610064046362e-11
4618.066519715286 6.177172169104712e-11
4630.61348098353 6.146216548888025e-11
4643.169806111598 6.10823552215935e-11
4655.7516975966855 5.988805972983326e-11
4668.310875988915 5.953349637257937e-11
4680.838737422433 5.830525210611876e-11
4693.4142013659475 5.738600317221042e-11
4706.006583198429 5.671656078349675e-11
4718.579788898697 5.622931533557079e-11
4731.107753982311 5.544952381516347e-11
4743.651571426617 5.444240482628151e-11
4756.281806400868 5.372537879361996e-11
4768.856185173669 5.351924291154994e-11
4781.385164866601 5.2395351519540245e-11
4793.976276771281 5.1660131617218214e-11
4806.607096854939 5.118770321884164e-11
4819.146147308174 5.0882904425739437e-11
4831.661602769959 4.997904656799437e-11
4844.287713525817 4.962243916363199e-11
4856.860115107401 4.934288597998081e-11
4869.355537556235 4.856519735155954e-11
4881.940425155442 4.7624833557656984e-11
4894.597962536946 4.75511888604359e-11
4907.1382369119165 4.7189067054846144e-11
4919.600076288735 4.627884987888606e-11
4932.2184698095 4.6175381349277e-11
4944.828614579259 4.5263951667238126e-11
4957.327103379369 4.497636041444715e-11
4969.86863255852 4.451392449465408e-11
4982.485662226757 4.4252727274250136e-11
4995.110752516737 4.348983086515222e-11
5007.607580415342 4.3157881229494257e-11
5020.10090672177 4.287304273501452e-11
5032.776306714229 4.264438679700093e-11
5045.393898578722 4.22967414753118e-11
5057.824235954894 4.184507183752229e-11
5070.389901954609 4.123673089093243e-11
5083.106030184285 4.1766128106761076e-11
5095.667197680151 4.0848653522968345e-11
5108.05545246385 4.0666153764480014e-11
5120.671439914531 3.982773466508671e-11
5133.447634936114 3.941042712470261e-11
5145.895026810736 3.9351183047161453e-11
5158.2250506128275 3.831572748276834e-11
5170.95099224376 3.7931154456872247e-11
5183.700390094105 3.851052098920132e-11
5196.118642963537 3.794407880411295e-11
5208.594319785777 3.774056161152957e-11
5221.348995023267 3.7980062265904075e-11
5233.86566836642 3.7853230812059855e-11
5246.017090039119 3.782435489703394e-11
5258.795061897151 3.8130479588706536e-11
5271.8211514158575 3.6698307152917886e-11
5284.059572485596 3.6618745735764487e-11
5296.079024382072 3.599234506017272e-11
5309.081924588613 3.578557336337868e-11
5322.3605651521175 3.696515062736765e-11
5334.390294917684 3.6746887325375916e-11
5346.181802010518 3.71007218700535e-11
5359.463528890978 3.555842395768219e-11
5372.933862046457 3.454298228214131e-11
5384.396712939678 3.5941936864399533e-11
5395.929354426921 3.454049966452954e-11
5409.783878738565 3.486993600408328e-11
5423.640526297936 3.558520616996975e-11
5434.195806773826 3.461882138704555e-11
5445.572893198795 3.602756208385684e-11
5459.895693738757 3.673133633971422e-11
5474.13057561097 3.363575215169029e-11
5484.976407817414 3.6370204723249434e-11
5495.746636743918 3.2228027610517976e-11
5510.086276689804 3.513630037922718e-11
5524.398688742833 3.190704340435576e-11
5535.78557637482 2.616411355623563e-11
5545.66396493654 3.5074043080486854e-11
5559.311623442359 3.867604983525261e-11
5571.991646927517 4.401548375889125e-11
