0.01783209187197505 33.33444345990749
0.03021383503078697 26.021249347861488
0.04297487357678415 18.454033373038538
0.055775837984368234 17.452245382669865
0.06882863412500548 15.797475931470133
0.08110696464570498 10.823463217176794
0.09370674553631765 9.302976634675405
0.10636019509318788 7.034380844563574
0.1191264305855796 7.007630599202143
0.13176693543452653 5.806155933812643
0.14419796924510356 5.106884244801711
0.15684580028039333 4.16068999240443
0.1697202486941213 3.5282006194401307
0.18227245710657114 3.229983486398818
0.19477416222977542 3.2187026268201087
0.2073340835947669 2.610452929146425
0.21991992144750147 2.2732895029789018
0.23253646283801338 2.065038696106156
0.2451850514388408 1.8813628659663635
0.2578378507460673 1.7300712570963501
0.27039766737784754 1.5387789339829723
0.2829104411759606 1.3849603998478712
0.2955705379804188 1.2510853355111655
0.30813996427931273 1.115680027995657
0.3207216073146958 1.0637992402288823
0.3334116808196787 0.990509998747896
0.34607587720379784 0.9140843582031644
0.3586128576244034 0.833808097422136
0.3711536269502742 0.7828535583532308
0.3836672702512409 0.7065274989683963
0.3963071427257882 0.6629418070304328
0.4089399593153128 0.6048239439244382
0.4215634989091981 0.5612879626207273
0.4341807950257213 0.5104358228692931
0.44676205768024 0.4906533618440146
0.45936920285149674 0.455142504432296
0.4718965482805624 0.42218882582862033
0.48447350382182475 0.3901560675849586
0.49708590060588403 0.3625931337186788
0.5096361353798295 0.33983209470223363
0.5222277017157823 0.3174656394844226
0.5348355227589748 0.2966219136228066
0.5474920039788621 0.2763517648184366
0.5601365361534087 0.2556734860582769
0.5727270239485902 0.2407299234818846
0.5852520646971234 0.22947556107667774
0.5977898476833504 0.21539917388570573
0.610399607484725 0.1966839813309447
0.623002092426747 0.18771238455739686
0.6356030860286793 0.17545545626140394
0.6482301980282459 0.16434004252377857
0.6608495463994339 0.15637124371175337
0.6734744173918991 0.14272227817250488
0.6860022567240306 0.13466942123907585
0.6985809637891269 0.12490496942072844
0.7111908491771041 0.11747388401867584
0.7237149565943738 0.11132451341603289
0.7363081577644085 0.10301416329428938
0.7489074805118847 0.0972702748693461
0.7615319556341408 0.0911524620909026
0.7741323050847916 0.08566609485947387
0.786675447343414 0.07973254671166405
0.7993235825500561 0.07460494622390637
0.8119084864763915 0.07078574843841802
0.8245003008650983 0.06575934841083189
0.8371030476789433 0.06194914784004794
0.8496433960979584 0.05853869703810079
0.862271639222499 0.05433477901071797
0.8748814140551415 0.05109087409454222
0.887432030637941 0.047630502667793305
0.8999827699152788 0.04450710285877204
0.9125618598383743 0.042035240966449096
0.9252292314560263 0.03921326912640762
0.9378544149867115 0.03660920980403287
0.9504457821018771 0.033997765631672644
0.9630431388995881 0.03205634686661044
0.9755988646043379 0.029994463074935872
0.9881575396632225 0.028122206057671524
1.0007426245805018 0.02643442257243833
1.0132961828208324 0.02465286475272655
1.025872310735663 0.022847347006389712
1.0385360311261873 0.021450378777890123
1.0511519513207872 0.020166248692935894
1.0637085884787156 0.018653234690108433
1.076294990202561 0.01755595695171107
1.088919425178857 0.016261810173049295
1.1015128135865706 0.015208102582961113
1.1140372123598765 0.014263370090598493
1.1266438572582145 0.013150022808011795
1.1392985127936917 0.012319695397934817
1.151880272522975 0.011454560380630566
1.164452528510975 0.010678903165467653
1.1770445539533532 0.009938986330740448
1.1896240437944732 0.009327317346691892
1.2022063409730082 0.008647376419096955
1.2147708906645485 0.00803530374424601
1.2273521312637687 0.007413083159068925
1.2399769911738872 0.006946802546927213
1.2525667220095937 0.006378120580324278
1.2651332198084169 0.005939467294664738
1.2777516590554738 0.005513084138694368
1.2903456750126363 0.0051286614118899645
1.3029343638221438 0.0047538641434544575
1.3155376929046927 0.004360353187167397
1.3281174714819175 0.004066319577153845
1.3407038618127107 0.003755252006388067
1.3533039956323645 0.0034791067190403442
1.3658801979009842 0.003199601415323388
1.3784547377611032 0.0029519208002445475
1.3910282284727524 0.00273708600365441
1.4036176088634365 0.0025317781431181347
1.416230726684582 0.002335189870231691
1.4288327238231309 0.0021404256689503015
1.441435760560507 0.0019675704865039683
1.4540420662985825 0.0018070605446579618
1.4666290001310285 0.0016533581008156273
1.4792232339276101 0.0015257875113768608
1.491797940567092 0.001396747170317213
1.5043420725912222 0.001279043162824849
1.5169427293249744 0.0011798682666173629
1.5295424653470167 0.001079699127116134
1.5421299704605824 0.000981343279189147
1.5547395520031315 0.0009118447719398661
1.5673496087201635 0.0008280091695795614
1.579969987973016 0.0007591878981739193
1.5925093854124435 0.0006878183360819062
1.6050513674379843 0.0006233621838748391
1.6176486600174467 0.0005511746848500106
1.6302445001949653 0.0004912802760975858
1.6428527694112223 0.000438055206846698
1.6554322216394621 0.00038680374437605495
1.6680440255859132 0.0003432760397180063
1.6806789206890473 0.0003018874897151404
1.6932331315939029 0.00026899138171117303
1.7057845975195398 0.00023833913860846082
1.7183896309732518 0.00021098038114327456
1.7309874185440797 0.0001865042341889693
1.7435623448937674 0.00016447958214497164
1.7561426634640496 0.000145018579146032
1.768745892175792 0.00012768850337917888
1.7813334782050327 0.0001129572224322144
1.7938985526958373 9.950544244657714e-05
1.8064980806819741 8.764189179578176e-05
1.8190945363690536 7.68894271940102e-05
1.8316935397102898 6.711173142431937e-05
1.8442938066535441 5.938110662200311e-05
1.85688767919359 5.2029850310788726e-05
1.8694996979258063 4.560508425497018e-05
1.8820874678435362 4.013740798128579e-05
1.89464800712909 3.4995751009134736e-05
1.9072244238241292 3.0741052252603336e-05
1.9197955083167093 2.6974757038426917e-05
1.9324077190392577 2.360199306932596e-05
1.9450267994293615 2.069840284024112e-05
1.9575901294986977 1.816338683381283e-05
1.9701677233625408 1.595202302499548e-05
1.9827403283412839 1.4039027596502558e-05
1.995331474359653 1.2317026121267097e-05
2.007947834664376 1.0820283698264833e-05
2.0205022754362703 9.51151098510171e-06
2.033091375229658 8.341315234430571e-06
2.0457223504519213 7.367495349862117e-06
2.058276346288367 6.55208961608896e-06
2.0708699090952476 5.856885058698293e-06
2.083519949911574 5.128782456444555e-06
2.096097125641408 4.581464494326299e-06
2.10862720608884 4.11431558934446e-06
2.121187091512551 3.617723891923743e-06
2.1338231323869667 3.271393135668703e-06
2.146410287377126 2.8884435753632322e-06
2.1589635630855653 2.6316374291903195e-06
2.171572232546311 2.3741143184710277e-06
2.184206232503581 2.1317347002818146e-06
2.1967582541876474 1.9507360944069477e-06
2.2093298486834145 1.7184549883108966e-06
2.221925909239811 1.5615944926246522e-06
2.234489591332651 1.3761895166911947e-06
2.247040534594888 1.2318314148543897e-06
2.259624100314442 1.0738885948194063e-06
2.27222953149659 9.235336079702051e-07
2.2848348222229298 7.89899796462035e-07
2.2974000386779987 6.658084897975614e-07
2.3099677799709823 5.711451630664302e-07
2.322578483572139 5.02580194614999e-07
2.3351595212304197 4.2789523078572065e-07
2.3476935649900033 3.7911621719931973e-07
2.360343316487162 3.3033783634954166e-07
2.3730332994737697 2.8913096924511843e-07
2.385567863558981 2.599383515558318e-07
2.398060143366863 2.2513748657422595e-07
2.4107789685311087 1.9796273776701127e-07
2.4234531099437757 1.8034181647003617e-07
2.435831195209724 1.5818141930783365e-07
2.4484709440435886 1.4034352269928437e-07
2.4612848053934573 1.27104120752768e-07
2.473794880423975 1.1125288991915778e-07
2.486110768659134 1.0244556792547731e-07
2.4987555116598106 9.380488248443063e-08
2.511584783245333 8.699783731959456e-08
2.5240933241388914 7.926290861246093e-08
2.5365627011107548 7.163605314734485e-08
2.5493077516226483 6.666046132558751e-08
2.561978439831311 6.200292914631659e-08
2.574212755798341 5.907277356736434e-08
2.586731940134884 5.553596780386209e-08
2.5998869040801766 5.0770280492402904e-08
2.6126019917307115 4.7442711730077e-08
2.624168567409617 4.728466048997271e-08
2.636617431092511 4.292188484302486e-08
2.65028784762516 4.080750544950194e-08
2.663341593133421 4.085479723271563e-08
2.674176912131966 3.950710582863378e-08
2.6865492607137385 3.868782041888477e-08
2.70077704510104 3.8306111173538374e-08
2.7145884416410158 3.6177254698922826e-08
2.7248746414473413 3.845861178792448e-08
2.7364378284531115 3.294856093936633e-08
2.7506817507001893 3.20536290692374e-08
2.7647976990558054 3.3224151984688816e-08
2.7766321634107682 1.8976588902277458e-08
2.7856940556078005 1.9293386995201248e-08
