0.01783209187197508 33.83457727126102
0.030213835030787024 26.227483303661757
0.04297487357678422 18.439781428650438
0.05577583798436833 17.430883356917384
0.06882863412500559 15.811777479328233
0.08110696464570512 10.74688284953251
0.0937067455363178 9.328853224565016
0.10636019509318806 7.006721606160969
0.1191264305855798 7.081307296598418
0.13176693543452675 5.853050832039156
0.14419796924510378 5.096376156683143
0.15684580028039358 4.200464789107972
0.16972024869412158 3.6061359575975986
0.18227245710657144 3.326592708696233
0.19477416222977575 3.300743903645338
0.20733408359476724 2.655005480378823
0.21991992144750183 2.3334011181299195
0.23253646283801377 2.1139293774536814
0.24518505143884123 1.9673569141351117
0.25783785074606774 1.8006587718620768
0.270397667377848 1.594311680101141
0.2829104411759611 1.447164910385277
0.2955705379804193 1.3182735924915518
0.3081399642793132 1.200190040772742
0.32072160731469634 1.1394267481225155
0.33341168081967926 1.062089550914138
0.3460758772037984 0.9919142037322283
0.358612857624404 0.8993454667540359
0.3711536269502748 0.864730020452643
0.38366727025124153 0.7802605645518981
0.3963071427257889 0.7399656679565737
0.40893995931531346 0.6695642004968
0.4215634989091988 0.6305230457170689
0.43418079502572204 0.583727017482208
0.4467620576802408 0.5561805348908553
0.45936920285149746 0.5252159087711562
0.47189654828056316 0.4956050753052839
0.4844735038218256 0.4614478936204239
0.49708590060588487 0.4322376361204145
0.5096361353798303 0.4101970683243009
0.5222277017157831 0.38770252767884744
0.5348355227589757 0.36705094699992
0.547492003978863 0.34386972136709865
0.5601365361534097 0.3221903100569328
0.5727270239485912 0.3084344190662342
0.5852520646971244 0.2962811219106138
0.5977898476833514 0.27944251407534654
0.610399607484726 0.2594773688059757
0.623002092426748 0.25009538309444856
0.6356030860286804 0.23747478591003954
0.648230198028247 0.22504856037443108
0.660849546399435 0.21711921489116587
0.6734744173919002 0.20210377199229462
0.6860022567240318 0.19278151907358101
0.6985809637891282 0.18106295327213098
0.7111908491771053 0.1734957922149572
0.723714956594375 0.16725054720681684
0.7363081577644097 0.15614609099829105
0.7489074805118859 0.15077128796745792
0.761531955634142 0.1427587315866539
0.7741323050847929 0.1375981371508147
0.7866754473434153 0.13049566007282648
0.7993235825500573 0.1240196404733279
0.8119084864763928 0.11926094365024209
0.8245003008650996 0.11244138103998425
0.8371030476789447 0.10781062080316715
0.8496433960979598 0.1042988715835432
0.8622716392225005 0.09880298514788283
0.874881414055143 0.09464612912040465
0.8874320306379424 0.08990723241306176
0.8999827699152803 0.08581584870587415
0.9125618598383759 0.08307804292580491
0.9252292314560279 0.0791164826427558
0.9378544149867131 0.07513091988201433
0.9504457821018787 0.07196468428435286
0.9630431388995897 0.06911848521866364
0.9755988646043394 0.06601971358007992
0.9881575396632241 0.06358830247162311
1.0007426245805036 0.060775714510770885
1.013296182820834 0.058054401423498415
1.0258723107356649 0.055140024875426456
1.038536031126189 0.053137050460772474
1.051151951320789 0.05106359709494089
1.0637085884787174 0.0487015440270276
1.0762949902025627 0.04663893978854737
1.0889194251788588 0.04471943648500948
1.1015128135865726 0.04286541182231277
1.1140372123598785 0.041141438131312394
1.1266438572582165 0.03881598636021311
1.1392985127936937 0.03761254773966214
1.151880272522977 0.03608039971736819
1.1644525285109768 0.03447846406580901
1.1770445539533552 0.033037582552510776
1.1896240437944752 0.03200236770044354
1.2022063409730102 0.030524321814809185
1.2147708906645505 0.029185857559173457
1.2273521312637707 0.027746013659163404
1.2399769911738892 0.02683627719161928
1.2525667220095957 0.02540692461108759
1.2651332198084189 0.02449874316258609
1.2777516590554758 0.023451590203926006
1.2903456750126385 0.02255519975987594
1.302934363822146 0.021577118510956624
1.3155376929046947 0.020554912307859014
1.3281174714819197 0.019835504482004926
1.340703861812713 0.01891403069718108
1.3533039956323667 0.01821795660572765
1.3658801979009867 0.01729020075588148
1.3784547377611054 0.016548703306464203
1.3910282284727546 0.015958913345226398
1.4036176088634387 0.015278454064870122
1.4162307266845844 0.014674803370686308
1.4288327238231333 0.013970762703205653
1.4414357605605095 0.013294439830126705
1.454042066298585 0.012761569717652283
1.466629000131031 0.012131712690063358
1.4792232339276126 0.011646481689406001
1.4917979405670945 0.011106905898171588
1.5043420725912247 0.010606730496364644
1.516942729324977 0.010212487880047354
1.529542465347019 0.00974269222725767
1.542129970460585 0.009291226892400107
1.554739552003134 0.008971441632558922
1.567349608720166 0.008544456457788853
1.5799699879730185 0.008164151135898795
1.5925093854124461 0.00776320380746382
1.605051367437987 0.007362502762871615
1.6176486600174493 0.006835402973082684
1.630244500194968 0.006402362324484736
1.642852769411225 0.0060076161063570945
1.6554322216394648 0.005577951541697568
1.668044025585916 0.005204486598344307
1.68067892068905 0.004845001743108692
1.6932331315939055 0.0045409853243949935
1.7057845975195425 0.0042411909332730185
1.7183896309732545 0.003959384238151351
1.7309874185440826 0.00369494504436441
1.7435623448937703 0.003445954837260212
1.7561426634640525 0.0032178962499347483
1.7687458921757948 0.002982977154782972
1.7813334782050356 0.0028043713884744648
1.7938985526958404 0.0025980549705645587
1.806498080681977 0.002433599510346428
1.8190945363690565 0.0022582435086402368
1.831693539710293 0.0020900495067609224
1.8442938066535473 0.0019579884543533916
1.856887679193593 0.0018213067511879614
1.8694996979258094 0.0016941278930473857
1.8820874678435393 0.0015741459713580247
1.8946480071290932 0.0014580926554371469
1.9072244238241323 0.0013559032368831122
1.9197955083167124 0.0012569832050899018
1.9324077190392608 0.0011748093607960456
1.9450267994293646 0.0010850228467351702
1.957590129498701 0.001005412961911007
1.970167723362544 0.0009403381479419533
1.9827403283412872 0.0008737046136177894
1.9953314743596564 0.0008079401848169976
2.0079478346643795 0.0007497610640984335
2.0205022754362734 0.0006960856506920411
2.0330913752296613 0.0006448205545322203
2.045722350451925 0.0005977266926721018
2.0582763462883706 0.0005511726055371318
2.070869909095251 0.0005144599830715814
2.0835199499115777 0.00047480124239345433
2.0960971256414114 0.0004415359083313963
2.1086272060888436 0.000411398703406515
2.121187091512554 0.00037906266938717264
2.1338231323869703 0.0003546914805649064
2.1464102873771296 0.00032694884071559775
2.158963563085569 0.0003041103267482649
2.1715722325463145 0.00028194815464828253
2.1842062325035845 0.00026378234630776144
2.196758254187651 0.0002454410662622932
2.2093298486834185 0.00022816520210018013
2.2219259092398147 0.00021100244197186659
2.2344895913326543 0.00019618147520349697
2.2470405345948916 0.0001816542327804433
2.2596241003144457 0.00016812136974587774
2.272229531496594 0.00015509973479919145
2.2848348222229333 0.00014036643207738258
2.2974000386780022 0.00012872115071435453
2.3099677799709863 0.00011773012238667024
2.322578483572143 0.00010762129668233421
2.3351595212304237 9.863124781357347e-05
2.3476935649900073 8.987631372346693e-05
2.360343316487166 8.317170188874291e-05
2.3730332994737737 7.455958889504926e-05
2.385567863558985 6.952981627745038e-05
2.398060143366867 6.254246829726979e-05
2.4107789685311127 5.7195805938145136e-05
2.4234531099437797 5.2895778355042096e-05
2.435831195209728 4.825534492185542e-05
2.4484709440435926 4.3012854644512225e-05
2.4612848053934613 4.0562593714919475e-05
2.473794880423979 3.7043977106139297e-05
2.486110768659138 3.460368428781637e-05
2.4987555116598146 3.130524914343953e-05
2.511584783245337 2.835089582054833e-05
2.5240933241388954 2.6134395630032283e-05
2.5365627011107588 2.4038247335039124e-05
2.5493077516226523 2.160703656030607e-05
2.5619784398313152 1.9672825483356194e-05
2.5742127557983454 1.902416041718205e-05
2.5867319401348885 1.697448107034113e-05
2.599886904080181 1.548658592383643e-05
2.6126019917307155 1.488150209813226e-05
2.6241685674096216 1.3712538459599193e-05
2.6366174310925152 1.250490576738243e-05
2.6502878476251643 1.2192772052992668e-05
2.6633415931334254 1.0739720717488328e-05
2.6741769121319705 1.1485935086822275e-05
2.686549260713743 1.0329119284967124e-05
2.7007770451010447 9.599741546992154e-06
2.71458844164102 9.26125909689979e-06
2.7248746414473457 9.083601287445996e-06
2.736437828453116 8.779361978637204e-06
2.7506817507001937 9.161384640306687e-06
2.7647976990558103 9.31366372846892e-06
2.7766321634107727 8.586441960553113e-06
2.785694055607805 3.959365072139931e-06
