0.01783209187197505 33.33461494311591
0.03021383503078697 26.02220096775808
0.04297487357678415 18.455994122292047
0.055775837984368234 17.455953703568216
0.06882863412500548 15.803093349299244
0.08110696464570498 10.829449229403261
0.09370674553631765 9.310729757002095
0.10636019509318788 7.042772602031373
0.1191264305855796 7.018540795208922
0.13176693543452653 5.817575985217182
0.14419796924510356 5.119577398938402
0.15684580028039333 4.173844944564037
0.1697202486941213 3.5419651937287453
0.18227245710657114 3.2449038509277455
0.19477416222977542 3.2359462018276512
0.2073340835947669 2.6268713047305994
0.21991992144750147 2.2900653099554895
0.23253646283801338 2.0827648656891036
0.2451850514388408 1.8996872557055282
0.2578378507460673 1.7489593438974922
0.27039766737784754 1.557661712370836
0.2829104411759606 1.4041042443823621
0.2955705379804188 1.2704849065603618
0.30813996427931273 1.1348295459302156
0.3207216073146958 1.0838341134988623
0.3334116808196787 1.0109794899920646
0.34607587720379784 0.9348791346847104
0.3586128576244034 0.8545689920933202
0.3711536269502742 0.8040662451823324
0.3836672702512409 0.7272450279749928
0.3963071427257882 0.6839656952696345
0.4089399593153128 0.6255713192480216
0.4215634989091981 0.5820500440904202
0.4341807950257213 0.5307508064191565
0.44676205768024 0.5115884632213458
0.45936920285149674 0.4758965411546763
0.4718965482805624 0.4427509266334594
0.48447350382182475 0.4104319804041884
0.49708590060588403 0.3826590778116201
0.5096361353798295 0.3598250503656281
0.5222277017157823 0.3372826330838809
0.5348355227589748 0.3162453339936515
0.5474920039788621 0.2957127580499622
0.5601365361534087 0.2746230775450983
0.5727270239485902 0.25955876011871565
0.5852520646971234 0.24840035839510957
0.5977898476833504 0.23411534477389115
0.610399607484725 0.2146678209360094
0.623002092426747 0.20576423942536487
0.6356030860286793 0.19318202999952014
0.6482301980282459 0.18175809820800737
0.6608495463994339 0.17374777811563427
0.6734744173918991 0.15933955340247424
0.6860022567240306 0.15108413756383182
0.6985809637891269 0.14082934722826432
0.7111908491771041 0.1331261632017674
0.7237149565943738 0.12681047646584598
0.7363081577644085 0.1179724960234181
0.7489074805118847 0.11200476438541908
0.7615319556341408 0.10554241173267613
0.7741323050847916 0.09975410255160312
0.786675447343414 0.09338706568534016
0.7993235825500561 0.08790046248299183
0.8119084864763915 0.08390412032439096
0.8245003008650983 0.07843363262490945
0.8371030476789433 0.07435240421027652
0.8496433960979584 0.07070797375959643
0.862271639222499 0.06606123109927216
0.8748814140551415 0.06253023488391675
0.887432030637941 0.058690936202098073
0.8999827699152788 0.05521976965599562
0.9125618598383743 0.052519674759226385
0.9252292314560263 0.04935032234983453
0.9378544149867115 0.046409957929543715
0.9504457821018771 0.04342140244893055
0.9630431388995881 0.041248054044771096
0.9755988646043379 0.03889284116417743
0.9881575396632225 0.03674891754114642
1.0007426245805018 0.03482185078751112
1.0132961828208324 0.03273367574693667
1.025872310735663 0.030588075343078034
1.0385360311261873 0.028960708027050922
1.0511519513207872 0.027458251072001075
1.0637085884787156 0.02561757383415811
1.076294990202561 0.024322130564986475
1.088919425178857 0.022731830731178154
1.1015128135865706 0.021452321552541436
1.1140372123598765 0.020306105980742954
1.1266438572582145 0.01889595254882098
1.1392985127936917 0.01787161574247398
1.151880272522975 0.016775661615859444
1.164452528510975 0.015794754984764695
1.1770445539533532 0.01484926785010128
1.1896240437944732 0.014075125853882608
1.2022063409730082 0.013183083420208125
1.2147708906645485 0.012377921513351276
1.2273521312637687 0.011541545666672938
1.2399769911738872 0.010933390878434401
1.2525667220095937 0.010147889590149105
1.2651332198084169 0.009555987205772718
1.2777516590554738 0.008970209932740962
1.2903456750126363 0.00844167615014807
1.3029343638221438 0.007916002498918865
1.3155376929046927 0.007346807452756992
1.3281174714819175 0.006934407339909294
1.3407038618127107 0.006482649075617846
1.3533039956323645 0.006079609568919875
1.3658801979009842 0.005662924690494548
1.3784547377611032 0.005291712157414362
1.3910282284727524 0.004970466961330687
1.4036176088634365 0.004659412720603187
1.416230726684582 0.0043556448760499284
1.4288327238231309 0.004046479870622728
1.441435760560507 0.0037722305849383618
1.4540420662985825 0.0035138709394821298
1.4666290001310285 0.003260943774863836
1.4792232339276101 0.003053471719312507
1.491797940567092 0.0028369019173422943
1.5043420725912222 0.002636758917988175
1.5169427293249744 0.0024705935324020657
1.5295424653470167 0.0022965588869281964
1.5421299704605824 0.002120174691578709
1.5547395520031315 0.002002314358025376
1.5673496087201635 0.001848022704421467
1.579969987973016 0.0017231255445028116
1.5925093854124435 0.0015878162452171189
1.6050513674379843 0.0014642528143477735
1.6176486600174467 0.001317476972122584
1.6302445001949653 0.0011952125175733927
1.6428527694112223 0.0010850612296057218
1.6554322216394621 0.0009758028059237669
1.6680440255859132 0.000882378706018504
1.6806789206890473 0.0007907245022172084
1.6932331315939029 0.000718033712232356
1.7057845975195398 0.0006488680548995213
1.7183896309732518 0.0005854240495097459
1.7309874185440797 0.0005278990040145789
1.7435623448937674 0.00047487893435550516
1.7561426634640496 0.0004275352167642973
1.768745892175792 0.00038413834725972484
1.7813334782050327 0.0003467904030708175
1.7938985526958373 0.00031215156644078576
1.8064980806819741 0.00028067006929918814
1.8190945363690536 0.00025154655383365706
1.8316935397102898 0.00022453670606087156
1.8442938066535441 0.00020275587039971044
1.85688767919359 0.00018161993277680805
1.8694996979258063 0.00016271331383215814
1.8820874678435362 0.00014620932128082048
1.89464800712909 0.00013037191789624423
1.9072244238241292 0.00011700965469572042
1.9197955083167093 0.00010480147442230305
1.9324077190392577 9.382968354990537e-05
1.9450267994293615 8.392565394820308e-05
1.9575901294986977 7.510335935201615e-05
1.9701677233625408 6.733432124993971e-05
1.9827403283412839 6.035807246764231e-05
1.995331474359653 5.397697948929433e-05
2.007947834664376 4.8327798530127445e-05
2.0205022754362703 4.31646400402884e-05
2.033091375229658 3.854691952356802e-05
2.0457223504519213 3.454555932336472e-05
2.058276346288367 3.108762066275992e-05
2.0708699090952476 2.8130511696265553e-05
2.083519949911574 2.500378177172102e-05
2.096097125641408 2.257915008474084e-05
2.10862720608884 2.0474460469828358e-05
2.121187091512551 1.8187106143100044e-05
2.1338231323869667 1.6527930450503777e-05
2.146410287377126 1.4754358896230578e-05
2.1589635630855653 1.349858301647447e-05
2.171572232546311 1.21934749976172e-05
2.184206232503581 1.1094697853589993e-05
2.1967582541876474 1.015367369624117e-05
2.2093298486834145 9.09711147182844e-06
2.221925909239811 8.274887143751353e-06
2.234489591332651 7.367198891772179e-06
2.247040534594888 6.627828235380068e-06
2.259624100314442 5.873673253701414e-06
2.27222953149659 5.184700708202427e-06
2.2848348222229298 4.502580857220351e-06
2.2974000386779987 3.859484689362685e-06
2.3099677799709823 3.372172021816581e-06
2.322578483572139 2.974257990294097e-06
2.3351595212304197 2.57844891186471e-06
2.3476935649900033 2.2826045599252138e-06
2.360343316487162 2.017435024883821e-06
2.3730332994737697 1.7366349187571186e-06
2.385567863558981 1.5785561002516247e-06
2.398060143366863 1.3490250033438194e-06
2.4107789685311087 1.1795052644885126e-06
2.4234531099437757 1.0730164943444411e-06
2.435831195209724 9.38557027518826e-07
2.4484709440435886 8.240513841959459e-07
2.4612848053934573 7.395033323233827e-07
2.473794880423975 6.354831982159385e-07
2.486110768659134 5.837234319307983e-07
2.4987555116598106 5.24434717507728e-07
2.511584783245333 4.733040175048703e-07
2.5240933241388914 4.279088527094564e-07
2.5365627011107548 3.803162066222498e-07
2.5493077516226483 3.438209094394228e-07
2.561978439831311 3.1687664455713033e-07
2.574212755798341 3.025657962434523e-07
2.586731940134884 2.697524409879618e-07
2.5998869040801766 2.517464246937406e-07
2.6126019917307115 2.3893299727214406e-07
2.624168567409617 2.2635437106847463e-07
2.636617431092511 2.053228690741296e-07
2.65028784762516 1.9957807690381997e-07
2.663341593133421 1.922389348152757e-07
2.674176912131966 1.9886181165699256e-07
2.6865492607137385 1.895467225269519e-07
2.70077704510104 1.829337973445734e-07
2.7145884416410158 1.6650994676232205e-07
2.7248746414473413 1.7613080628759928e-07
2.7364378284531115 1.5375636757682642e-07
2.7506817507001893 1.4454893930924487e-07
2.7647976990558054 1.747365239927908e-07
2.7766321634107682 1.977709072909826e-07
2.7856940556078005 4.203918108805035e-08
