0.01783209187197508 33.764296424276736
0.030213835030787024 26.182945999075848
0.04297487357678422 18.482522661098823
0.05577583798436833 17.47720761967994
0.06882863412500559 15.817321960907586
0.08110696464570512 10.788865276017921
0.0937067455363178 9.282343785969218
0.10636019509318806 7.014601190536062
0.1191264305855798 7.0239205816369354
0.13176693543452675 5.808756761753912
0.14419796924510378 5.083217387564198
0.15684580028039358 4.15049457310834
0.16972024869412158 3.5352492445443597
0.18227245710657144 3.2464848822054946
0.19477416222977575 3.229218017897738
0.20733408359476724 2.6078463246634573
0.21991992144750183 2.2757793769936216
0.23253646283801377 2.0712212102567706
0.24518505143884123 1.9017386737081226
0.25783785074606774 1.7469126169516782
0.270397667377848 1.5519632694476218
0.2829104411759611 1.4027640110069735
0.2955705379804193 1.2743536693561954
0.3081399642793132 1.144817739752921
0.32072160731469634 1.094394887966607
0.33341168081967926 1.0211676429640262
0.3460758772037984 0.9483404433737074
0.358612857624404 0.86749465830236
0.3711536269502748 0.8237368584413474
0.38366727025124153 0.746049670619561
0.3963071427257889 0.7046897145164626
0.40893995931531346 0.6447796798079378
0.4215634989091988 0.6039874980791253
0.43418079502572204 0.5545016447915935
0.4467620576802408 0.5353632621738827
0.45936920285149746 0.5015127706742846
0.47189654828056316 0.4700537499845849
0.4844735038218256 0.4375161191378755
0.49708590060588487 0.410314058862998
0.5096361353798303 0.38870838329373436
0.5222277017157831 0.36642850530499693
0.5348355227589757 0.3462263136896931
0.547492003978863 0.3251973348741091
0.5601365361534097 0.304258510597945
0.5727270239485912 0.28998222225336057
0.5852520646971244 0.27933429933287773
0.5977898476833514 0.26479783707184784
0.610399607484726 0.24482893806054984
0.623002092426748 0.23652533564013611
0.6356030860286804 0.22400793991597392
0.648230198028247 0.21242350713859134
0.660849546399435 0.20496252448440164
0.6734744173919002 0.18964759929800634
0.6860022567240318 0.18140591339006495
0.6985809637891282 0.1705519229653342
0.7111908491771053 0.16284327475724614
0.723714956594375 0.15679878318287663
0.7363081577644097 0.14700807339257246
0.7489074805118859 0.14132884408359517
0.761531955634142 0.13434472426306565
0.7741323050847929 0.12858447276274018
0.7866754473434153 0.12170875803611349
0.7993235825500573 0.11575749050743182
0.8119084864763928 0.11169110240247339
0.8245003008650996 0.10552245843979459
0.8371030476789447 0.10121909606294521
0.8496433960979598 0.09754232271777129
0.8622716392225005 0.09229782074414578
0.874881414055143 0.08842693373590269
0.8874320306379424 0.08405346344834423
0.8999827699152803 0.08012954784361895
0.9125618598383759 0.07732254735962249
0.9252292314560279 0.07362715168997329
0.9378544149867131 0.07012576617373562
0.9504457821018787 0.0666570007933796
0.9630431388995897 0.06419881719418262
0.9755988646043394 0.06137018745310016
0.9881575396632241 0.058922981326219454
1.0007426245805036 0.05658488758452054
1.013296182820834 0.054004247604990695
1.0258723107356649 0.05125513141854922
1.038536031126189 0.04932393398635219
1.051151951320789 0.04748918217690657
1.0637085884787174 0.04508814935700201
1.0762949902025627 0.04342519695173501
1.0889194251788588 0.04136454960414058
1.1015128135865726 0.03969153485953516
1.1140372123598785 0.03818425446366365
1.1266438572582165 0.03611056453139713
1.1392985127936937 0.03483134226016402
1.151880272522977 0.03332191014344821
1.1644525285109768 0.031922142162522156
1.1770445539533552 0.030570448683894382
1.1896240437944752 0.0295513058341926
1.2022063409730102 0.028197331790927496
1.2147708906645505 0.02698259655906523
1.2273521312637707 0.025653130002869895
1.2399769911738892 0.02480139166236263
1.2525667220095957 0.02347847489835373
1.2651332198084189 0.02259048456580021
1.2777516590554758 0.021636518512343824
1.2903456750126385 0.020803815592522493
1.302934363822146 0.019916741390356436
1.3155376929046947 0.018903693613623172
1.3281174714819197 0.0182445450837136
1.340703861812713 0.017423439641764158
1.3533039956323667 0.016724221203104347
1.3658801979009867 0.015919135851563442
1.3784547377611054 0.015226004057284229
1.3910282284727546 0.014648494818837926
1.4036176088634387 0.014052069013546855
1.4162307266845844 0.013464656103240375
1.4288327238231333 0.012812569015484448
1.4414357605605095 0.012227742142769444
1.454042066298585 0.011692045013837788
1.466629000131031 0.011120382268122815
1.4792232339276126 0.010678452722618092
1.4917979405670945 0.010178463564286918
1.5043420725912247 0.00970900816511615
1.516942729324977 0.009348815719599056
1.529542465347019 0.008922342897864182
1.542129970460585 0.008468534124940258
1.554739552003134 0.008215239030521938
1.567349608720166 0.007799363680615113
1.5799699879730185 0.007473787455525703
1.5925093854124461 0.007087113041926864
1.605051367437987 0.006726219130270757
1.6176486600174493 0.00623227573776066
1.630244500194968 0.00582521663833125
1.642852769411225 0.005449299768874318
1.6554322216394648 0.005049716733814932
1.668044025585916 0.004706718015052049
1.68067892068905 0.004354348287029148
1.6932331315939055 0.004076707684344528
1.7057845975195425 0.0038012454297164005
1.7183896309732545 0.0035386879865763605
1.7309874185440826 0.0032942892133748006
1.7435623448937703 0.0030595073355216417
1.7561426634640525 0.0028477728695888035
1.7687458921757948 0.002639495379781104
1.7813334782050356 0.002464146325869486
1.7938985526958404 0.002289298954176537
1.806498080681977 0.002129696827190344
1.8190945363690565 0.0019724148892366266
1.831693539710293 0.0018214828267774546
1.8442938066535473 0.0016997575203949859
1.856887679193593 0.0015752453117909464
1.8694996979258094 0.00146038374639428
1.8820874678435393 0.0013546321851914927
1.8946480071290932 0.0012507945887139916
1.9072244238241323 0.0011606116064098492
1.9197955083167124 0.0010739441468355507
1.9324077190392608 0.0009973902622960747
1.9450267994293646 0.0009204082807690214
1.957590129498701 0.0008509380670393791
1.970167723362544 0.0007900234696904323
1.9827403283412872 0.0007312133370639979
1.9953314743596564 0.0006748179074501645
2.0079478346643795 0.0006244838192265512
2.0205022754362734 0.0005757472102079968
2.0330913752296613 0.0005312540423596411
2.045722350451925 0.000490753932407353
2.0582763462883706 0.000453073710189305
2.070869909095251 0.00042165742758967073
2.0835199499115777 0.0003870775795666682
2.0960971256414114 0.0003591119122962442
2.1086272060888436 0.00033397227184640214
2.121187091512554 0.000305430946577854
2.1338231323869703 0.00028474803499694553
2.1464102873771296 0.0002616897618103728
2.158963563085569 0.0002436801932893359
2.1715722325463145 0.00022486142092388733
2.1842062325035845 0.00021055375237427103
2.196758254187651 0.0001960490906358824
2.2093298486834185 0.00018168421831066682
2.2219259092398147 0.00016852810437808214
2.2344895913326543 0.00015539224361951556
2.2470405345948916 0.00014332473948666105
2.2596241003144457 0.0001325954989662004
2.272229531496594 0.0001218722826837278
2.2848348222229333 0.00011035821255910307
2.2974000386780022 9.999093825956906e-05
2.3099677799709863 9.118911026835927e-05
2.322578483572143 8.318732610295562e-05
2.3351595212304237 7.573167204644896e-05
2.3476935649900073 6.886578512817405e-05
2.360343316487166 6.388933203901038e-05
2.3730332994737737 5.6878250373046155e-05
2.385567863558985 5.318923620075449e-05
2.398060143366867 4.70320227794248e-05
2.4107789685311127 4.273232762296329e-05
2.4234531099437797 3.9694415708299296e-05
2.435831195209728 3.614994946406013e-05
2.4484709440435926 3.235641031115597e-05
2.4612848053934613 3.0125842313859656e-05
2.473794880423979 2.687822915436257e-05
2.486110768659138 2.5104684055721124e-05
2.4987555116598146 2.2834358707126816e-05
2.511584783245337 2.0568750366567923e-05
2.5240933241388954 1.9054309600117035e-05
2.5365627011107588 1.726311139147158e-05
2.5493077516226523 1.5569489546966966e-05
2.5619784398313152 1.4243674534342965e-05
2.5742127557983454 1.3661507558813726e-05
2.5867319401348885 1.2030065853256564e-05
2.599886904080181 1.1102320234093606e-05
2.6126019917307155 1.0833788678782041e-05
2.6241685674096216 9.793380368780112e-06
2.6366174310925152 8.92134282284892e-06
2.6502878476251643 8.7266221813245e-06
2.6633415931334254 7.709874278324958e-06
2.6741769121319705 8.422375445051486e-06
2.686549260713743 7.743207560091136e-06
2.7007770451010447 6.874411671863213e-06
2.71458844164102 6.668089345915421e-06
2.7248746414473457 6.866746100998804e-06
2.736437828453116 6.480698129715104e-06
2.7506817507001937 7.20681887655685e-06
2.7647976990558103 7.692016106596493e-06
2.7766321634107727 9.562868107886885e-06
2.785694055607805 3.2483026146305833e-06
