0.01783209187197505 33.35529516572614
0.03021383503078697 25.972390581168035
0.04297487357678415 18.293448856809697
0.055775837984368234 17.207270348571782
0.06882863412500548 15.5178689284988
0.08110696464570498 10.544430398091245
0.09370674553631765 9.057939525660133
0.10636019509318788 6.7748088140590905
0.1191264305855796 6.759749879278167
0.13176693543452653 5.5740779744679365
0.14419796924510356 4.862566606069207
0.15684580028039333 3.9643280382419324
0.1697202486941213 3.3591755978270665
0.18227245710657114 3.072160628183333
0.19477416222977542 3.0492895964970415
0.2073340835947669 2.4564057967181556
0.21991992144750147 2.140186192777246
0.23253646283801338 1.9331559498403683
0.2451850514388408 1.7751013890704967
0.2578378507460673 1.6254557789875201
0.27039766737784754 1.4411729004236955
0.2829104411759606 1.3018352289154955
0.2955705379804188 1.1790187910900047
0.30813996427931273 1.0594287423777957
0.3207216073146958 1.0095996055601015
0.3334116808196787 0.9408330367585866
0.34607587720379784 0.8740995989526197
0.3586128576244034 0.7951583482497658
0.3711536269502742 0.7567191299695735
0.3836672702512409 0.6831572465006834
0.3963071427257882 0.6455175744772558
0.4089399593153128 0.5878439388194426
0.4215634989091981 0.5508491473846032
0.4341807950257213 0.5060099176222405
0.44676205768024 0.48591745345419884
0.45936920285149674 0.45592319550966
0.4718965482805624 0.42797246631132435
0.48447350382182475 0.39761922714993053
0.49708590060588403 0.37230337944206904
0.5096361353798295 0.35262579014353307
0.5222277017157823 0.33219010409092253
0.5348355227589748 0.3139566490130105
0.5474920039788621 0.2941475416601676
0.5601365361534087 0.27505546813740095
0.5727270239485902 0.26227172860700265
0.5852520646971234 0.2522004643446102
0.5977898476833504 0.2384669559268766
0.610399607484725 0.22054806929597662
0.623002092426747 0.2127887649485148
0.6356030860286793 0.20149877737279487
0.6482301980282459 0.19085381166747764
0.6608495463994339 0.18407988008457535
0.6734744173918991 0.17037713688412914
0.6860022567240306 0.1627518932600045
0.6985809637891269 0.15281863892411238
0.7111908491771041 0.14593142275315785
0.7237149565943738 0.1405262574101645
0.7363081577644085 0.13141549162019217
0.7489074805118847 0.12649938913276504
0.7615319556341408 0.11998903935748109
0.7741323050847916 0.11502414555553504
0.786675447343414 0.10883930752688278
0.7993235825500561 0.10340189728440562
0.8119084864763915 0.0996235631743438
0.8245003008650983 0.09397620618997891
0.8371030476789433 0.09008761078781877
0.8496433960979584 0.08687635807155111
0.862271639222499 0.08219182479122797
0.8748814140551415 0.07867949487705589
0.887432030637941 0.0747343169596814
0.8999827699152788 0.0712281795835376
0.9125618598383743 0.06877950355186063
0.9252292314560263 0.06544513311240073
0.9378544149867115 0.0622342265482161
0.9504457821018771 0.05925791376227505
0.9630431388995881 0.05700976554704494
0.9755988646043379 0.05443784944003786
0.9881575396632225 0.052307130369714176
1.0007426245805018 0.050121033635757324
1.0132961828208324 0.04782348625854021
1.025872310735663 0.04537414011902811
1.0385360311261873 0.043664026214179905
1.0511519513207872 0.041994242006720556
1.0637085884787156 0.0399129911628132
1.076294990202561 0.03834231485036647
1.088919425178857 0.0365909861110826
1.1015128135865706 0.03508049510729699
1.1140372123598765 0.03370303151801955
1.1266438572582145 0.031823273287180945
1.1392985127936917 0.030737795983848612
1.151880272522975 0.029422922650335914
1.164452528510975 0.028148991141307735
1.1770445539533532 0.02694486615322334
1.1896240437944732 0.02605883356231415
1.2022063409730082 0.02484873067250536
1.2147708906645485 0.02376157870301457
1.2273521312637687 0.02257939623903427
1.2399769911738872 0.021825717964574443
1.2525667220095937 0.020651512977359947
1.2651332198084169 0.01987999424596994
1.2777516590554738 0.019027695474357672
1.2903456750126363 0.01829233235822955
1.3029343638221438 0.01749927482348086
1.3155376929046927 0.016621241625696316
1.3281174714819175 0.016039104412958433
1.3407038618127107 0.015301333755795366
1.3533039956323645 0.014699589094623726
1.3658801979009842 0.013971916737056615
1.3784547377611032 0.01336168980625284
1.3910282284727524 0.012861654074140002
1.4036176088634365 0.01232624352979429
1.416230726684582 0.011816072950227194
1.4288327238231309 0.011241592283645279
1.441435760560507 0.010712203862359776
1.4540420662985825 0.010253480045964209
1.4666290001310285 0.009747237755609577
1.4792232339276101 0.009355616335880675
1.491797940567092 0.008915570523103463
1.5043420725912222 0.008504772847801417
1.5169427293249744 0.008189184825605399
1.5295424653470167 0.007811211924468966
1.5421299704605824 0.007421822778256858
1.5547395520031315 0.007189711984370095
1.5673496087201635 0.006830587458116882
1.579969987973016 0.006538069134990757
1.5925093854124435 0.006203137150260167
1.6050513674379843 0.005884633208339655
1.6176486600174467 0.005453638639617331
1.6302445001949653 0.005099630606355037
1.6428527694112223 0.004772768812435239
1.6554322216394621 0.004422691738648651
1.6680440255859132 0.004121753679636137
1.6806789206890473 0.003818648418419965
1.6932331315939029 0.0035748081147397833
1.7057845975195398 0.0033328065173875627
1.7183896309732518 0.003104216330719168
1.7309874185440797 0.002890475437398036
1.7435623448937674 0.0026863011871137658
1.7561426634640496 0.0025019254675092395
1.768745892175792 0.002317109685483467
1.7813334782050327 0.002166896584414563
1.7938985526958373 0.0020096116048162046
1.8064980806819741 0.0018727355859688318
1.8190945363690536 0.0017343512921419435
1.8316935397102898 0.0016011434294731974
1.8442938066535441 0.001495291077072382
1.85688767919359 0.0013862358269615162
1.8694996979258063 0.0012854746457387834
1.8820874678435362 0.0011916516487670353
1.89464800712909 0.0011005715014103896
1.9072244238241292 0.001020712961378198
1.9197955083167093 0.0009442709310595377
1.9324077190392577 0.0008781071211451993
1.9450267994293615 0.0008095327670659866
1.9575901294986977 0.0007481063138867011
1.9701677233625408 0.0006955474435722604
1.9827403283412839 0.0006437199777933072
1.995331474359653 0.0005936166117234998
2.007947834664376 0.0005491437584679485
2.0205022754362703 0.0005066218967955711
2.033091375229658 0.00046744947440953535
2.0457223504519213 0.0004316005165364445
2.058276346288367 0.00039756921146578457
2.0708699090952476 0.00036963202112813326
2.083519949911574 0.0003393534497380403
2.096097125641408 0.00031457031712664446
2.10862720608884 0.0002921113471384281
2.121187091512551 0.00026739981762079104
2.1338231323869667 0.0002490323583885273
2.146410287377126 0.00022871190976715924
2.1589635630855653 0.00021227023302713158
2.171572232546311 0.00019572508451295984
2.184206232503581 0.00018288188486586954
2.1967582541876474 0.00016986382947684005
2.2093298486834145 0.00015726816407313237
2.221925909239811 0.00014530559018617205
2.234489591332651 0.00013420409268654365
2.247040534594888 0.0001236929615841488
2.259624100314442 0.00011439559902003508
2.27222953149659 0.00010514162823551546
2.2848348222229298 9.506740995181279e-05
2.2974000386779987 8.648660968920647e-05
2.3099677799709823 7.892267369639644e-05
2.322578483572139 7.188708938986783e-05
2.3351595212304197 6.558549229282147e-05
2.3476935649900033 5.955113728097454e-05
2.360343316487162 5.516940340573053e-05
2.3730332994737697 4.909608416786874e-05
2.385567863558981 4.583243630601711e-05
2.398060143366863 4.0636325715882856e-05
2.4107789685311087 3.690947368167053e-05
2.4234531099437757 3.417589752096999e-05
2.435831195209724 3.110657399443022e-05
2.4484709440435886 2.7684485557976152e-05
2.4612848053934573 2.584124246587397e-05
2.473794880423975 2.315258933514989e-05
2.486110768659134 2.1605089604225045e-05
2.4987555116598106 1.955014885188232e-05
2.511584783245333 1.7541896874981346e-05
2.5240933241388914 1.619513413768076e-05
2.5365627011107548 1.4680650961254422e-05
2.5493077516226483 1.3164869673667236e-05
2.561978439831311 1.1970424510035289e-05
2.574212755798341 1.150986010217711e-05
2.586731940134884 1.012033232568549e-05
2.5998869040801766 9.234978700669293e-06
2.6126019917307115 8.975706706725105e-06
2.624168567409617 8.097519627148727e-06
2.636617431092511 7.309602336045018e-06
2.65028784762516 7.1289459960703554e-06
2.663341593133421 6.246699858341883e-06
2.674176912131966 6.77095526115054e-06
2.6865492607137385 6.128801042501436e-06
2.70077704510104 5.472228153012208e-06
2.7145884416410158 5.299411337158814e-06
2.7248746414473413 5.381831052922304e-06
2.7364378284531115 5.046178499682349e-06
2.7506817507001893 5.572567158444014e-06
2.7647976990558054 5.823398289100797e-06
2.7766321634107682 6.4839606745292825e-06
2.7856940556078005 2.167201187845266e-06
