0.01783209187197505 33.42143371899543
0.03021383503078697 26.067640198839158
0.04297487357678415 18.37585175910459
0.055775837984368234 17.352803250499562
0.06882863412500548 15.73436019861434
0.08110696464570498 10.70772601811399
0.09370674553631765 9.288462034283334
0.10636019509318788 6.9402462564642615
0.1191264305855796 6.973907847337193
0.13176693543452653 5.747013162418304
0.14419796924510356 4.992953673872359
0.15684580028039333 4.090206391180157
0.1697202486941213 3.475421856131764
0.18227245710657114 3.1750515835126065
0.19477416222977542 3.1297074381025167
0.2073340835947669 2.4995970937655034
0.21991992144750147 2.172792847555679
0.23253646283801338 1.939737934996442
0.2451850514388408 1.7800056464457925
0.2578378507460673 1.610130070467965
0.27039766737784754 1.4080956512547618
0.2829104411759606 1.258161311129403
0.2955705379804188 1.124684420461311
0.30813996427931273 1.0051591759904925
0.3207216073146958 0.9378870066113426
0.3334116808196787 0.8586021285261543
0.34607587720379784 0.7851911446523405
0.3586128576244034 0.6958718946794336
0.3711536269502742 0.6536629348465772
0.3836672702512409 0.5763841908362439
0.3963071427257882 0.5338118456486126
0.4089399593153128 0.4706198909435771
0.4215634989091981 0.43106525634992005
0.4341807950257213 0.38783329013990336
0.44676205768024 0.35898270798751536
0.45936920285149674 0.3292248453805069
0.4718965482805624 0.3012509617799476
0.48447350382182475 0.27153551621771915
0.49708590060588403 0.24590299923192058
0.5096361353798295 0.225457160907296
0.5222277017157823 0.20576314453393513
0.5348355227589748 0.18786773577335153
0.5474920039788621 0.16943523828669346
0.5601365361534087 0.15263529749086827
0.5727270239485902 0.14046753613173832
0.5852520646971234 0.12952996029349476
0.5977898476833504 0.11711951822851824
0.610399607484725 0.10415693698596988
0.623002092426747 0.09600895071055197
0.6356030860286793 0.08708294758812585
0.6482301980282459 0.07877665881828305
0.6608495463994339 0.07244011492927327
0.6734744173918991 0.06422595321700969
0.6860022567240306 0.05822766379376461
0.6985809637891269 0.05195170723587911
0.7111908491771041 0.047225073259212394
0.7237149565943738 0.043163449945170025
0.7363081577644085 0.038124519494519504
0.7489074805118847 0.03480015542102667
0.7615319556341408 0.03108822686358152
0.7741323050847916 0.028247880791237207
0.786675447343414 0.025225234435640773
0.7993235825500561 0.022536482043555656
0.8119084864763915 0.020350412674399965
0.8245003008650983 0.01798554660208874
0.8371030476789433 0.016142420895684705
0.8496433960979584 0.014610100494904452
0.862271639222499 0.012910987771067781
0.8748814140551415 0.011535511016648254
0.887432030637941 0.010198922317451545
0.8999827699152788 0.009051373497722353
0.9125618598383743 0.008124197089511011
0.9252292314560263 0.007163962778740522
0.9378544149867115 0.006288901491976139
0.9504457821018771 0.0055615732186290725
0.9630431388995881 0.004920219584623278
0.9755988646043379 0.004324171539718845
0.9881575396632225 0.00382386248126279
1.0007426245805018 0.003344195286701276
1.0132961828208324 0.002922402822029109
1.025872310735663 0.002531517648951527
1.0385360311261873 0.0022179535981792678
1.0511519513207872 0.0019351805341439926
1.0637085884787156 0.0016722677265231809
1.076294990202561 0.001447168808562566
1.088919425178857 0.0012490216163223804
1.1015128135865706 0.0010753416699427636
1.1140372123598765 0.0009242555738505736
1.1266438572582145 0.0007789051543144733
1.1392985127936917 0.0006714824081303348
1.151880272522975 0.000571624730888485
1.164452528510975 0.0004817202168302841
1.1770445539533532 0.0004058338914386848
1.1896240437944732 0.00034444223956259836
1.2022063409730082 0.00028630472588050694
1.2147708906645485 0.00023752611225787485
1.2273521312637687 0.00019480089932122322
1.2399769911738872 0.00016116044559127374
1.2525667220095937 0.00013004675733239524
1.2651332198084169 0.00010579122360154982
1.2777516590554738 8.485110199622248e-05
1.2903456750126363 6.776649107106192e-05
1.3029343638221438 5.330502239607745e-05
1.3155376929046927 4.145488252226947e-05
1.3281174714819175 3.1996604870231264e-05
1.3407038618127107 2.4172767717970418e-05
1.3533039956323645 1.821730847215751e-05
1.3658801979009842 1.3246607233832788e-05
1.3784547377611032 9.612269842870603e-06
1.3910282284727524 6.897283182657133e-06
1.4036176088634365 4.867230400826869e-06
1.416230726684582 3.5117164489138708e-06
1.4288327238231309 2.5916400625170096e-06
1.441435760560507 2.0903418212414164e-06
1.4540420662985825 1.855952716452344e-06
1.4666290001310285 1.898403889025437e-06
1.4792232339276101 2.0842587507079232e-06
1.491797940567092 2.3914440802399465e-06
1.5043420725912222 2.7730666652143153e-06
1.5169427293249744 3.227069422394376e-06
1.5295424653470167 3.68474478696371e-06
1.5421299704605824 4.081982037599164e-06
1.5547395520031315 4.565551746965552e-06
1.5673496087201635 4.921369369892481e-06
1.579969987973016 5.2704321628119175e-06
1.5925093854124435 5.570482339763144e-06
1.6050513674379843 5.791687109611883e-06
1.6176486600174467 5.809122252299975e-06
1.6302445001949653 5.809851641009478e-06
1.6428527694112223 5.772009608808413e-06
1.6554322216394621 5.6510594431240305e-06
1.6680440255859132 5.53918268611025e-06
1.6806789206890473 5.382023584153586e-06
1.6932331315939029 5.204354800679622e-06
1.7057845975195398 4.980066539327487e-06
1.7183896309732518 4.746096366878402e-06
1.7309874185440797 4.521695298236838e-06
1.7435623448937674 4.269313993001859e-06
1.7561426634640496 4.0338470396892285e-06
1.768745892175792 3.755536468441157e-06
1.7813334782050327 3.5246304773000576e-06
1.7938985526958373 3.261477084572948e-06
1.8064980806819741 3.0318719090825702e-06
1.8190945363690536 2.787628126475993e-06
1.8316935397102898 2.558557474784705e-06
1.8442938066535441 2.3566676479493718e-06
1.85688767919359 2.1561335980143217e-06
1.8694996979258063 1.961224376936297e-06
1.8820874678435362 1.780884406149146e-06
1.89464800712909 1.6049167357048702e-06
1.9072244238241292 1.4467780000928514e-06
1.9197955083167093 1.3016915515807922e-06
1.9324077190392577 1.1810301662603893e-06
1.9450267994293615 1.0527195636078173e-06
1.9575901294986977 9.366948366558496e-07
1.9701677233625408 8.413229507406454e-07
1.9827403283412839 7.483679513200261e-07
1.995331474359653 6.637405862116576e-07
2.007947834664376 5.885185240366113e-07
2.0205022754362703 5.204682554843598e-07
2.033091375229658 4.5816782928397096e-07
2.0457223504519213 4.024737883487971e-07
2.058276346288367 3.5181831814262174e-07
2.0708699090952476 3.1110090884607324e-07
2.083519949911574 2.718922069709524e-07
2.096097125641408 2.389432318968744e-07
2.10862720608884 2.0987465325076323e-07
2.121187091512551 1.821931799380635e-07
2.1338231323869667 1.598832219429863e-07
2.146410287377126 1.38494034821121e-07
2.1589635630855653 1.2111508247500982e-07
2.171572232546311 1.0540049296947768e-07
2.184206232503581 9.260131501760945e-08
2.1967582541876474 8.124626151683663e-08
2.2093298486834145 7.04178409716882e-08
2.221925909239811 6.15627386198871e-08
2.234489591332651 5.326144442195388e-08
2.247040534594888 4.608247523948129e-08
2.259624100314442 3.9910131095903966e-08
2.27222953149659 3.3896351822344866e-08
2.2848348222229298 2.850559813390474e-08
2.2974000386779987 2.3918770653487894e-08
2.3099677799709823 2.0060803773810953e-08
2.322578483572139 1.7117333060829774e-08
2.3351595212304197 1.4365220730740646e-08
2.3476935649900033 1.2249826791811916e-08
2.360343316487162 1.0366347817498665e-08
2.3730332994737697 8.618732155878232e-09
2.385567863558981 7.3722507564584205e-09
2.398060143366863 6.2669645195302275e-09
2.4107789685311087 5.219603336712209e-09
2.4234531099437757 4.446258921638602e-09
2.435831195209724 3.820781389517016e-09
2.4484709440435886 3.163214281839432e-09
2.4612848053934573 2.781665641567338e-09
2.473794880423975 2.3663321274273713e-09
2.486110768659134 2.0150141993920596e-09
2.4987555116598106 1.7497388139052796e-09
2.511584783245333 1.5085785865220642e-09
2.5240933241388914 1.2976593935112132e-09
2.5365627011107548 1.1417077364873387e-09
2.5493077516226483 9.533033508502383e-10
2.561978439831311 8.717421254041421e-10
2.574212755798341 7.645672518967994e-10
2.586731940134884 6.751090181896175e-10
2.5998869040801766 5.745556464366134e-10
2.6126019917307115 5.232518898442552e-10
2.624168567409617 4.785194320453091e-10
2.636617431092511 4.2737929777498627e-10
2.65028784762516 3.763111054825378e-10
2.663341593133421 3.560414138063473e-10
2.674176912131966 3.331026123202376e-10
2.6865492607137385 3.058841325251155e-10
2.70077704510104 2.9170359342343353e-10
2.7145884416410158 2.6636338050175603e-10
2.7248746414473413 2.2248005384110745e-10
2.7364378284531115 2.1988833621203622e-10
2.7506817507001893 2.2976254345531293e-10
2.7647976990558054 2.554164772576837e-10
2.7766321634107682 3.395685671859664e-10
2.7856940556078005 5.395442910785627e-11
