0.01783209187197505 33.42901433691063
0.03021383503078697 26.08437789673475
0.04297487357678415 18.40248910088561
0.055775837984368234 17.39793950397145
0.06882863412500548 15.798731174504143
0.08110696464570498 10.773385701951492
0.09370674553631765 9.372503914008322
0.10636019509318788 7.028937154171322
0.1191264305855796 7.088892582241326
0.13176693543452653 5.8659726286102165
0.14419796924510356 5.122866557985011
0.15684580028039333 4.224980560783715
0.1697202486941213 3.6166323772612623
0.18227245710657114 3.327628272374995
0.19477416222977542 3.304080206213778
0.2073340835947669 2.663107169068805
0.21991992144750147 2.34000310996756
0.23253646283801338 2.1137070746068107
0.2451850514388408 1.9618209835667078
0.2578378507460673 1.7950026486824089
0.27039766737784754 1.590448556421701
0.2829104411759606 1.4426721458466734
0.2955705379804188 1.3106840495217795
0.30813996427931273 1.1900703417883405
0.3207216073146958 1.1283534399753792
0.3334116808196787 1.051251758979697
0.34607587720379784 0.9805664836205653
0.3586128576244034 0.8869278404528861
0.3711536269502742 0.8505109395169103
0.3836672702512409 0.765899720950361
0.3963071427257882 0.7252631836176289
0.4089399593153128 0.6550967502885274
0.4215634989091981 0.6154148627201825
0.4341807950257213 0.5682102161860636
0.44676205768024 0.5400419149671134
0.45936920285149674 0.5088678405856657
0.4718965482805624 0.4791201116750806
0.48447350382182475 0.44497404655051803
0.49708590060588403 0.415638289841529
0.5096361353798295 0.39334889570026194
0.5222277017157823 0.3708106436082394
0.5348355227589748 0.35014451429914656
0.5474920039788621 0.3271208859885564
0.5601365361534087 0.305602153386701
0.5727270239485902 0.2917046910652807
0.5852520646971234 0.2793980408594401
0.5977898476833504 0.2627510746732986
0.610399607484725 0.24326415661206233
0.623002092426747 0.23375576007640975
0.6356030860286793 0.22127906342850373
0.6482301980282459 0.20906058018619636
0.6608495463994339 0.2010741764020393
0.6734744173918991 0.18659932879698718
0.6860022567240306 0.17743102417834367
0.6985809637891269 0.16612391483910532
0.7111908491771041 0.1586808945843692
0.7237149565943738 0.15249452532358612
0.7363081577644085 0.14191769048001918
0.7489074805118847 0.1366019823602439
0.7615319556341408 0.12893168955082546
0.7741323050847916 0.12387793105645778
0.786675447343414 0.11711198253203745
0.7993235825500561 0.11094789379629712
0.8119084864763915 0.10635572501468496
0.8245003008650983 0.09995666948593092
0.8371030476789433 0.09554034108980344
0.8496433960979584 0.09214165276741147
0.862271639222499 0.08701167792073607
0.8748814140551415 0.08309478384816225
0.887432030637941 0.0786911785783012
0.8999827699152788 0.07488066777615177
0.9125618598383743 0.07227028774945934
0.9252292314560263 0.06861430164630916
0.9378544149867115 0.06496205539773135
0.9504457821018771 0.06203816966509293
0.9630431388995881 0.059408434366921586
0.9755988646043379 0.05657936699902689
0.9881575396632225 0.0543363764022323
1.0007426245805018 0.05178132567656351
1.0132961828208324 0.049322742471657625
1.025872310735663 0.046714128874907807
1.0385360311261873 0.04488960887563143
1.0511519513207872 0.04301837677390282
1.0637085884787156 0.040916071624119414
1.076294990202561 0.039078070256257286
1.088919425178857 0.03736797326096301
1.1015128135865706 0.035722745616770656
1.1140372123598765 0.03419676056468042
1.1266438572582145 0.032180218241290824
1.1392985127936917 0.031102749708276273
1.151880272522975 0.029760679825419255
1.164452528510975 0.028368096455800792
1.1770445539533532 0.027115459751226693
1.1896240437944732 0.026201772863789073
1.2022063409730082 0.024932026294462763
1.2147708906645485 0.023783111431279348
1.2273521312637687 0.02255725777976773
1.2399769911738872 0.021766515320634873
1.2525667220095937 0.020561155112330417
1.2651332198084169 0.01978087593628026
1.2777516590554738 0.018894048594379348
1.2903456750126363 0.018132306473454984
1.3029343638221438 0.017309078729499872
1.3155376929046927 0.016454598550447903
1.3281174714819175 0.015845603877357055
1.3407038618127107 0.01507808285934966
1.3533039956323645 0.014494410776679525
1.3658801979009842 0.013728758841282518
1.3784547377611032 0.013114179095722725
1.3910282284727524 0.012622940403108724
1.4036176088634365 0.01206166075285719
1.416230726684582 0.01156329935169119
1.4288327238231309 0.010988462235343626
1.441435760560507 0.0104373134484036
1.4540420662985825 0.010001020413970349
1.4666290001310285 0.009491047283801263
1.4792232339276101 0.009095526412271524
1.491797940567092 0.008659323589237905
1.5043420725912222 0.008255738196482319
1.5169427293249744 0.007935863559996485
1.5295424653470167 0.0075582547411773135
1.5421299704605824 0.007196444544412082
1.5547395520031315 0.006937636885782241
1.5673496087201635 0.006597386195717686
1.579969987973016 0.006294020916996818
1.5925093854124435 0.005976010914619708
1.6050513674379843 0.00565898248898173
1.6176486600174467 0.005246023563755117
1.6302445001949653 0.004906441430817424
1.6428527694112223 0.004597613564327684
1.6554322216394621 0.004262554542600043
1.6680440255859132 0.003971741450487258
1.6806789206890473 0.0036921529439090947
1.6932331315939029 0.003455795014564917
1.7057845975195398 0.0032231198429919093
1.7183896309732518 0.003004964822621049
1.7309874185440797 0.002800466456921355
1.7435623448937674 0.0026083673872491246
1.7561426634640496 0.002432501085899779
1.768745892175792 0.002252018396608512
1.7813334782050327 0.00211452782664582
1.7938985526958373 0.0019563516035328255
1.8064980806819741 0.0018301257214608996
1.8190945363690536 0.0016962041237629567
1.8316935397102898 0.0015678885408177928
1.8442938066535441 0.0014670044689181227
1.85688767919359 0.0013629092319372206
1.8694996979258063 0.0012660843341388817
1.8820874678435362 0.0011749732031343966
1.89464800712909 0.0010869795662161728
1.9072244238241292 0.0010095470247939587
1.9197955083167093 0.0009347449826622845
1.9324077190392577 0.0008725632518817733
1.9450267994293615 0.0008048770092089388
1.9575901294986977 0.0007448731632313444
1.9701677233625408 0.0006957999960694866
1.9827403283412839 0.0006456627037771674
1.995331474359653 0.0005963357482715872
2.007947834664376 0.0005527193330371154
2.0205022754362703 0.0005124744343742517
2.033091375229658 0.0004741156996563542
2.0457223504519213 0.00043892334221921057
2.058276346288367 0.00040423740671629275
2.0708699090952476 0.000376795312990166
2.083519949911574 0.00034727170781181574
2.096097125641408 0.00032256213829832546
2.10862720608884 0.0003001778906888319
2.121187091512551 0.00027624689770888294
2.1338231323869667 0.0002580780339394401
2.146410287377126 0.00023763646152854146
2.1589635630855653 0.00022073080665175495
2.171572232546311 0.0002043728038646197
2.184206232503581 0.00019098562697656782
2.1967582541876474 0.0001774951946628287
2.2093298486834145 0.00016479438275108992
2.221925909239811 0.00015224702241524015
2.234489591332651 0.0001413763973159624
2.247040534594888 0.0001307566852725121
2.259624100314442 0.00012093568693294253
2.27222953149659 0.00011139708967977812
2.2848348222229298 0.00010071034390812263
2.2974000386779987 9.226080454939965e-05
2.3099677799709823 8.428984711898362e-05
2.322578483572139 7.6949592067807e-05
2.3351595212304197 7.044760263806003e-05
2.3476935649900033 6.411247179563851e-05
2.360343316487162 5.925937780428706e-05
2.3730332994737697 5.306546657308131e-05
2.385567863558981 4.94006053076854e-05
2.398060143366863 4.437439729634007e-05
2.4107789685311087 4.05157244905547e-05
2.4234531099437757 3.743731793771616e-05
2.435831195209724 3.411978767798952e-05
2.4484709440435886 3.0361628942501076e-05
2.4612848053934573 2.857238938889306e-05
2.473794880423975 2.605775836376784e-05
2.486110768659134 2.4303580497844612e-05
2.4987555116598106 2.196880170340686e-05
2.511584783245333 1.9851326306945863e-05
2.5240933241388914 1.827179850400877e-05
2.5365627011107548 1.6780277547806995e-05
2.5493077516226483 1.5039799679331733e-05
2.561978439831311 1.3685020417122068e-05
2.574212755798341 1.3216773207369937e-05
2.586731940134884 1.1771608185497425e-05
2.5998869040801766 1.0712347431818527e-05
2.6126019917307115 1.0280046291590883e-05
2.624168567409617 9.466857611382325e-06
2.636617431092511 8.6049296977867e-06
2.65028784762516 8.382064467930535e-06
2.663341593133421 7.349240008621594e-06
2.674176912131966 7.886495437481182e-06
2.6865492607137385 7.076641554586471e-06
2.70077704510104 6.56428408643814e-06
2.7145884416410158 6.333466874494849e-06
2.7248746414473413 6.194859111936043e-06
2.7364378284531115 5.983583745469993e-06
2.7506817507001893 6.2826277345544566e-06
2.7647976990558054 6.357588070988101e-06
2.7766321634107682 5.795596739185314e-06
2.7856940556078005 2.7588909026807225e-06
