0.01783209187197505 33.38071573276304
0.03021383503078697 26.052718636875923
0.04297487357678415 18.42978397552779
0.055775837984368234 17.428658983125818
0.06882863412500548 15.803834222799116
0.08110696464570498 10.802953878962077
0.09370674553631765 9.344170705184537
0.10636019509318788 7.036698034206275
0.1191264305855796 7.053471833773862
0.13176693543452653 5.837826720775069
0.14419796924510356 5.1148360382173435
0.15684580028039333 4.192081777455594
0.1697202486941213 3.568355321581219
0.18227245710657114 3.2722262960196398
0.19477416222977542 3.2544327615588435
0.2073340835947669 2.629362169519877
0.21991992144750147 2.299431264690595
0.23253646283801338 2.084229887595058
0.2451850514388408 1.9182041804969538
0.2578378507460673 1.75940597877622
0.27039766737784754 1.563225680316452
0.2829104411759606 1.4158212699706803
0.2955705379804188 1.2855180846985195
0.30813996427931273 1.1572607012065523
0.3207216073146958 1.1043926433270368
0.3334116808196787 1.0307744028430454
0.34607587720379784 0.9595304501609607
0.3586128576244034 0.8744963360101871
0.3711536269502742 0.8335970723068932
0.3836672702512409 0.7535542366560168
0.3963071427257882 0.7130101762715249
0.4089399593153128 0.6502615863395897
0.4215634989091981 0.6102772844118558
0.4341807950257213 0.5613740873531914
0.44676205768024 0.5397504732426549
0.45936920285149674 0.5070266446023852
0.4718965482805624 0.4765061624016281
0.48447350382182475 0.4432528408232229
0.49708590060588403 0.4155317480357593
0.5096361353798295 0.3940049771581328
0.5222277017157823 0.371551772989947
0.5348355227589748 0.3515109455729733
0.5474920039788621 0.32968002511944966
0.5601365361534087 0.3085956048576295
0.5727270239485902 0.29453450368053213
0.5852520646971234 0.2834918889004738
0.5977898476833504 0.2682937799017198
0.610399607484725 0.24835356158311853
0.623002092426747 0.23981605379193693
0.6356030860286793 0.227289824811952
0.6482301980282459 0.21546137099712712
0.6608495463994339 0.20797658950864983
0.6734744173918991 0.1926546994189193
0.6860022567240306 0.18416850386713968
0.6985809637891269 0.17305715312074416
0.7111908491771041 0.1653855708009291
0.7237149565943738 0.1593748953250377
0.7363081577644085 0.14914615268137346
0.7489074805118847 0.14366645209628584
0.7615319556341408 0.13636241016888892
0.7741323050847916 0.13080939535373554
0.786675447343414 0.12385997313530185
0.7993235825500561 0.11774658440963867
0.8119084864763915 0.11351313465675411
0.8245003008650983 0.10714549494196991
0.8371030476789433 0.10277133963852947
0.8496433960979584 0.09916994842231501
0.862271639222499 0.09387440769417109
0.8748814140551415 0.08991775409417595
0.887432030637941 0.08545451986611231
0.8999827699152788 0.08149116199305861
0.9125618598383743 0.07873464621889346
0.9252292314560263 0.07495650861979701
0.9378544149867115 0.071316795796108
0.9504457821018771 0.0679399668644708
0.9630431388995881 0.06539384629906254
0.9755988646043379 0.062477844443051433
0.9881575396632225 0.060061925817098204
1.0007426245805018 0.057577420042168266
1.0132961828208324 0.054964303410862426
1.025872310735663 0.05217197605051704
1.0385360311261873 0.0502277388141075
1.0511519513207872 0.048329558851553656
1.0637085884787156 0.04595176150315492
1.076294990202561 0.04416416131785318
1.088919425178857 0.04216388494259175
1.1015128135865706 0.04044211757155445
1.1140372123598765 0.038867667982448284
1.1266438572582145 0.03671627264026223
1.1392985127936917 0.03547774492057101
1.151880272522975 0.03397594373702955
1.164452528510975 0.032516009191078166
1.1770445539533532 0.03113606045638651
1.1896240437944732 0.030124427705312613
1.2022063409730082 0.028735501259088716
1.2147708906645485 0.027488627211391285
1.2273521312637687 0.02612935743234864
1.2399769911738872 0.02526734932193319
1.2525667220095937 0.02391511980006585
1.2651332198084169 0.023030467123087813
1.2777516590554738 0.02204924730825054
1.2903456750126363 0.021204084155640658
1.3029343638221438 0.020291827092565842
1.3155376929046927 0.019280330620618832
1.3281174714819175 0.018610679383880422
1.3407038618127107 0.017759989082856812
1.3533039956323645 0.017067505428791218
1.3658801979009842 0.016226243149302415
1.3784547377611032 0.015523286321757288
1.3910282284727524 0.014946561680734282
1.4036176088634365 0.01432741492185744
1.416230726684582 0.013739072166447737
1.4288327238231309 0.013075256091124057
1.441435760560507 0.012463003802445522
1.4540420662985825 0.011932937081130891
1.4666290001310285 0.011346409551843501
1.4792232339276101 0.010893652504044391
1.491797940567092 0.010383747581901555
1.5043420725912222 0.009908154485904624
1.5169427293249744 0.00954225623524766
1.5295424653470167 0.009104346700951426
1.5421299704605824 0.008653216896947143
1.5547395520031315 0.00838468113882445
1.5673496087201635 0.007968035111338867
1.579969987973016 0.007628357601935359
1.5925093854124435 0.0072391290990724885
1.6050513674379843 0.006869403320317655
1.6176486600174467 0.006368352686075537
1.6302445001949653 0.005957076331982004
1.6428527694112223 0.005577129111912673
1.6554322216394621 0.005170111461105063
1.6680440255859132 0.004819841483941778
1.6806789206890473 0.004467165209767574
1.6932331315939029 0.004183377534671904
1.7057845975195398 0.003901768096917182
1.7183896309732518 0.003635618956937036
1.7309874185440797 0.0033869051049658194
1.7435623448937674 0.003148723320113851
1.7561426634640496 0.002933669235002557
1.768745892175792 0.00271817337693996
1.7813334782050327 0.002543254984661508
1.7938985526958373 0.0023597387410085754
1.8064980806819741 0.0022000976131070393
1.8190945363690536 0.00203831499404535
1.8316935397102898 0.0018827361275620003
1.8442938066535441 0.0017592131203346382
1.85688767919359 0.0016318350325429053
1.8694996979258063 0.0015140941079231647
1.8820874678435362 0.0014044556269280854
1.89464800712909 0.0012977853150918186
1.9072244238241292 0.0012044822967468417
1.9197955083167093 0.0011149696686233023
1.9324077190392577 0.001037419357997225
1.9450267994293615 0.0009571559865007065
1.9575901294986977 0.0008850821268165196
1.9701677233625408 0.0008235811904694655
1.9827403283412839 0.0007628437829079259
1.995331474359653 0.0007041020757048821
2.007947834664376 0.0006518164857477282
2.0205022754362703 0.0006020053981012973
2.033091375229658 0.0005558833651301029
2.0457223504519213 0.0005138170927944828
2.058276346288367 0.0004738246626387532
2.0708699090952476 0.00044108858289906784
2.083519949911574 0.0004053161662317727
2.096097125641408 0.00037615938976782786
2.10862720608884 0.00034971737937394056
2.121187091512551 0.0003204604566606204
2.1338231323869667 0.0002988716596612048
2.146410287377126 0.0002747282252249632
2.1589635630855653 0.00025540282418124415
2.171572232546311 0.00023584982170685588
2.184206232503581 0.0002206353857732858
2.1967582541876474 0.00020520785408654403
2.2093298486834145 0.00019019674690978693
2.221925909239811 0.00017593373246138684
2.234489591332651 0.00016264356207431452
2.247040534594888 0.00015006749248094829
2.259624100314442 0.0001388033952516156
2.27222953149659 0.00012768728151150275
2.2848348222229298 0.00011552177608783814
2.2974000386779987 0.00010507761519372273
2.3099677799709823 9.594551765660167e-05
2.322578483572139 8.74809527709112e-05
2.3351595212304197 7.984680765407844e-05
2.3476935649900033 7.259164004999766e-05
2.360343316487162 6.730088858285093e-05
2.3730332994737697 5.994113952807022e-05
2.385567863558981 5.603825419223921e-05
2.398060143366863 4.973490132766708e-05
2.4107789685311087 4.523308536638001e-05
2.4234531099437757 4.193968222617071e-05
2.435831195209724 3.819236760575839e-05
2.4484709440435886 3.4059158282940445e-05
2.4612848053934573 3.184953222596699e-05
2.473794880423975 2.857683610757386e-05
2.486110768659134 2.6701588638633917e-05
2.4987555116598106 2.4218601386412824e-05
2.511584783245333 2.1785108311343698e-05
2.5240933241388914 2.0129063805945997e-05
2.5365627011107548 1.8292140096989647e-05
2.5493077516226483 1.6443560043577145e-05
2.561978439831311 1.4985586020621847e-05
2.574212755798341 1.4440075614475365e-05
2.586731940134884 1.2727919178430505e-05
2.5998869040801766 1.1642361196870026e-05
2.6126019917307115 1.1348381276556455e-05
2.624168567409617 1.026272470945048e-05
2.636617431092511 9.289850291956152e-06
2.65028784762516 9.082920322187212e-06
2.663341593133421 8.002727024696734e-06
2.674176912131966 8.652891819951478e-06
2.6865492607137385 7.881150674760986e-06
2.70077704510104 7.074875134034347e-06
2.7145884416410158 6.832499500608336e-06
2.7248746414473413 6.957137910582937e-06
2.7364378284531115 6.524497398398917e-06
2.7506817507001893 7.190806622696864e-06
2.7647976990558054 7.58728349769908e-06
2.7766321634107682 8.493576538397213e-06
2.7856940556078005 2.833761582142406e-06
