0.01783209187197505 33.36456498872029
0.03021383503078697 26.000815487209447
0.04297487357678415 18.334106989027045
0.055775837984368234 17.255136001772737
0.06882863412500548 15.547478450722494
0.08110696464570498 10.535737376652827
0.09370674553631765 9.001557873022453
0.10636019509318788 6.673039839853828
0.1191264305855796 6.585450643056256
0.13176693543452653 5.356019596856612
0.14419796924510356 4.590889760222884
0.15684580028039333 3.6572558146747407
0.1697202486941213 3.0180707254172776
0.18227245710657114 2.68715727966456
0.19477416222977542 2.593865604052267
0.2073340835947669 2.018344253788832
0.21991992144750147 1.6886079548189794
0.23253646283801338 1.458555370988888
0.2451850514388408 1.2826096748203222
0.2578378507460673 1.124300472860868
0.27039766737784754 0.9482385043357022
0.2829104411759606 0.8086637024223149
0.2955705379804188 0.6882692963671796
0.30813996427931273 0.5823045258646881
0.3207216073146958 0.5225109714189928
0.3334116808196787 0.45583304623759907
0.34607587720379784 0.39287202905630225
0.3586128576244034 0.33083265102219994
0.3711536269502742 0.2913886356852311
0.3836672702512409 0.2433018115545507
0.3963071427257882 0.2117031420429506
0.4089399593153128 0.17608927181406608
0.4215634989091981 0.15016873316900978
0.4341807950257213 0.125241012557678
0.44676205768024 0.10910390647301962
0.45936920285149674 0.09267610343894904
0.4718965482805624 0.07826595524526632
0.48447350382182475 0.06506875095555376
0.49708590060588403 0.054333029191819926
0.5096361353798295 0.0457774622305945
0.5222277017157823 0.03825159060838872
0.5348355227589748 0.031904472078338034
0.5474920039788621 0.02621044510006777
0.5601365361534087 0.021370527503039655
0.5727270239485902 0.017759066177925418
0.5852520646971234 0.014800080638480453
0.5977898476833504 0.01205199039867498
0.610399607484725 0.009549664383888726
0.623002092426747 0.007830961017721062
0.6356030860286793 0.006269068439370949
0.6482301980282459 0.004996369193778304
0.6608495463994339 0.00401890392098232
0.6734744173918991 0.0030806952653053914
0.6860022567240306 0.0024088080647464
0.6985809637891269 0.0018377263643641506
0.7111908491771041 0.0014112655747045152
0.7237149565943738 0.0010815726473117492
0.7363081577644085 0.0007912850993442793
0.7489074805118847 0.000586642222931346
0.7615319556341408 0.00042007314339183045
0.7741323050847916 0.0002979987100200544
0.786675447343414 0.00020296513754063328
0.7993235825500561 0.0001342653450271825
0.8119084864763915 8.638961243567505e-05
0.8245003008650983 5.1529177353817234e-05
0.8371030476789433 2.9065694711516192e-05
0.8496433960979584 1.5329408862768588e-05
0.862271639222499 7.279739024300814e-06
0.8748814140551415 3.939111394928278e-06
0.887432030637941 3.640060528467475e-06
0.8999827699152788 5.191189602704364e-06
0.9125618598383743 7.914503801444946e-06
0.9252292314560263 1.123283531587275e-05
0.9378544149867115 1.451246218246132e-05
0.9504457821018771 1.758279174524436e-05
0.9630431388995881 2.0381277032554046e-05
0.9755988646043379 2.2555216201213284e-05
0.9881575396632225 2.4162369086398166e-05
1.0007426245805018 2.5369077468200146e-05
1.0132961828208324 2.5761797992792287e-05
1.025872310735663 2.5590839123343558e-05
1.0385360311261873 2.5375450946795086e-05
1.0511519513207872 2.4551760965638412e-05
1.0637085884787156 2.318410910291021e-05
1.076294990202561 2.206164514323696e-05
1.088919425178857 2.0563208913006045e-05
1.1015128135865706 1.8877012092782016e-05
1.1140372123598765 1.7267583151365493e-05
1.1266438572582145 1.541358057266415e-05
1.1392985127936917 1.3916126632236471e-05
1.151880272522975 1.2303280841488952e-05
1.164452528510975 1.081494275491045e-05
1.1770445539533532 9.43560215209944e-06
1.1896240437944732 8.236304612253534e-06
1.2022063409730082 7.026991217616479e-06
1.2147708906645485 5.968867780284562e-06
1.2273521312637687 5.007389651789396e-06
1.2399769911738872 4.221753431292316e-06
1.2525667220095937 3.470225073625378e-06
1.2651332198084169 2.874795862926095e-06
1.2777516590554738 2.3496576945031556e-06
1.2903456750126363 1.9171990256851194e-06
1.3029343638221438 1.545033221481238e-06
1.3155376929046927 1.2281426218416336e-06
1.3281174714819175 9.862410569873931e-07
1.3407038618127107 7.779417209247313e-07
1.3533039956323645 6.158362212069371e-07
1.3658801979009842 4.797653201011335e-07
1.3784547377611032 3.746973061311254e-07
1.3910282284727524 2.94720941035772e-07
1.4036176088634365 2.2998419238788848e-07
1.416230726684582 1.79556520102711e-07
1.4288327238231309 1.3971438986867963e-07
1.441435760560507 1.0912946887990537e-07
1.4540420662985825 8.632752503359985e-08
1.4666290001310285 6.871615545324272e-08
1.4792232339276101 5.563772319307877e-08
1.491797940567092 4.535867556690947e-08
1.5043420725912222 3.7662936913718326e-08
1.5169427293249744 3.1841504253615974e-08
1.5295424653470167 2.7052063719137788e-08
1.5421299704605824 2.3314797577120686e-08
1.5547395520031315 2.0641494822516305e-08
1.5673496087201635 1.8277774054942254e-08
1.579969987973016 1.6373839398106832e-08
1.5925093854124435 1.4676898406501107e-08
1.6050513674379843 1.3117925891708505e-08
1.6176486600174467 1.152229608289237e-08
1.6302445001949653 1.0131878774435919e-08
1.6428527694112223 8.917681250177628e-09
1.6554322216394621 7.692800033476718e-09
1.6680440255859132 6.5864319884973106e-09
1.6806789206890473 5.532833007802741e-09
1.6932331315939029 4.5849379855966624e-09
1.7057845975195398 3.7101860462631102e-09
1.7183896309732518 2.9383470024003836e-09
1.7309874185440797 2.272712087419775e-09
1.7435623448937674 1.719918593209163e-09
1.7561426634640496 1.27306970905738e-09
1.768745892175792 9.392285485228287e-10
1.7813334782050327 7.231541835164809e-10
1.7938985526958373 6.081530876311358e-10
1.8064980806819741 5.962700795972544e-10
1.8190945363690536 6.607705086958736e-10
1.8316935397102898 8.02233679288056e-10
1.8442938066535441 9.894744634493052e-10
1.85688767919359 1.2060067189366305e-09
1.8694996979258063 1.452644665083017e-09
1.8820874678435362 1.6954409392551823e-09
1.89464800712909 1.9184273949410167e-09
1.9072244238241292 2.1282795502498775e-09
1.9197955083167093 2.301965970416539e-09
1.9324077190392577 2.4429661271933313e-09
1.9450267994293615 2.5015713438296682e-09
1.9575901294986977 2.548736911902778e-09
1.9701677233625408 2.542708127060803e-09
1.9827403283412839 2.486789418665602e-09
1.995331474359653 2.391261530197437e-09
2.007947834664376 2.2773728991665684e-09
2.0205022754362703 2.1208117305408255e-09
2.033091375229658 1.952770610233861e-09
2.0457223504519213 1.7724720061556715e-09
2.058276346288367 1.5717614044422579e-09
2.0708699090952476 1.404780206473977e-09
2.083519949911574 1.2197014672834028e-09
2.096097125641408 1.050206878454264e-09
2.10862720608884 9.001012557231281e-10
2.121187091512551 7.552792374293184e-10
2.1338231323869667 6.340360034510053e-10
2.146410287377126 5.21649598679852e-10
2.1589635630855653 4.29481383698063e-10
2.171572232546311 3.524819866364854e-10
2.184206232503581 2.873503627233672e-10
2.1967582541876474 2.40943297553039e-10
2.2093298486834145 2.0015575721977034e-10
2.221925909239811 1.7077014819080488e-10
2.234489591332651 1.4845428548292694e-10
2.247040534594888 1.325762987895928e-10
2.259624100314442 1.214244876854201e-10
2.27222953149659 1.1485241348527431e-10
2.2848348222229298 1.0967899316153484e-10
2.2974000386779987 1.0713031076155039e-10
2.3099677799709823 1.0597701513243585e-10
2.322578483572139 1.0589333486007056e-10
2.3351595212304197 1.0645728665587285e-10
2.3476935649900033 1.0506331540916455e-10
2.360343316487162 1.0534776145116154e-10
2.3730332994737697 1.0071475948736495e-10
2.385567863558981 9.870342311146485e-11
2.398060143366863 9.302368565913707e-11
2.4107789685311087 8.794919022087545e-11
2.4234531099437757 8.400258031147999e-11
2.435831195209724 7.795281881982688e-11
2.4484709440435886 7.020962748120597e-11
2.4612848053934573 6.558510505492601e-11
2.473794880423975 5.973258423810678e-11
2.486110768659134 5.4373864274609426e-11
2.4987555116598106 4.7158213249317714e-11
2.511584783245333 4.215296234934415e-11
2.5240933241388914 3.770031072981191e-11
2.5365627011107548 3.476804850486007e-11
2.5493077516226483 2.8897359299988932e-11
2.561978439831311 2.6840798685672243e-11
2.574212755798341 2.405627273035164e-11
2.586731940134884 2.0924021834403914e-11
2.5998869040801766 1.7930207645246705e-11
2.6126019917307115 1.7336842515730043e-11
2.624168567409617 1.5096108161319927e-11
2.636617431092511 1.3511975269013354e-11
2.65028784762516 1.23400957094885e-11
2.663341593133421 1.094212279306439e-11
2.674176912131966 1.1086127028760937e-11
2.6865492607137385 1.0223326099806628e-11
2.70077704510104 9.066048260052746e-12
2.7145884416410158 8.506407030643938e-12
2.7248746414473413 8.484998646524305e-12
2.7364378284531115 7.644785912761982e-12
2.7506817507001893 8.55253565024748e-12
2.7647976990558054 6.8642388249990965e-12
2.7766321634107682 6.508472994027625e-12
2.7856940556078005 7.369124272327183e-12
