0.07119712979757563 35.77759506068836
0.12063297732052462 27.69426198572167
0.17158321491654693 19.312524415200627
0.22269286211914213 18.20983433442795
0.2748079828642729 16.632091668020436
0.3238309409140597 11.246479064088055
0.37413733468605437 9.84480314821471
0.42465800814127613 7.282983653619022
0.4756289952752472 7.361089346097551
0.5260979851671034 6.0952140012875295
0.575730632535899 5.416406203169318
0.6262288732550678 4.388815615848613
0.6776319156667632 3.8657961812626866
0.7277483696421896 3.510311814469863
0.777663182146417 3.558035952308883
0.8278104311674932 2.7758145989912824
0.8780611554036474 2.5057636575385467
0.9284344678240747 2.2834401615473507
0.9789357332299883 2.1103742095822553
1.0294538104722353 1.917185281433463
1.0796006413312647 1.7090080935247207
1.1295596470737181 1.5747053301873015
1.1801068605979748 1.4274152295742055
1.2302920594018147 1.337938638751135
1.2805260352408883 1.2517707478524454
1.3311929349496645 1.1957526918851795
1.3817565166211543 1.0949508492920277
1.4318121707016678 1.0225537483278002
1.4818829525182817 0.9822105749632327
1.5318454298729258 0.8920404680748675
1.5823118949212285 0.8556562873179036
1.6327501883581794 0.8076772632576563
1.6831514420878768 0.7475643807183007
1.7335277678578414 0.7055458904583286
1.7837602249729216 0.6737902556754141
1.8340960216690736 0.6345470121987762
1.8841132066934498 0.597497940287412
1.9343284670542873 0.5759881894285289
1.9846852315516954 0.5483061774243144
2.0347938054983636 0.5294765987181979
2.0850674015078443 0.49378906993134214
2.1354058967175686 0.47377256916218274
2.185938674512925 0.4594274431808587
2.2364237440675327 0.4322056204023784
2.2866930338515945 0.4223165037934998
2.336701017115449 0.4063822908953798
2.386759875551858 0.38879087920788197
2.437106111525758 0.3666893732022796
2.4874233016025578 0.35452003454455816
2.5377345372947184 0.34535045660520397
2.5881500543555385 0.3298903653001469
2.6385345740403165 0.31982088466436287
2.6889411435657253 0.3063268029437225
2.738960300567419 0.29723645350984323
2.7891825541330157 0.28523809702964525
2.8395292915290544 0.2779180761520669
2.8895335483368325 0.2686124679090931
2.939813671650858 0.2576345478484824
2.990118236222073 0.25115182800364033
3.040523225180106 0.24253461846756044
3.090831889007859 0.23384395229150853
3.14091214509156 0.22724923051646434
3.1914116002575477 0.22186218279359357
3.241658595661463 0.2144275924492868
3.2919331820563817 0.20881996522148416
3.342251417693193 0.20248392374494883
3.392320518980105 0.19571732830673874
3.442740552216154 0.19115797357219008
3.4930868482045008 0.1865055054985536
3.543196946576611 0.18077530554228058
3.5933075348238877 0.17610027439740697
3.643531317003786 0.1715060846932726
3.694107576240847 0.16652719570037838
3.7445153936189683 0.16208788361232956
3.7947881942114927 0.15858743538174816
3.84508490945232 0.15528831477275057
3.895215406710958 0.1526384411146131
3.9453576796799648 0.14767728790674298
3.9956053977156287 0.14370128385855
4.045727241068337 0.14306329396366244
4.095939197014476 0.13741717061570113
4.1465008782147255 0.1355542503925843
4.19687171042328 0.13147263565405726
4.24700584678667 0.12755229158134718
4.2972588223573815 0.12543262465414848
4.347663651027033 0.12389341103611293
4.397944521913774 0.12015111761268675
4.447949942001423 0.11806442341017992
4.498283741287726 0.11601117033562089
4.548809229781813 0.11288177642845305
4.599043671537664 0.11087730199341504
4.649240168272448 0.10860656628057054
4.699515597328775 0.10629102201817464
4.749740976237519 0.10408499711880934
4.799977563834946 0.10222342011420918
4.850143292099422 0.10068104381696884
4.9003756611556275 0.0990812448557448
4.950782186433212 0.09760896667848802
5.001048453950319 0.09503768816360954
5.0512219603065684 0.09354814260395775
5.101602850185644 0.09182274335090579
5.151886226651645 0.09030887434269877
5.2021483337328895 0.0883236928543314
5.252468894159231 0.08714895071456288
5.3026954258874035 0.08526082257843641
5.3529483559697555 0.08395734793612285
5.403256158860485 0.0830767336645077
5.453468411674564 0.0814850311199565
5.5036740270893585 0.07951513454640276
5.553875453631625 0.07865966674729241
5.60414032194779 0.0773149259563359
5.654499965286973 0.07626520188423452
5.704815207739937 0.07511194976349397
5.755134600937142 0.07353505050727323
5.8054670460784905 0.07279296656874022
5.85572214616748 0.07146563709006758
5.906006392387939 0.07076755954839269
5.95621267369275 0.06938205567229816
6.00629688155417 0.06833466681333006
6.056606772252837 0.06714710703830064
6.106912986880766 0.06654924248969538
6.1571703678898135 0.06529813115080563
6.207515892140331 0.06435540443123788
6.2578633135916695 0.06401032713530433
6.308251949216192 0.06294796158940047
6.358317253583618 0.062008404349257924
6.408392877273884 0.06107748254774262
6.458691249381889 0.060158258836713295
6.508983590699093 0.05915310577262667
6.559322399168829 0.058559353130958225
6.609562109114232 0.058020459141311896
6.659917656064325 0.057167487539039
6.710367447368623 0.05623585492430105
6.760507711762436 0.05529569432646193
6.8106262940501185 0.05513911159088364
6.860958611121608 0.05413878082491551
6.911246781649933 0.053612500720777126
6.961470996390078 0.05279618164207413
7.011712876860215 0.0524200607414987
7.062003098719789 0.05159417257159006
7.1122662147150955 0.05095980064264164
7.162467397690502 0.04999689618136876
7.2127652173336765 0.04993327206991725
7.263066662475864 0.04937056871047168
7.313395285055891 0.048443233768963735
7.363704654174092 0.048031709805538086
7.413947532211769 0.047428773377937126
7.464259357883943 0.04689976305853472
7.514612628459103 0.04640440427252136
7.564779848318557 0.04593116311158515
7.614928014836138 0.04559093338439138
7.665130604425471 0.04484919171114985
7.715480756087286 0.04452207477419721
7.7658845068546 0.04413587010060924
7.816064614760023 0.043763617155061815
7.866258660290731 0.043099534342902215
7.91645575357334 0.042590789100639924
7.966765041536886 0.04232715158147861
8.0170896859507 0.04185177299543884
8.067238602681083 0.04157553950444876
8.117553198689947 0.04103206480948957
8.167940443498377 0.040711685962736485
8.218191843499156 0.04033849742310239
8.268473455168138 0.039831051769472825
8.31878045914076 0.039423053641468246
8.36901579954644 0.03924141577055607
8.41922749448823 0.03876571864005646
8.46944563721287 0.03837943635999811
8.519714664526314 0.03802978445770127
8.570054219526684 0.03768311969640693
8.620352390408625 0.037309745238016355
8.670598561504349 0.03729860062124005
8.720864191542534 0.03683559726016108
8.771117327653146 0.036415460360656474
8.821449056470732 0.03608460664991826
8.87170438075904 0.03593277629387169
8.921803427710074 0.03560543797137814
8.972017020918143 0.035388679085414244
9.022340590598336 0.03507188390216796
9.072716421347064 0.034617383001106644
9.122912397203248 0.0344295069732914
9.173113442567836 0.03418751600527399
9.2235393039332 0.03398004045768526
9.27383125400863 0.03363817266344711
9.324069775098145 0.033349128584841355
9.374344610049683 0.033172518849059696
9.424699490957272 0.03292379740781589
9.474941234012215 0.03277713322733106
9.525077138394133 0.03243414816482944
9.575297670675207 0.03230917567799719
9.62561261883317 0.032049904586732486
9.675894755533646 0.031842181139791585
9.726111216598479 0.03162000811714103
9.776398041369173 0.03139192993585134
9.826724932971896 0.03134361059905261
9.877063892615462 0.030952582192569196
9.927217977414852 0.03070845179511964
9.9773987131575 0.030609693275420444
10.027723679467538 0.030464765078856273
10.077999615137427 0.030348454874093777
10.128257145018031 0.03017320148670319
10.178530307776052 0.029896783410556408
10.22883324046897 0.02964679618327046
10.279092711468751 0.02963056633769569
10.329403360532666 0.0294659315967825
10.379725810990179 0.02935706394183603
10.429934616095554 0.029086718775526186
10.480138583382095 0.028972282743686507
10.530411581303094 0.02892157519849165
10.580694082906426 0.028606218352173748
10.630923939622997 0.02860354830580012
10.681158439636445 0.028501302236481802
10.731524130178201 0.028415811608285085
10.781846947336756 0.028262034607859473
10.832012719959021 0.028139163079494406
10.882260874382228 0.0279942041507497
10.932525491660783 0.027893358033452564
10.982811987859462 0.027771382076750235
11.033082983435214 0.027738137207288568
11.083276537192457 0.02754490187322113
11.133589129754395 0.027555538847238836
11.183875611515766 0.027419432195698236
11.234143067273456 0.027378788635527045
11.284438235878953 0.02730759166141426
11.334702668379723 0.027141290585530695
11.384945417497097 0.02717111962902286
11.43518240931392 0.02708219583579796
11.485495374582298 0.02698711587381913
11.535816974154397 0.026933705162144463
11.58602934282666 0.02682112189665178
11.636258791777381 0.026866375906245552
11.68655455321504 0.02684312088690711
11.736882915216212 0.026783575961587636
11.787143271591697 0.026666874254051724
11.837359721948792 0.026830918822644996
11.887649156822748 0.026650174157226526
11.937868886104921 0.026725663607635335
11.98801976303984 0.02675125880864775
12.038286016409462 0.026716585447595302
12.088607935156608 0.026728609773996416
12.138893079881298 0.026665341040405053
12.189188567753044 0.026765270882026012
12.239504285727138 0.026694498323014224
12.289841415311136 0.026724723420761216
12.340085750235106 0.02686842719910141
12.390271704663842 0.026673182951526334
12.44058455823721 0.027002280444021025
12.490858599417871 0.026890032649380145
12.541032968425128 0.026942347075945734
12.59130957923506 0.027012640137007483
12.641628361846992 0.02706838576309049
12.691883147476304 0.027195218885597464
12.742080114104047 0.027175556001714903
12.792371491157366 0.027319645481384693
12.842737093099831 0.02738682541275836
12.892958146908398 0.027365349883382427
12.943177346819104 0.026873561757893027
12.993461668320377 0.026572227994394244
13.043712639567703 0.026249947705609112
13.09398597465347 0.02599598662925155
13.144241106147705 0.025648298453459
13.194464645065834 0.025403430295548785
13.244737989075302 0.025153611613794157
13.295026207865366 0.024937257119080302
13.345345919482222 0.024743320744778863
13.395596488835622 0.024471508913702804
13.445771085048568 0.024282715753264694
13.496097233910499 0.024020495633184598
13.546459846391473 0.023818819333760902
13.59664514427892 0.023716055004156928
13.646894347551875 0.02356207448245363
13.69721379350346 0.02332952477774487
13.747483089361365 0.023243194367282748
13.797747575488359 0.023001859686042653
13.847959347488388 0.022957463202242668
13.898290882552528 0.022798400300529757
13.94853042060368 0.022621305765440594
13.998688062216024 0.0225993824251463
14.048986229531167 0.022445476406198817
14.099284928450054 0.022246070389258982
14.149548631672408 0.022233706560125556
14.199813987096844 0.022112806596462864
14.250108972851288 0.02204206933537174
14.3003659808464 0.0219397355926645
14.35061833838994 0.021931062490625066
14.400861773933228 0.02182501485184184
14.451127311254298 0.021758795993023806
14.501396114194671 0.02170928927790879
14.551629081880446 0.021584981205728077
14.601908023269283 0.02165415996825937
14.652189489606481 0.02157736826065378
14.702483271845267 0.02156333332874856
14.75277140896863 0.02148784173950345
14.803015372023825 0.021448373185841123
14.853285967509025 0.02144369743872042
14.903548784701002 0.021442805039939446
14.953776393391715 0.02140605899282857
15.004062508583836 0.021381727559411003
15.054359960526682 0.021337716683737698
15.104622505099998 0.021383477648197036
15.15481956012596 0.02136207494350177
15.205103750808215 0.021397857874389074
15.2554266978287 0.02140100813448292
15.30561772686822 0.021366928812272857
15.35585787563277 0.021431593682359668
15.406160845977448 0.02140871100800273
15.456519282814904 0.021449730829887593
15.50672569209633 0.02148700595620528
15.556866289007482 0.02155372342132783
15.607174891219572 0.02154843769388507
15.657504957858265 0.02163590299020944
15.707800736590537 0.02167702833863861
15.758042624815468 0.02167818632640493
15.808331019972366 0.021829426014389017
15.858660826919401 0.021866760364098733
15.908893754444817 0.021872774235667775
15.959103429507397 0.021935367293475037
16.009384330755736 0.021978022471037768
16.05962097990047 0.02211792729743236
16.109817748960513 0.02217611913540244
16.160088643082027 0.022307474646093763
16.21043242264646 0.02239378692615599
16.260698866218153 0.022377222843117158
16.310888030152114 0.022556754482880664
16.361159196084014 0.02261239177008153
16.41149469009338 0.02274403238998732
16.46179057627474 0.022841454505321667
16.512035707232393 0.02286348486124898
16.56234227368405 0.023011509454792124
16.61267774820754 0.023131393583106903
16.662833944542527 0.023433927295753748
16.712980731029898 0.023515170434482438
16.763338414227157 0.023611571457767745
16.813624357105923 0.023714131499178646
16.863781866928036 0.023855433559613694
16.91404637405565 0.023934643823148572
16.964303118797577 0.024077248322363937
17.01456600633742 0.02432122203318948
17.064853616331686 0.02446735365232939
17.115200953848756 0.024552268633899896
17.165515188687785 0.024665302734280074
17.21566317459384 0.024717173614793638
17.265922667754815 0.024891164985304297
17.316243847363125 0.025036137241205556
17.36653734630106 0.025343891431691034
17.416793039443945 0.02538163781127958
17.46701392213301 0.025434504252660823
17.517236211684825 0.02552812888527698
17.567505134703158 0.025519542483479127
17.61773782935958 0.025878964918292585
17.66798800679079 0.02585634858467914
17.71834979716998 0.02610579218243145
17.768606546750444 0.026056608569464224
17.818704975941433 0.026041791258182016
17.869023381080297 0.026112030037029606
17.919430317626343 0.026004681961552235
17.969606737817642 0.026177315030280045
18.019848577628714 0.0259114866214031
18.07007946408266 0.025905264967871985
18.120302133418313 0.025761512325528854
18.170431291555506 0.025613351865135955
18.22071782576021 0.02535123500934326
18.271186443379385 0.0250618567243596
18.321360098015035 0.025133952757837516
18.371628592145143 0.025057098321972317
18.42202982816613 0.025040514029080516
18.472266078861143 0.024879517908341222
18.522453923934123 0.025267412517109285
18.572679224446393 0.025159955635028656
18.623006790386743 0.024903903146435483
18.67324350395566 0.025061097806176887
18.723354949689732 0.025369516564228423
18.77365680546379 0.025454992145452545
18.824026332793718 0.0255172456939622
18.87431915559479 0.0256603413988283
18.924431015929244 0.02590967682215162
18.974606285706468 0.026011497593562805
19.025127225603473 0.026168329651707175
19.075424740694675 0.026363533500834112
19.12554065946641 0.026203069784297726
19.175905107085125 0.026719162503978648
19.22642838741976 0.02689564553292058
19.276584589232698 0.02688515992135764
19.32664641107984 0.027236287115743163
19.37715085410327 0.02744986242270967
19.427440460429604 0.02792415772494108
19.47742215022494 0.028144488848108294
19.52776170062177 0.028426979635757344
19.578391850147785 0.028562492475397192
19.628552947647666 0.029158554508059327
19.67840030515494 0.02931387082308621
19.728873879238 0.029340533466407363
19.779314458317035 0.030301577711846252
19.829308413517477 0.0305455329110506
19.879474530234084 0.03057388485237319
19.92994264890703 0.03123915869802571
19.98044301006695 0.03149802207980296
20.03043032166137 0.03218497487663469
20.080403626887083 0.03255634762881782
20.131105226856917 0.03260338077671049
20.18157559431489 0.03351311428448291
20.23129694381958 0.033728139483585134
20.281559607818437 0.03475163988763831
20.33242412073714 0.03502027421849083
20.382668790720608 0.035543626529484194
20.432221809855402 0.03612466635147742
20.48268575965813 0.0367300480479513
20.53379053974446 0.03735156132501893
20.58358010724295 0.03825421580491613
20.63290020245131 0.03922355539547131
20.68380396897504 0.04008840300682696
20.73480156037642 0.039885624004974425
20.78447457185415 0.04099892731815138
20.83437727914311 0.04194688775076068
20.88539598009307 0.04192136513639919
20.935462673465683 0.0434261718715193
20.984068360156474 0.04469846175669831
21.035180247588606 0.045535626165001945
21.08728460566343 0.04638186799871367
21.136238289942384 0.04793535146232381
21.18431609752829 0.04860954435529921
21.236327698354454 0.04993694651256705
21.28944226060847 0.050867550018714174
21.337561179670733 0.050605256349632796
21.384727208042076 0.05283848883939911
21.437854115563912 0.05105341772209656
21.49173544818583 0.05287394655207387
21.53758685175871 0.05638435904107366
21.58371741770769 0.05843612044160613
21.639135514954262 0.05955263359975736
21.694562105191746 0.05855394192562891
21.736783227095305 0.06286260489576484
21.78229157279518 0.06249944080411161
21.839582774955026 0.06073090409872252
21.89652230244388 0.07060993787016713
21.939905631269657 0.07040990216956723
21.982986546975678 0.06638083072593624
22.04034510675922 0.07449829089256532
22.097594754971333 0.0676135009351152
22.143142305499282 0.09555458527742731
22.182655859746163 0.08592230295980031
22.237246493769437 0.09046771020098107
22.28796658771007 0.3459927962917638
