0.01783209187197506 8458.243661284512
0.03021383503078699 6578.725616155474
0.04297487357678418 4544.941389935751
0.05577583798436827 4247.848175898363
0.06882863412500552 3915.8756286222288
0.08110696464570503 2632.4713378386646
0.0937067455363177 2332.275498127795
0.10636019509318795 1694.7406168300095
0.11912643058557967 1690.4726041458866
0.1317669354345266 1402.54082048061
0.14419796924510364 1268.133227461692
0.1568458002803934 1017.109662880849
0.1697202486941214 913.9535798515278
0.18227245710657125 819.8632850869587
0.19477416222977553 820.4410561085792
0.20733408359476702 633.7626824793159
0.2199199214475016 590.948116815471
0.23253646283801352 525.2287713359309
0.24518505143884095 480.31715855960226
0.25783785074606747 427.95847144172734
0.2703976673778477 387.34128973784135
0.28291044117596076 358.45202667108106
0.295570537980419 317.65646113266087
0.3081399642793129 306.39634318855025
0.32072160731469596 277.3061972880447
0.33341168081967887 260.84824409954325
0.346075877203798 240.98429230642427
0.3586128576244036 226.9281887563253
0.37115362695027443 212.47893794216893
0.3836672702512411 195.91446737295504
0.39630714272578843 181.39575995291207
0.408939959315313 173.49123803098072
0.4215634989091983 158.56463104583003
0.43418079502572154 151.85847263015418
0.4467620576802403 140.11244715894418
0.45936920285149696 130.63103001745162
0.4718965482805626 124.03889385239297
0.484473503821825 117.9298077694136
0.4970859006058843 109.98314042828454
0.5096361353798298 104.69382092997019
0.5222277017157826 99.41910642750109
0.5348355227589751 93.07882625771829
0.5474920039788623 88.98258808736395
0.5601365361534091 83.49833479950641
0.5727270239485905 80.18084081902597
0.5852520646971238 75.92714834382264
0.5977898476833508 71.23174599495482
0.6103996074847253 68.19385026485428
0.6230020924267473 64.03740359676964
0.6356030860286797 61.63595463027615
0.6482301980282462 58.424471091068646
0.6608495463994343 55.328985956780606
0.6734744173918994 52.62008439092478
0.686002256724031 50.67010016575443
0.6985809637891274 48.079107814835176
0.7111908491771045 45.915780051246784
0.7237149565943742 43.73170285820339
0.7363081577644089 41.833425097355615
0.7489074805118852 39.581293276119574
0.7615319556341411 37.744470180311254
0.774132305084792 36.160037596889225
0.7866754473434144 34.57571085081195
0.7993235825500565 33.30604369932091
0.8119084864763919 31.50872183363557
0.8245003008650987 29.880684643251207
0.8371030476789437 29.012943583714556
0.8496433960979588 27.711343717679
0.8622716392224995 26.305358506743158
0.874881414055142 25.05468979104611
0.8874320306379414 24.004609955696125
0.8999827699152793 23.33447785209399
0.9125618598383749 21.975834415229922
0.9252292314560268 21.30287976569268
0.937854414986712 20.363229819660464
0.9504457821018777 19.290360526741942
0.9630431388995887 18.641218862295954
0.9755988646043384 17.853837123192655
0.9881575396632231 17.095610370767602
1.0007426245805024 16.553066919382925
1.013296182820833 15.813708430039494
1.0258723107356638 15.067218536806433
1.0385360311261878 14.464379513667625
1.0511519513207879 13.927479102742174
1.063708588478716 13.28541279877612
1.0762949902025616 12.906614188272663
1.0889194251788576 12.357284267452824
1.1015128135865713 11.824497050567956
1.1140372123598772 11.384164297150255
1.1266438572582151 10.910531160144282
1.1392985127936923 10.497079260640298
1.1518802725229758 10.11371018895456
1.1644525285109757 9.70139385096466
1.1770445539533538 9.288046840470338
1.1896240437944738 9.008613104732184
1.2022063409730088 8.635871314791325
1.2147708906645491 8.337866836410505
1.2273521312637694 7.955272283337989
1.2399769911738878 7.726472523821043
1.2525667220095944 7.381321183396181
1.2651332198084175 7.110468788728736
1.2777516590554745 6.877514656943908
1.290345675012637 6.611803292623158
1.3029343638221447 6.374035454164496
1.3155376929046934 6.145715691876364
1.3281174714819182 5.927512163536476
1.3407038618127114 5.705508672772978
1.3533039956323651 5.508271809017508
1.3658801979009851 5.336192842528011
1.3784547377611038 5.119203826690398
1.391028228472753 4.930045211614967
1.4036176088634371 4.749627064637502
1.4162307266845828 4.62940113666959
1.4288327238231318 4.479343179337696
1.4414357605605077 4.311803896867506
1.4540420662985833 4.154232676233283
1.4666290001310294 4.0107075521339
1.479223233927611 3.895875156177597
1.4917979405670927 3.7967439563360066
1.504342072591223 3.6632567797982083
1.5169427293249753 3.5439143280612897
1.5295424653470175 3.4396409337319236
1.5421299704605833 3.3486417339263284
1.5547395520031324 3.2303098943781507
1.5673496087201642 3.165030430367948
1.579969987973017 3.0620386552226844
1.5925093854124444 2.972571195653588
1.6050513674379852 2.8996515890883243
1.6176486600174476 2.814246408168848
1.6302445001949661 2.6769702173456666
1.6428527694112232 2.562985550253836
1.655432221639463 2.4534791999238763
1.6680440255859141 2.343901712123867
1.6806789206890482 2.252078434384636
1.6932331315939038 2.156173935471176
1.7057845975195407 2.054903148980248
1.7183896309732527 1.9930155120483717
1.7309874185440806 1.9129537897139963
1.7435623448937683 1.8355887031288671
1.7561426634640505 1.7626984824864587
1.768745892175793 1.7065788977869785
1.7813334782050336 1.6383777988800758
1.7938985526958384 1.5754930405430665
1.806498080681975 1.5221156906447006
1.8190945363690545 1.4746452751968953
1.831693539710291 1.419708486781474
1.8442938066535453 1.3672350038236443
1.856887679193591 1.3223879322005085
1.8694996979258072 1.2687261515328523
1.8820874678435373 1.2276752502183572
1.8946480071290912 1.192067566474998
1.90722442382413 1.1508311316050006
1.9197955083167104 1.1177656361951458
1.9324077190392588 1.0762719124015248
1.9450267994293626 1.0415256196099942
1.9575901294986988 1.0066913947558689
1.9701677233625419 0.9759927549337754
1.982740328341285 0.9435690448402096
1.9953314743596542 0.9141833823372876
2.0079478346643773 0.8908713966146855
2.020502275436271 0.8637528273517117
2.033091375229659 0.8438344913469353
2.0457223504519226 0.8145964905170571
2.0582763462883684 0.7880362620805327
2.070869909095249 0.7725519614998879
2.0835199499115755 0.7465261688105578
2.096097125641409 0.7229892178967238
2.108627206088841 0.7056886261906975
2.1211870915125517 0.6777519868609779
2.133823132386968 0.6676177361969936
2.146410287377127 0.6428867010914364
2.158963563085566 0.6261770953579516
2.1715722325463123 0.6101696052253518
2.1842062325035823 0.5862397077462987
2.1967582541876487 0.5760053414963462
2.209329848683416 0.5514587841624344
2.221925909239812 0.539196194329361
2.234489591332652 0.514526369501411
2.2470405345948894 0.49690061796034213
2.259624100314443 0.47674859646347156
2.2722295314965915 0.44815941357251077
2.2848348222229307 0.4301460774984644
2.2974000386779996 0.41210826908713427
2.3099677799709837 0.3956068056369284
2.32257848357214 0.3808815611196778
2.335159521230421 0.36469444574364224
2.3476935649900046 0.35195063113356406
2.3603433164871634 0.33832003044554776
2.373033299473771 0.33457725519550774
2.3855678635589825 0.32140853366809374
2.3980601433668642 0.30843228903890185
2.41077896853111 0.3005962522664736
2.423453109943777 0.2955398987618883
2.435831195209725 0.28788606339422185
2.44847094404359 0.2796082355227224
2.4612848053934586 0.2700545847373588
2.473794880423976 0.2667123940121307
2.4861107686591355 0.2562184970593509
2.498755511659812 0.2583643168361781
2.5115847832453344 0.24784154445121453
2.5240933241388928 0.2432983127234453
2.536562701110756 0.2417678623350076
2.5493077516226497 0.22609282839865294
2.561978439831312 0.23133514329388555
2.5742127557983427 0.23077627428833414
2.5867319401348854 0.22351050795412128
2.599886904080178 0.22550443676444173
2.612601991730713 0.21811544000301022
2.624168567409619 0.21950586773672331
2.636617431092512 0.21547166499500536
2.6502878476251612 0.20994081572631343
2.6633415931334223 0.20439742311852319
2.674176912131968 0.20763722831523773
2.68654926071374 0.19871360744119207
2.700777045101042 0.2102762013470677
2.7145884416410175 0.2088705294452667
2.724874641447343 0.21234476078679215
2.736437828453113 0.2010750105638207
2.7506817507001906 0.1907779323707738
2.764797699055807 0.2071801484503711
2.7766321634107696 0.22447975847434665
2.785694055607802 0.06384419345629876
