0.01783209187197502 8522.941483257613
0.030213835030786926 6627.439668048249
0.04297487357678409 4576.032754576036
0.05577583798436815 4273.193727565527
0.06882863412500538 3936.055636316975
0.08110696464570487 2642.445320718887
0.09370674553631751 2336.610710294744
0.10636019509318773 1693.9999446810018
0.11912643058557942 1685.466625357439
0.13176693543452633 1394.665371824613
0.14419796924510334 1256.7534761486042
0.15684580028039308 1003.6784089196954
0.16972024869412103 897.4436472156906
0.18227245710657086 802.2969412453434
0.19477416222977514 798.4905668966849
0.2073340835947666 613.5427236776238
0.21991992144750114 568.7791198656488
0.23253646283801302 502.0333190630538
0.24518505143884045 456.08210255587403
0.2578378507460669 403.8671832669816
0.27039766737784715 362.92517017858415
0.2829104411759602 333.55596352331787
0.2955705379804184 292.9285907249151
0.30813996427931223 280.4119718068163
0.32072160731469535 251.94430141944486
0.3334116808196782 234.6791209101735
0.3460758772037973 214.88930246302468
0.35861285762440287 200.7948672270866
0.37115362695027365 186.45450585655934
0.3836672702512403 170.62155671467562
0.39630714272578765 156.529606318665
0.4089399593153122 147.97616978069445
0.4215634989091975 134.35673236123378
0.43418079502572066 127.44291617369807
0.44676205768023936 116.64648079867824
0.459369202851496 107.70625419964644
0.47189654828056166 101.38963407893357
0.484473503821824 95.72195301273456
0.4970859006058833 88.32336962430453
0.5096361353798288 83.37092504649961
0.5222277017157815 78.49268483503226
0.534835522758974 72.77804060091594
0.5474920039788612 69.08893608734421
0.560136536153408 64.30206550236464
0.5727270239485893 61.24226736759155
0.5852520646971225 57.53366565922279
0.5977898476833495 53.49957580152923
0.6103996074847241 50.88216093000141
0.623002092426746 47.46276880564728
0.6356030860286783 45.31903763937145
0.6482301980282449 42.76525187323716
0.6608495463994329 40.10654679760115
0.673474417391898 37.87260220819224
0.6860022567240296 36.2889813793033
0.6985809637891259 34.09948253437354
0.7111908491771031 32.29572635582885
0.7237149565943728 30.573688524266977
0.7363081577644074 29.204529617517096
0.7489074805118836 27.375278405602863
0.7615319556341396 25.997020899705042
0.7741323050847905 24.73236295068296
0.7866754473434128 23.49829012067491
0.7993235825500549 22.58548011070847
0.8119084864763902 21.22541735755774
0.8245003008650971 20.02491438552158
0.8371030476789421 19.33306312296146
0.849643396097957 18.3823138262322
0.8622716392224977 17.424254294197645
0.8748814140551402 16.519153244345432
0.8874320306379395 15.718464171045726
0.8999827699152774 15.215190535390981
0.912561859838373 14.284490948595126
0.9252292314560249 13.792922165634968
0.9378544149867101 13.14559323897674
0.9504457821018757 12.41091890587158
0.9630431388995867 11.93857989043164
0.9755988646043364 11.379571654511974
0.988157539663221 10.900718630645432
1.0007426245805002 10.482875959456637
1.013296182820831 10.025889603336559
1.0258723107356615 9.489261115644384
1.0385360311261858 9.11173947800993
1.0511519513207856 8.748998571049585
1.063708588478714 8.308943914112309
1.0762949902025594 8.064462058192655
1.0889194251788554 7.698498066044237
1.101512813586569 7.367393336306262
1.114037212359875 7.078443565226631
1.126643857258213 6.728954562855514
1.1392985127936899 6.4827976656647746
1.1518802725229733 6.227315839627605
1.1644525285109733 5.96991624353269
1.1770445539533514 5.68917070045886
1.1896240437944714 5.506738391077593
1.2022063409730064 5.254079509484055
1.2147708906645467 5.065578488310705
1.2273521312637667 4.831286284303259
1.2399769911738854 4.665716503198079
1.2525667220095917 4.467243808889137
1.2651332198084149 4.29165319551887
1.2777516590554718 4.132171572092242
1.2903456750126343 3.9750497868029497
1.3029343638221418 3.8171691605607405
1.3155376929046907 3.666621851221316
1.3281174714819155 3.538912597480125
1.3407038618127087 3.3950230685334657
1.3533039956323625 3.268547887093477
1.3658801979009823 3.1525746793304705
1.378454737761101 3.026299527231416
1.3910282284727502 2.901744924929786
1.4036176088634342 2.789645701749322
1.4162307266845797 2.7137882033446843
1.4288327238231289 2.6245835496058985
1.4414357605605048 2.512226200967622
1.4540420662985802 2.411124525173903
1.4666290001310263 2.330668697211607
1.479223233927608 2.257491934006409
1.4917979405670898 2.190633768463827
1.50434207259122 2.110689312054567
1.5169427293249722 2.0402426320122724
1.5295424653470142 1.972534706131833
1.5421299704605802 1.9162064878719038
1.554739552003129 1.8445208498849308
1.567349608720161 1.8033722416100084
1.5799699879730136 1.7446663574601726
1.5925093854124412 1.692094146743291
1.6050513674379818 1.6474732401936345
1.6176486600174442 1.591156403515321
1.6302445001949628 1.5089154755352738
1.6428527694112198 1.4354963974015165
1.6554322216394595 1.3707032004867288
1.6680440255859106 1.3108830544089813
1.6806789206890447 1.2542491630570316
1.6932331315939002 1.199189460901566
1.7057845975195371 1.1428931017081558
1.7183896309732491 1.104793120807738
1.730987418544077 1.05901743107491
1.7435623448937647 1.0097755175625842
1.756142663464047 0.9723370789503055
1.7687458921757893 0.9379237745962421
1.78133347820503 0.8980282844319178
1.7938985526958346 0.8645029595170851
1.8064980806819713 0.834621635270256
1.819094536369051 0.8072317169692615
1.8316935397102871 0.7753225853528628
1.8442938066535413 0.7462451879214261
1.8568876791935873 0.7198539224074525
1.8694996979258034 0.6900884798327845
1.8820874678435335 0.6701627221978317
1.8946480071290872 0.648576312969417
1.9072244238241263 0.6262418562370939
1.9197955083167064 0.6076083233637003
1.9324077190392548 0.5814677918295797
1.9450267994293586 0.5647298748847276
1.9575901294986948 0.5436542771872991
1.9701677233625376 0.5279250882567215
1.982740328341281 0.5084703788431644
1.9953314743596502 0.49342993042472605
2.007947834664373 0.47999219747444355
2.020502275436267 0.46391267977517825
2.033091375229655 0.4532347704590643
2.045722350451918 0.4373315688741967
2.058276346288364 0.42271927412352334
2.0708699090952445 0.4149495611696695
2.083519949911571 0.39997785335474
2.0960971256414047 0.38648804547814725
2.108627206088837 0.3774940410698995
2.1211870915125473 0.36069092808141184
2.1338231323869636 0.35612042063515686
2.1464102873771225 0.3411830065182694
2.1589635630855617 0.3343523225539124
2.1715722325463074 0.322883844298748
2.184206232503578 0.31172364501518546
2.196758254187644 0.30504818972658826
2.2093298486834114 0.29330611242680354
2.2219259092398076 0.28363344773627797
2.2344895913326472 0.26902039476641065
2.2470405345948845 0.26097739897562816
2.2596241003144386 0.2505669741143326
2.2722295314965866 0.23526851743892419
2.284834822222926 0.22331104164342444
2.297400038677995 0.21448875728876005
2.309967779970979 0.20612335802241816
2.3225784835721353 0.19782951974439258
2.335159521230416 0.1885802335333046
2.3476935649899997 0.18375090979718445
2.3603433164871586 0.1761442102084173
2.373033299473766 0.1738140081646236
2.3855678635589777 0.1677569158356615
2.3980601433668594 0.160996525954865
2.410778968531105 0.15580657342960164
2.423453109943772 0.15120081030759341
2.4358311952097202 0.1495113122750816
2.448470944043585 0.14545049810300867
2.4612848053934533 0.14022184116837955
2.473794880423971 0.1376590383986981
2.48611076865913 0.134344634493879
2.498755511659807 0.1330157791734248
2.511584783245329 0.1296264118971331
2.5240933241388874 0.1255998459528767
2.5365627011107508 0.12597347504071327
2.5493077516226443 0.1176040961358963
2.561978439831307 0.11998641901566016
2.5742127557983374 0.12021361904632001
2.58673194013488 0.11935355996754422
2.5998869040801726 0.11902959450314714
2.6126019917307075 0.11274574612146732
2.624168567409613 0.11555610841230385
2.636617431092507 0.11503792611679035
2.650287847625156 0.10928579092707964
2.663341593133417 0.10636405495358416
2.674176912131962 0.11145117251598284
2.6865492607137345 0.10695015058864984
2.7007770451010362 0.11054443030123667
2.7145884416410118 0.11142464762812296
2.7248746414473373 0.11512762739793547
2.7364378284531075 0.10119217514826871
2.7506817507001853 0.1128545486070203
2.7647976990558014 0.123308785999778
2.776632163410764 0.11648572097742386
2.785694055607796 0.034497029175482495
