0.017832091871974997 8345.935620261258
0.03021383503078688 6482.7243507993035
0.04297487357678402 4460.306243510094
0.05577583798436807 4156.810293924511
0.06882863412500527 3831.709859581751
0.08110696464570474 2562.425302062898
0.09370674553631736 2268.7925312469897
0.10636019509318756 1636.1134306317742
0.11912643058557924 1631.8270852514768
0.13176693543452614 1349.3820247680928
0.1441979692451031 1211.8484119356442
0.15684580028039286 970.2837616045276
0.16972024869412078 868.0622230317346
0.18227245710657058 780.7676362214677
0.19477416222977484 775.2010134093721
0.20733408359476627 595.5622633080092
0.2199199214475008 553.4570078732895
0.2325364628380127 485.1485514104624
0.2451850514388401 443.6716227152724
0.2578378507460665 392.23654891646527
0.2703976673778467 352.7192112897321
0.28291044117595976 325.88868581324584
0.29557053798041794 285.3979339984744
0.3081399642793118 273.75267850465406
0.32072160731469485 244.6461446673807
0.33341168081967765 226.83389119807805
0.3460758772037968 209.9838502554687
0.3586128576244023 195.4295779151404
0.3711536269502731 181.80967572663172
0.38366727025123976 166.8504453010574
0.39630714272578704 153.3697352676666
0.4089399593153116 144.2226233730725
0.4215634989091968 132.08969715375463
0.43418079502572 124.71075834935773
0.4467620576802387 115.1887392775018
0.45936920285149535 105.82557188855158
0.47189654828056093 100.29524064673922
0.4844735038218233 95.53454396590705
0.49708590060588254 87.73598891210358
0.509636135379828 83.32444894051036
0.5222277017157807 78.50408289351851
0.5348355227589732 72.77667227448572
0.5474920039788604 70.23337241323344
0.5601365361534071 65.44624234965816
0.5727270239485885 62.38302472496826
0.5852520646971217 58.85834623535563
0.5977898476833486 54.98008391277269
0.6103996074847232 52.5754454498385
0.623002092426745 49.311353265708966
0.6356030860286774 47.339732191495045
0.6482301980282439 44.87565256516721
0.6608495463994319 42.498607691113
0.673474417391897 40.07675870440862
0.6860022567240286 38.691342930855924
0.6985809637891248 36.497674554817706
0.711190849177102 34.6593361059709
0.7237149565943717 33.148215141653964
0.7363081577644063 31.78150698367386
0.7489074805118824 30.13379738409363
0.7615319556341384 28.79431971794779
0.7741323050847893 27.378730030241275
0.7866754473434117 26.152476062140664
0.7993235825500536 25.35413280751906
0.811908486476389 24.01971682553367
0.8245003008650957 22.795607411099866
0.8371030476789407 22.121049287224505
0.8496433960979558 21.100539648400435
0.8622716392224964 20.115269204638096
0.8748814140551389 19.30116596833036
0.8874320306379382 18.424591133240238
0.899982769915276 17.867511267243728
0.9125618598383716 16.922452111968813
0.9252292314560235 16.37996787671274
0.9378544149867086 15.737986037813862
0.9504457821018742 14.931885436373006
0.9630431388995853 14.43686332306331
0.9755988646043349 13.839824847109542
0.9881575396632195 13.320737749258384
1.000742624580499 12.862341614589353
1.0132961828208293 12.364593249367724
1.02587231073566 11.770126270463768
1.0385360311261842 11.387379212170627
1.051151951320784 10.937703268122698
1.0637085884787123 10.483391167835055
1.0762949902025578 10.098203560753081
1.0889194251788537 9.780689499794903
1.1015128135865673 9.358168043488357
1.1140372123598732 9.014317316148974
1.1266438572582111 8.656105008976606
1.1392985127936883 8.348974487843869
1.1518802725229718 8.029476548599513
1.1644525285109715 7.764910438077855
1.1770445539533496 7.476496643594721
1.1896240437944696 7.2065358120261545
1.2022063409730046 6.856571254331098
1.2147708906645447 6.659672179682448
1.227352131263765 6.380043819706623
1.2399769911738834 6.195195890579708
1.25256672200959 5.944758029536478
1.265133219808413 5.723435861473534
1.2777516590554698 5.524233764336686
1.2903456750126323 5.333139664412726
1.30293436382214 5.127495949794545
1.3155376929046887 4.959462388863168
1.3281174714819135 4.785738713296378
1.3407038618127067 4.612195272669484
1.3533039956323603 4.446682604051537
1.3658801979009803 4.297651033034468
1.378454737761099 4.1506053591932925
1.3910282284727482 3.969225140996434
1.4036176088634322 3.839166390828121
1.4162307266845777 3.7393515997859907
1.4288327238231266 3.6370206162549623
1.4414357605605026 3.4882042021636477
1.454042066298578 3.3627784398059215
1.466629000131024 3.2432077501770626
1.4792232339276057 3.1537816775668737
1.4917979405670874 3.0643637204847662
1.5043420725912175 2.9509664003962457
1.51694272932497 2.8611140858998785
1.529542465347012 2.787609997823764
1.5421299704605778 2.702674603835474
1.5547395520031269 2.610758313803671
1.5673496087201586 2.546655533913472
1.5799699879730111 2.4735099416568262
1.5925093854124388 2.4077261204567284
1.6050513674379794 2.3445142247602107
1.6176486600174418 2.269408427264614
1.6302445001949604 2.177007605984185
1.6428527694112172 2.0900774854878605
1.655432221639457 2.011916458523589
1.6680440255859081 1.9326957527231396
1.6806789206890422 1.8465871480809524
1.6932331315938978 1.7846236102432538
1.7057845975195345 1.7155283902948877
1.7183896309732465 1.6501076557169811
1.7309874185440743 1.5884900411655671
1.743562344893762 1.524375070681126
1.7561426634640442 1.4718769476843843
1.7687458921757866 1.4172043519460782
1.7813334782050272 1.3682125830629681
1.793898552695832 1.3169204486437904
1.8064980806819686 1.2718522610769871
1.819094536369048 1.2264522471171708
1.8316935397102843 1.1849811158623893
1.8442938066535386 1.1399365317225094
1.8568876791935844 1.0963186045185846
1.8694996979258005 1.0530374774977804
1.8820874678435306 1.0225093464151092
1.8946480071290843 0.9890308671930196
1.9072244238241234 0.9562394194804783
1.9197955083167035 0.9281873629904746
1.9324077190392517 0.8873934425857409
1.9450267994293555 0.8605424381738103
1.957590129498692 0.8296025324807449
1.9701677233625348 0.8089433280380162
1.982740328341278 0.7694576458587205
1.995331474359647 0.7470417490872386
2.00794783466437 0.7269863688233368
2.020502275436264 0.6997902710990807
2.033091375229652 0.6800078142086179
2.045722350451915 0.6577829990121921
2.058276346288361 0.6408270457048953
2.0708699090952414 0.6200320036267236
2.083519949911568 0.6014608851832051
2.0960971256414016 0.5772042974446334
2.1086272060888334 0.5651103869076847
2.121187091512544 0.5399758970065955
2.13382313238696 0.5290317124947964
2.1464102873771194 0.506624370760286
2.1589635630855586 0.49706532006705084
2.1715722325463043 0.48153089971529794
2.1842062325035743 0.46824453005657257
2.1967582541876407 0.45702432005328275
2.209329848683408 0.4337862162823409
2.221925909239804 0.4267367556558366
2.234489591332644 0.40949535132037573
2.247040534594881 0.3940798696031269
2.259624100314435 0.37322283683469776
2.2722295314965835 0.3576340992552219
2.2848348222229227 0.34097885921247684
2.2974000386779916 0.32723536955705546
2.3099677799709757 0.3123522505928309
2.3225784835721317 0.3007309681976958
2.3351595212304126 0.2916379417239164
2.347693564989996 0.2791058340585182
2.360343316487155 0.26721606388867264
2.3730332994737626 0.26129528926932044
2.385567863558974 0.2557389989914857
2.398060143366856 0.24282040817174408
2.4107789685311016 0.23795034219528244
2.423453109943768 0.22990196409696892
2.4358311952097162 0.22444858415266963
2.448470944043581 0.2135746022254719
2.4612848053934497 0.20995163413037662
2.4737948804239673 0.20851063950588
2.4861107686591266 0.1987381866516376
2.498755511659803 0.19311317312597062
2.5115847832453255 0.18846478440727832
2.524093324138884 0.18417220915614801
2.5365627011107468 0.18264153861377105
2.549307751622641 0.16823698321847727
2.5619784398313032 0.17093622843388243
2.5742127557983334 0.16202469565691568
2.586731940134876 0.15966114239815987
2.5998869040801686 0.15664732987823804
2.6126019917307035 0.1558695520793624
2.624168567409609 0.15557389260445284
2.636617431092503 0.15095078567337422
2.650287847625152 0.14127953581489675
2.6633415931334126 0.13884259028639004
2.674176912131958 0.14824915641181163
2.6865492607137305 0.13800685612392186
2.7007770451010322 0.15164552427835964
2.7145884416410078 0.13715236305274525
2.7248746414473333 0.14993933632016146
2.736437828453103 0.14181198864868233
2.750681750700181 0.13070896513805272
2.764797699055797 0.15659711157627162
2.77663216341076 0.10346057762276267
2.785694055607792 0.06581400531071854
