0.01783209187197502 8530.25541832949
0.030213835030786923 6588.701347566954
0.04297487357678408 4529.598703917188
0.055775837984368144 4231.886465837379
0.06882863412500537 3903.4463271098
0.08110696464570485 2614.25373810303
0.0937067455363175 2317.9289875966365
0.10636019509318771 1685.7390695976164
0.11912643058557941 1690.5423922590448
0.1317669354345263 1404.4876464330964
0.1441979692451033 1269.2212074613933
0.15684580028039308 1022.4899969954013
0.169720248694121 925.3663516584071
0.18227245710657086 836.7016076192461
0.19477416222977512 839.6883204866607
0.20733408359476657 650.5270082819818
0.2199199214475011 610.753678558311
0.232536462838013 544.9086239698197
0.24518505143884042 503.34348539600495
0.2578378507460669 450.0507085912005
0.2703976673778471 409.8010054522589
0.28291044117596015 382.6193583329517
0.2955705379804183 341.109348221121
0.30813996427931223 331.5405956199637
0.3207216073146953 300.94630283069046
0.33341168081967815 284.41482450955476
0.3460758772037973 266.02213590205855
0.3586128576244028 251.53034356568912
0.3711536269502736 237.06772184400305
0.38366727025124026 220.1732367657499
0.3963071427257876 205.05768543476057
0.40893995931531213 197.33508119556407
0.4215634989091974 181.75808169111255
0.4341807950257206 174.87226039287498
0.4467620576802393 162.92785883259972
0.45936920285149596 152.34892122226378
0.4718965482805616 145.93397540055227
0.48447350382182397 139.80307858638918
0.49708590060588326 130.95603052237098
0.5096361353798287 125.74914343357925
0.5222277017157815 120.08057669001487
0.534835522758974 112.7653039377474
0.5474920039788611 109.24232085987808
0.5601365361534079 103.08942956340762
0.5727270239485893 99.4392017245795
0.5852520646971225 94.77434669734234
0.5977898476833495 89.34148786282802
0.610399607484724 86.30567414532287
0.6230020924267459 81.51759292039156
0.6356030860286783 78.95937710749693
0.6482301980282448 75.1399044397274
0.6608495463994328 72.00815200365278
0.673474417391898 68.5523610291397
0.6860022567240295 66.53776817396047
0.6985809637891258 63.47060334995313
0.711190849177103 60.98696642022973
0.7237149565943727 58.56633359854093
0.7363081577644073 56.149569096547914
0.7489074805118835 53.718462414892024
0.7615319556341394 51.42139065907296
0.7741323050847904 49.44341571482571
0.7866754473434128 47.668271433750725
0.7993235825500548 46.13006764761423
0.8119084864763901 43.937935417005086
0.824500300865097 41.95500749095169
0.837103047678942 40.97318838289588
0.8496433960979569 39.28993589294446
0.8622716392224976 37.42414150414237
0.8748814140551401 35.97129936430212
0.8874320306379394 34.59675996176106
0.8999827699152773 33.74864328713835
0.9125618598383728 32.020747622206
0.9252292314560248 31.123665193497747
0.93785441498671 29.980636683577647
0.9504457821018756 28.509700693907234
0.9630431388995866 27.722638311515823
0.9755988646043362 26.65827106513953
0.9881575396632208 25.619292294061175
1.0007426245805002 24.91635008349885
1.0132961828208307 23.91098099660578
1.0258723107356615 22.94042777917402
1.0385360311261855 22.07453436944045
1.0511519513207854 21.305965280153515
1.0637085884787139 20.46842512139359
1.0762949902025591 19.862673407422474
1.0889194251788552 19.181514406793013
1.1015128135865688 18.36431827165142
1.1140372123598747 17.713977352520317
1.1266438572582127 17.14097743756467
1.1392985127936899 16.54853353481174
1.1518802725229733 15.969573800925106
1.164452528510973 15.403093608976688
1.1770445539533514 14.843482548261973
1.1896240437944712 14.413872778759478
1.2022063409730062 13.82352727709409
1.2147708906645465 13.420444089563189
1.2273521312637667 12.831660262214957
1.2399769911738852 12.54579017947533
1.2525667220095915 12.007319418644919
1.2651332198084149 11.576168269001613
1.2777516590554716 11.251475022859966
1.290345675012634 10.852380837715177
1.3029343638221418 10.503090536043237
1.3155376929046905 10.151495728095076
1.3281174714819153 9.825431297129276
1.3407038618127085 9.484772030713701
1.3533039956323623 9.170356088041018
1.365880197900982 8.928454952920932
1.378454737761101 8.585478905359041
1.39102822847275 8.253202804191499
1.403617608863434 8.011679821512262
1.4162307266845795 7.829975806950356
1.4288327238231286 7.5829414605823
1.4414357605605046 7.342387530617445
1.45404206629858 7.097406146098366
1.466629000131026 6.841060479383963
1.4792232339276077 6.661718528146898
1.4917979405670896 6.517073486825068
1.5043420725912198 6.289949656800347
1.516942729324972 6.104291189684567
1.529542465347014 5.955262586064628
1.54212997046058 5.801485441332828
1.5547395520031289 5.608042698644906
1.5673496087201608 5.5085279554964375
1.5799699879730134 5.334026176501254
1.592509385412441 5.1893258140456116
1.6050513674379816 5.063023347395784
1.617648660017444 4.937357162736761
1.6302445001949626 4.723407790528205
1.6428527694112196 4.567011783693087
1.6554322216394592 4.379788077877082
1.6680440255859104 4.2048395861039065
1.6806789206890445 4.0445597476771855
1.6932331315939 3.89605925595964
1.705784597519537 3.736108302089502
1.718389630973249 3.6247445204079067
1.7309874185440768 3.48978336560261
1.7435623448937645 3.3680168213060706
1.7561426634640467 3.237149307235636
1.768745892175789 3.133207832678422
1.7813334782050296 3.0247735355458985
1.7938985526958344 2.911669450445758
1.806498080681971 2.8222963350282626
1.8190945363690505 2.725960586001592
1.831693539710287 2.6337800473620754
1.844293806653541 2.540698789189336
1.856887679193587 2.4642393917125225
1.8694996979258032 2.373252257722296
1.882087467843533 2.290973374330389
1.894648007129087 2.226996079164359
1.9072244238241258 2.154698444122167
1.9197955083167062 2.099031263531782
1.9324077190392543 2.0210985848916887
1.9450267994293582 1.9597553221420778
1.9575901294986946 1.8931631658727535
1.9701677233625374 1.8433856583449861
1.9827403283412808 1.7733304199039057
1.9953314743596497 1.7196942085358495
2.007947834664373 1.6765741910370953
2.0205022754362667 1.621848912434617
2.0330913752296547 1.580547554754299
2.0457223504519177 1.5349045838099509
2.058276346288364 1.4916997475581906
2.070869909095244 1.4566480823093728
2.083519949911571 1.411684969822591
2.0960971256414043 1.364255760888311
2.1086272060888365 1.3293084962132513
2.1211870915125473 1.2793905325370571
2.133823132386963 1.2573535452182698
2.1464102873771225 1.2136341764643122
2.1589635630855617 1.1860322727885226
2.1715722325463074 1.1524727172466451
2.1842062325035774 1.1164707892876051
2.196758254187644 1.095667331279799
2.209329848683411 1.0449994536761082
2.221925909239807 1.0261610231008473
2.234489591332647 0.9875778434892275
2.247040534594884 0.949479244406542
2.259624100314438 0.9096220781554945
2.2722295314965866 0.8622584995869423
2.2848348222229258 0.833433228809069
2.2974000386779947 0.7958277912085062
2.309967779970979 0.7679224210384228
2.322578483572135 0.7390982881333026
2.3351595212304157 0.7084738552878119
2.3476935649899997 0.6845968923378996
2.360343316487158 0.6568906710507103
2.3730332994737657 0.6466424118428887
2.385567863558977 0.6219836321694535
2.398060143366859 0.5971993685203434
2.410778968531105 0.585093128790012
2.4234531099437717 0.5772971258661382
2.43583119520972 0.5561913761459807
2.4484709440435846 0.533936149102698
2.4612848053934533 0.5207370018795798
2.473794880423971 0.5198700245634676
2.4861107686591297 0.4949368968122411
2.4987555116598066 0.4921317288315163
2.5115847832453286 0.47251912293682385
2.524093324138887 0.47276150744936013
2.5365627011107503 0.45981019179866495
2.549307751622644 0.4301159822802914
2.561978439831307 0.4425915067556995
2.574212755798337 0.4258899499005882
2.5867319401348796 0.40677813653549694
2.599886904080172 0.4142985808728856
2.612601991730707 0.41169015445364826
2.624168567409613 0.4177678502907715
2.6366174310925063 0.39316347302782734
2.6502878476251555 0.3905665448907646
2.6633415931334166 0.3758173744120172
2.6741769121319616 0.3910611678924164
2.686549260713734 0.3658248889680179
2.700777045101036 0.3947420886497627
2.7145884416410113 0.3639024446978067
2.724874641447337 0.3877414223199141
2.736437828453107 0.3790493764703145
2.750681750700185 0.3134547321306977
2.764797699055801 0.4015248464414298
2.7766321634107634 0.2896826515956781
2.7856940556077956 0.19662690476251785
