0.01783209187197514 8372.087861916702
0.030213835030787128 6500.258287549455
0.042974873576784374 4464.169256073749
0.05577583798436852 4165.879323211707
0.06882863412500584 3859.809455644906
0.0811069646457054 2587.568081261965
0.09370674553631812 2313.8708771406127
0.10636019509318842 1677.5288800991952
0.11912643058558021 1696.7987206214566
0.13176693543452722 1420.8622958615915
0.14419796924510428 1293.4549079361357
0.15684580028039413 1057.4961871907117
0.16972024869412217 968.0542227610268
0.18227245710657208 890.2534942607209
0.19477416222977642 900.581981435543
0.20733408359476796 707.6371331751674
0.2199199214475026 674.799591530521
0.23253646283801457 603.5538774292365
0.24518505143884206 568.4655949091344
0.25783785074606863 511.60892970423134
0.2703976673778489 473.7206145812499
0.28291044117596204 449.0970117453733
0.2955705379804203 403.7203342383167
0.3081399642793143 396.6190016053404
0.32072160731469745 361.4113846263749
0.33341168081968037 343.20513914376795
0.3460758772037996 328.2778181851242
0.35861285762440526 311.8166109577982
0.3711536269502761 296.4197674119789
0.38366727025124286 277.9109159236602
0.39630714272579026 261.270898006651
0.40893995931531485 251.4660307856227
0.42156349890920025 235.66985138465108
0.43418079502572354 226.5174394800322
0.44676205768024235 214.88144229808591
0.45936920285149907 201.19840579771656
0.47189654828056476 194.65915244449837
0.48447350382182724 189.21334910423406
0.4970859006058866 176.70387906919504
0.5096361353798321 171.78141877486243
0.5222277017157849 164.65556292603347
0.5348355227589775 155.1390623093904
0.5474920039788649 153.07126270926364
0.5601365361534116 145.3024241592226
0.5727270239485932 141.00510507053374
0.5852520646971264 135.34521518718628
0.5977898476833535 127.93850173040678
0.6103996074847281 125.38028331741985
0.6230020924267501 118.92992812191105
0.6356030860286825 115.96765351540772
0.6482301980282492 110.98268880492454
0.6608495463994373 107.66314266686038
0.6734744173919025 102.6316030445069
0.6860022567240341 100.22915589199074
0.6985809637891305 96.29890841054406
0.7111908491771077 92.64312460523041
0.7237149565943776 90.02911038563458
0.7363081577644123 86.86416371824258
0.7489074805118885 83.8241587127479
0.7615319556341447 80.9140340209892
0.7741323050847956 77.62287321669362
0.786675447343418 75.62710342793352
0.7993235825500601 73.41583704574194
0.8119084864763957 70.4418682277518
0.8245003008651025 67.89405330067748
0.8371030476789476 66.61279601984415
0.8496433960979627 64.07308850943184
0.8622716392225034 61.38662997622878
0.874881414055146 59.56189155690728
0.8874320306379454 57.74260904604075
0.8999827699152834 56.13471225600928
0.912561859838379 54.03560250306146
0.925229231456031 52.694068486574956
0.9378544149867163 51.10256897687625
0.950445782101882 48.73252405915255
0.963043138899593 47.61413157751723
0.9755988646043429 46.18347767263275
0.9881575396632275 44.46572535750473
1.000742624580507 43.51409601678334
1.0132961828208376 42.00454192400381
1.0258723107356684 40.32234224903876
1.0385360311261926 39.1308350859086
1.0511519513207925 37.890924614138875
1.063708588478721 36.641305146740166
1.0762949902025665 35.388829193818125
1.0889194251788625 34.51423111312916
1.1015128135865764 33.33224600990427
1.1140372123598823 32.1438054481467
1.1266438572582202 31.30747528265745
1.1392985127936974 30.26700673326398
1.151880272522981 29.23676812438862
1.164452528510981 28.51673222812217
1.1770445539533594 27.601427193446053
1.1896240437944792 26.80829643184091
1.2022063409730144 25.484298104988085
1.2147708906645547 24.982916556003925
1.227352131263775 24.113816383615713
1.2399769911738936 23.513374918215973
1.2525667220096002 22.662499487518247
1.2651332198084233 21.91060654895323
1.2777516590554803 21.35542508727945
1.290345675012643 20.515645757283952
1.3029343638221504 20.019840633762435
1.3155376929046994 19.47525332683612
1.3281174714819242 18.819307165863698
1.3407038618127176 18.2504010207349
1.3533039956323714 17.619241211631724
1.3658801979009914 17.19157933286378
1.3784547377611103 16.661757904093573
1.3910282284727595 15.935165664085691
1.4036176088634436 15.544021528944254
1.4162307266845893 15.245149342126503
1.4288327238231382 14.761080070065878
1.4414357605605144 14.337136280607838
1.4540420662985898 13.881228477000406
1.466629000131036 13.46872982744219
1.4792232339276177 13.147526088324398
1.4917979405670996 12.775263250780027
1.5043420725912298 12.403760849267938
1.5169427293249822 12.013274571389136
1.5295424653470244 11.821766442896449
1.5421299704605904 11.46313900104152
1.5547395520031393 11.066556407007011
1.5673496087201713 10.883786877332888
1.579969987973024 10.581576749582302
1.5925093854124517 10.330400189021764
1.6050513674379925 10.047524973680153
1.6176486600174549 9.788067826982218
1.6302445001949735 9.449156419669638
1.6428527694112305 9.126291095304381
1.6554322216394706 8.808511142663422
1.6680440255859217 8.504579413162622
1.6806789206890558 8.154778300033506
1.6932331315939115 7.872841046802962
1.7057845975195485 7.624430709123047
1.7183896309732605 7.362744799013802
1.7309874185440886 7.120094532907498
1.7435623448937763 6.8664528844096155
1.7561426634640585 6.596124187374408
1.768745892175801 6.397579598971388
1.7813334782050418 6.187920757196954
1.7938985526958466 5.977919377791078
1.8064980806819833 5.757192332217592
1.819094536369063 5.546975641373323
1.8316935397102991 5.3944394328928365
1.8442938066535535 5.1829942035390015
1.8568876791935995 5.022874553119903
1.8694996979258158 4.826898963102483
1.882087467843546 4.6728433654734784
1.8946480071290996 4.515777375807689
1.9072244238241387 4.3879546577560715
1.919795508316719 4.249522648313554
1.9324077190392674 4.102997466150106
1.9450267994293713 3.9746322815975117
1.9575901294987077 3.8413930987763076
1.9701677233625507 3.727877886335787
1.982740328341294 3.575302022974803
1.9953314743596633 3.469191067789247
2.007947834664386 3.4127836080419574
2.0205022754362805 3.256991337577028
2.0330913752296684 3.1768667449793404
2.0457223504519315 3.084196449171684
2.0582763462883777 2.987194820009689
2.0708699090952583 2.8965865477526482
2.083519949911585 2.8203204630530796
2.0960971256414185 2.716477937845251
2.1086272060888507 2.6577317544871546
2.1211870915125615 2.560068375623373
2.1338231323869774 2.4992933530099415
2.1464102873771367 2.428335455410839
2.1589635630855764 2.3492491025607163
2.171572232546322 2.2827517638471364
2.184206232503592 2.207954806059815
2.1967582541876585 2.183748292675228
2.209329848683426 2.0923616631666073
2.2219259092398222 2.0406019622395273
2.234489591332662 1.9819402345286492
2.2470405345948996 1.894396431002233
2.2596241003144533 1.8140574537925498
2.2722295314966017 1.7428765930700478
2.2848348222229413 1.6760823737321804
2.2974000386780102 1.5956243466202298
2.3099677799709943 1.5293010385049888
2.322578483572151 1.4945639807569957
2.3351595212304317 1.432123082733911
2.3476935649900152 1.3882669813764066
2.360343316487174 1.3373268733575203
2.3730332994737817 1.2940272043928156
2.3855678635589936 1.2621735915313772
2.3980601433668753 1.1891055283889518
2.410778968531121 1.1641943735812814
2.423453109943788 1.1281732683068015
2.4358311952097362 1.1039879996963773
2.448470944043601 1.048635718945195
2.4612848053934697 1.0490400080921727
2.4737948804239873 1.0061177825921057
2.4861107686591466 0.9840889658514915
2.4987555116598235 0.9696064388644723
2.511584783245346 0.9255160855027951
2.5240933241389043 0.9152903452570291
2.5365627011107676 0.8668383720035925
2.549307751622661 0.8351464194583966
2.561978439831324 0.8623110589889571
2.5742127557983543 0.8430373976747031
2.5867319401348974 0.7967901588489373
2.59988690408019 0.7774941718208452
2.612601991730725 0.759717695010749
2.624168567409631 0.7575662350613018
2.636617431092524 0.721301756563227
2.6502878476251737 0.7012009205731364
2.6633415931334343 0.7035206321906372
2.67417691213198 0.7342351847164708
2.686549260713752 0.6831971335316406
2.700777045101054 0.7069544550684848
2.71458844164103 0.6417671133092877
2.724874641447355 0.7534845945703114
2.736437828453125 0.7265960908067206
2.7506817507002035 0.6621895666801932
2.7647976990558196 0.6732143579589598
2.7766321634107825 0.5770908716420161
2.7856940556078147 0.37676873325703875
