0.01783209187197512 8390.065057766682
0.03021383503078709 6526.749754245875
0.04297487357678432 4510.401861232759
0.055775837984368457 4217.10697152569
0.06882863412500574 3888.120867757955
0.0811069646457053 2615.022316168882
0.09370674553631801 2318.0698663970015
0.1063601950931883 1685.5782051859817
0.11912643058558006 1682.7344904342299
0.13176693543452705 1397.1255049753618
0.1441979692451041 1264.4600810249324
0.15684580028039394 1015.4193784871055
0.16972024869412194 913.7252824816595
0.18227245710657186 820.3805961082684
0.19477416222977617 822.4649230146971
0.2073340835947677 636.265794520675
0.21991992144750233 594.2285391813018
0.23253646283801427 529.3297565860345
0.24518505143884178 485.04452690337223
0.2578378507460683 433.0417626052807
0.2703976673778486 392.76353477441205
0.2829104411759617 364.2537856581477
0.29557053798042 323.7769320027655
0.3081399642793139 313.03481811283666
0.32072160731469707 284.00906473039163
0.33341168081968 268.09233931068246
0.3460758772037992 248.41082618998033
0.35861285762440476 234.4796243861884
0.37115362695027565 220.16814840719684
0.38366727025124236 203.5287578940667
0.39630714272578976 189.10412734790634
0.40893995931531435 181.58939189153085
0.4215634989091997 166.35956806111807
0.434180795025723 159.87576358648977
0.4467620576802418 147.98582983804053
0.4593692028514985 138.45945282369945
0.47189654828056415 131.87146669738473
0.48447350382182663 125.72230285154305
0.497085900605886 117.75053898505075
0.5096361353798314 112.47835941034748
0.5222277017157843 107.130780866493
0.5348355227589768 100.71578943844999
0.5474920039788642 96.5712994331122
0.560136536153411 90.9109665333695
0.5727270239485924 87.58209300319675
0.5852520646971258 83.23827530198696
0.5977898476833527 78.39712979486373
0.6103996074847274 75.23551381962808
0.6230020924267493 70.8772114349428
0.6356030860286818 68.46017519079706
0.6482301980282483 65.01861294065507
0.6608495463994365 61.84446107738662
0.6734744173919016 59.009504751323036
0.6860022567240333 56.95514539317368
0.6985809637891297 54.25903879515094
0.7111908491771068 52.04489464525232
0.7237149565943767 49.72871583048383
0.7363081577644114 47.606015540168634
0.7489074805118876 45.24765982099797
0.7615319556341437 43.220450528684545
0.7741323050847946 41.52756097301673
0.7866754473434171 39.86681343131764
0.7993235825500591 38.43839366393397
0.8119084864763947 36.47242285238305
0.8245003008651015 34.681869173358756
0.8371030476789465 33.7693593748423
0.8496433960979617 32.33573109543212
0.8622716392225024 30.730261187938385
0.8748814140551449 29.35746555638715
0.8874320306379443 28.203376604521317
0.8999827699152823 27.475012888338682
0.9125618598383779 25.934535335345537
0.9252292314560299 25.193299391355687
0.9378544149867151 24.130021194661612
0.9504457821018808 22.891113730647735
0.9630431388995918 22.180032560169916
0.9755988646043416 21.285651558912733
0.9881575396632263 20.393134789015516
1.0007426245805058 19.809496644869064
1.0132961828208364 18.92323078814518
1.025872310735667 18.105541705055042
1.0385360311261913 17.370005447543587
1.0511519513207912 16.752550274259
1.0637085884787196 16.02344401944197
1.0762949902025651 15.55652186500204
1.0889194251788612 14.932023375157167
1.101512813586575 14.278061221762142
1.114037212359881 13.754326957973065
1.126643857258219 13.250168303492464
1.139298512793696 12.74468549592188
1.1518802725229795 12.302648829013862
1.1644525285109795 11.799847911395501
1.1770445539533578 11.323449474220016
1.1896240437944778 10.993610562115212
1.2022063409730128 10.561577212698067
1.2147708906645531 10.21321297537968
1.2273521312637734 9.736505069710889
1.239976991173892 9.48575372554967
1.2525667220095986 9.051379673393214
1.2651332198084217 8.72953805334229
1.2777516590554787 8.464332902003258
1.2903456750126412 8.139198435277327
1.3029343638221489 7.858844162657452
1.3155376929046976 7.584792480920895
1.3281174714819226 7.313952753241791
1.3407038618127158 7.055204647156105
1.3533039956323696 6.8110088569293215
1.3658801979009896 6.614701992841481
1.3784547377611085 6.345009124962727
1.3910282284727578 6.125114772548831
1.4036176088634418 5.9095398744705
1.4162307266845875 5.760621267215212
1.4288327238231364 5.575163471781142
1.4414357605605126 5.373760805381519
1.454042066298588 5.192265744561263
1.4666290001310343 5.009205622193496
1.479223233927616 4.870364970957085
1.4917979405670978 4.7539335489320855
1.504342072591228 4.5890068804550115
1.5169427293249804 4.444027808059369
1.5295424653470224 4.321069615192894
1.5421299704605884 4.210671604265282
1.5547395520031375 4.068161706093348
1.5673496087201695 3.9854580037678504
1.579969987973022 3.8575978829543858
1.5925093854124497 3.7449041281806035
1.6050513674379905 3.6586817069661164
1.6176486600174529 3.5577663153711914
1.6302445001949715 3.3917691002136454
1.6428527694112285 3.2624249515272847
1.6554322216394683 3.123867537071383
1.6680440255859197 2.992304718232518
1.6806789206890538 2.879168378119662
1.6932331315939093 2.7585128487421056
1.7057845975195463 2.6340624346685084
1.7183896309732583 2.561225255906331
1.7309874185440863 2.46082921554667
1.743562344893774 2.3678970352948308
1.7561426634640562 2.272128685968857
1.7687458921757988 2.2036543437373894
1.7813334782050396 2.118836982862424
1.7938985526958444 2.0371979870980104
1.806498080681981 1.9702985677664056
1.8190945363690607 1.9095623667264296
1.831693539710297 1.8426191361831492
1.8442938066535512 1.7756812437048421
1.8568876791935973 1.7174064894450345
1.8694996979258134 1.6533003530043215
1.8820874678435435 1.59460302139535
1.8946480071290974 1.5519288241839744
1.9072244238241365 1.4987418309142173
1.9197955083167166 1.4589004812412003
1.932407719039265 1.4055660237013399
1.945026799429369 1.358713958475321
1.9575901294987053 1.3141765978388082
1.9701677233625483 1.2739934103828277
1.9827403283412917 1.2358421171825351
1.9953314743596609 1.1947973345629717
2.007947834664384 1.16419648234927
2.020502275436278 1.1310387882064736
2.033091375229666 1.101690217805904
2.0457223504519293 1.0679703907120435
2.058276346288375 1.0344328269466057
2.0708699090952556 1.0125370506213236
2.0835199499115826 0.9805035127523439
2.096097125641416 0.9486138153915725
2.108627206088848 0.9252263168156426
2.121187091512559 0.8920246565265401
2.1338231323869747 0.8784333967186835
2.146410287377134 0.8459595052826201
2.1589635630855737 0.823508192028983
2.1715722325463194 0.8041081885268565
2.1842062325035894 0.7738130431854149
2.196758254187656 0.7615230763346857
2.2093298486834234 0.7270083222457718
2.2219259092398196 0.7143089331852005
2.2344895913326592 0.6860790517187243
2.2470405345948965 0.659523178018695
2.2596241003144506 0.6327376796917094
2.272229531496599 0.5990731233719716
2.284834822222938 0.5768030297334854
2.2974000386780076 0.5524003098088164
2.3099677799709912 0.5311651503601929
2.3225784835721477 0.5126015135975487
2.3351595212304286 0.4916036906151736
2.3476935649900126 0.47413580798636623
2.3603433164871714 0.4568025993392108
2.373033299473779 0.4500885153549312
2.3855678635589905 0.43229450384494933
2.3980601433668722 0.4152517510012233
2.410778968531118 0.40691991370450675
2.423453109943785 0.4009900493647745
2.435831195209733 0.38692746260684635
2.448470944043598 0.3754090710420212
2.4612848053934666 0.36365250501976165
2.473794880423984 0.35889371188905556
2.4861107686591435 0.3428646189544702
2.4987555116598203 0.3490957155617698
2.511584783245343 0.3317102823326607
2.524093324138901 0.3302981212394991
2.5365627011107645 0.3237815033055436
2.549307751622658 0.3058278359646109
2.5619784398313206 0.311288181116609
2.574212755798351 0.31060934809474294
2.5867319401348943 0.29591248340232224
2.599886904080187 0.2971026199631802
2.6126019917307213 0.2942289072133361
2.6241685674096273 0.2960724795741936
2.636617431092521 0.2803513558348682
2.65028784762517 0.2862338562798389
2.663341593133431 0.2712981567847041
2.6741769121319767 0.27527818551785393
2.6865492607137487 0.26917748390167173
2.700777045101051 0.27894573096908987
2.7145884416410264 0.2727054754323103
2.724874641447352 0.28153543750649895
2.736437828453122 0.27172394498924524
2.7506817507002 0.24240678448894992
2.764797699055816 0.26811105237879534
2.776632163410779 0.2598016727538167
2.785694055607811 0.13477024561791753
