17.799282449393914 4.256295416749875e-09
30.158244330131165 1.384424713740689e-09
42.895803729136745 1.003123498678294e-09
55.673215529785544 9.579130148245272e-10
68.70199571606824 9.404800418897187e-10
80.95773522851493 9.054741304973513e-10
93.53433367151361 9.249487696375638e-10
106.16450203531906 1.0179930608728936e-09
118.90724881881184 9.161226247311467e-10
131.52449629177588 9.266951166804306e-10
143.93265813397477 9.48797802779645e-10
156.55721831376698 9.06250767644947e-10
169.40797891669084 9.381502321439327e-10
181.93709241054745 9.095905156625638e-10
194.4157955366043 9.667608098746982e-10
206.95260779187333 8.950136219341759e-10
219.51528885091187 9.329908757101269e-10
232.10861695601872 9.425045887763864e-10
244.73393330749713 9.30357175635782e-10
257.36345261805883 9.232668185141353e-10
269.9001603328162 9.089794389409192e-10
282.38991176842956 9.35312092701469e-10
295.0267151494937 8.963793653284549e-10
307.5730148504538 9.351096776363443e-10
320.13150881022216 9.221379975038501e-10
332.7982337374162 9.079307648683328e-10
345.43912915528864 9.021920628292829e-10
357.953042675417 9.102408820384657e-10
370.4707381295705 9.304210989106483e-10
382.96135746823154 9.037231910690043e-10
395.57797373030724 8.962860419053988e-10
408.187547089545 9.030872551188274e-10
420.7878605219693 9.064572548792904e-10
433.38194196446045 9.12205378380227e-10
445.9400562432305 8.973937147940566e-10
458.52400541726854 9.102839573680041e-10
471.0283016733626 9.092153343264583e-10
483.5821167635719 8.872611883724858e-10
496.171307887924 8.878768537486299e-10
508.698451374591 8.882263582666035e-10
521.2668503769611 8.825076010296598e-10
533.8514741793923 8.96074230221453e-10
546.4846686282312 8.894077410762794e-10
559.1059360168833 8.881085626513051e-10
571.6732584628988 8.739746064998215e-10
584.1752542788624 8.84279057274919e-10
596.6899688879647 8.72935430884287e-10
609.2765278814396 8.7835289847331e-10
621.8558254006396 8.790674845140639e-10
634.4336343236798 8.666957306255318e-10
647.0375135888847 8.701630069181375e-10
659.6336435100793 8.633367166648845e-10
672.2352858914314 8.711054627536572e-10
684.740075141855 8.613738946671719e-10
697.2956385332541 8.591940555535448e-10
709.8823228822637 8.588577657155683e-10
722.3833870842083 8.542637298295358e-10
734.9534179127147 8.652911675741369e-10
747.5295590555185 8.527529564974474e-10
760.1308062950267 8.602548157176797e-10
772.7079722519649 8.472537100361187e-10
785.2280362728902 8.446697962771709e-10
797.8529000643871 8.397698061268142e-10
810.4146489153659 8.428390529410825e-10
822.9832955140956 8.27711708529863e-10
835.5628544232984 8.434457369663582e-10
848.0801297450264 8.292663573926622e-10
860.6851380540387 8.303486653017522e-10
873.2717120511254 8.293894125677961e-10
885.7992366441529 8.193217100297969e-10
898.3268837059721 8.194576994513265e-10
910.8828292509468 8.127802784194838e-10
923.5268940602119 8.176026600455594e-10
936.1288484047424 8.108861033049956e-10
948.6970485528734 8.064850864933656e-10
961.2712273630802 8.047013477306954e-10
973.8038516777397 8.019368035698283e-10
986.3394199199914 7.909515443527209e-10
998.9013494289073 7.978472720457921e-10
1011.4318102670845 7.902090500629811e-10
1023.9847992536193 7.903870019587538e-10
1036.6252195536815 7.836303553167411e-10
1049.2179276058203 7.901030182446596e-10
1061.7514616966675 7.747260442698757e-10
1074.3147055893455 7.644521827892151e-10
1086.9159127567586 7.764318104256878e-10
1099.4861304784438 7.667235461984806e-10
1111.987485500356 7.658212225799778e-10
1124.5709353219318 7.585144305383032e-10
1137.2023074454535 7.560339205317217e-10
1149.7609178844161 7.526061725426068e-10
1162.3100420681121 7.49980661650052e-10
1174.878899332194 7.514359298088048e-10
1187.4352440593802 7.479822164087729e-10
1199.9943909587366 7.437839582533226e-10
1212.5358230248557 7.369046151484311e-10
1225.0939152889073 7.33320696923166e-10
1237.6955466083032 7.274025601958958e-10
1250.26211348758 7.259907979885975e-10
1262.8054900766424 7.250119315441142e-10
1275.4007125464113 7.23487651737894e-10
1287.9715566629116 7.153662773763174e-10
1300.5370834332227 7.161836047754661e-10
1313.117223539808 7.110169837839836e-10
1325.6738564718512 7.069558330750671e-10
1338.237088992439 7.014635225167624e-10
1350.8140397151215 6.952861733061034e-10
1363.3671029186414 6.914852991899764e-10
1375.91850677234 6.906458051748247e-10
1388.4688634079066 6.836873911145541e-10
1401.035080486948 6.813375945901564e-10
1413.6249913217437 6.756723792649896e-10
1426.2038019349848 6.714563076781791e-10
1438.7836502342857 6.689374553663532e-10
1451.366761519623 6.659689841801228e-10
1463.9305365418704 6.637472349518074e-10
1476.501598096985 6.552452883005349e-10
1489.0531684231878 6.553828714118312e-10
1501.5742203885427 6.547314540254537e-10
1514.1516930632097 6.486949575757563e-10
1526.7282467201917 6.446200661104889e-10
1539.2925919724537 6.357733413769534e-10
1551.8789730350832 6.351473027483543e-10
1564.4658283979177 6.295447029741515e-10
1577.0629873040484 6.298424030784936e-10
1589.5793133959048 6.241175714090894e-10
1602.0982193184714 6.191054857364098e-10
1614.6728123454727 6.150767238676668e-10
1627.2458976747735 6.137295775048929e-10
1639.8305997922077 6.099583596675453e-10
1652.3905272785582 6.052202210022505e-10
1664.9794140160814 5.974233731843821e-10
1677.591861842156 5.991243048700606e-10
1690.1269279406094 5.918581114477679e-10
1702.65657351253 5.892445519483738e-10
1715.2396527804024 5.89048832926731e-10
1727.8116954124835 5.798511499487496e-10
1740.3677490975201 5.798259961047434e-10
1752.928219215054 5.737334358604082e-10
1765.5007746799474 5.71558996434906e-10
1778.0665536787742 5.666269486668383e-10
1790.6168494226258 5.624847817247037e-10
1803.1913043334196 5.573850175674428e-10
1815.7666656189663 5.525047086534911e-10
1828.3488212639732 5.50219938973604e-10
1840.9261635435234 5.456530696527205e-10
1853.4868830529429 5.416263955214374e-10
1866.064839470986 5.393300574333878e-10
1878.6531571147761 5.340995367060513e-10
1891.19496207964 5.315360044789934e-10
1903.7320037090349 5.269696385519788e-10
1916.2826511063681 5.240356316435717e-10
1928.8701890218217 5.20658501859496e-10
1941.4711267136504 5.170296031472096e-10
1954.0161536900064 5.120506505841742e-10
1966.5646650726833 5.088021700869004e-10
1979.1139383933353 5.054152556039326e-10
1991.691260384222 5.016837841095351e-10
2004.272421487675 4.985523032007991e-10
2016.8096506702714 4.921852633908482e-10
2029.3882996724874 4.903155904344166e-10
2041.985110874595 4.837448785839957e-10
2054.547960874789 4.817974565878659e-10
2067.118363792035 4.775329567155136e-10
2079.6951147851905 4.73507226201882e-10
2092.253949886611 4.706754804936816e-10
2104.8068736220575 4.665700330012723e-10
2117.361409303218 4.628488021961249e-10
2129.928666131579 4.5753080286059453e-10
2142.5135548816716 4.542917241958548e-10
2155.0880976021567 4.500339959099992e-10
2167.6496403760875 4.4832096786546946e-10
2180.216047885634 4.4629142561006494e-10
2192.779331913287 4.423766170051027e-10
2205.3622641176835 4.3922850177261003e-10
2217.9260951897604 4.363770496727309e-10
2230.450856927519 4.3108734810523573e-10
2243.0042552295363 4.277890191598469e-10
2255.5851476495845 4.233235213978172e-10
2268.1791053367665 4.1882869005081644e-10
2280.7280993008126 4.1633941512764034e-10
2293.27836064196 4.143382994479762e-10
2305.8848259833003 4.115027180195765e-10
2318.457813502158 4.0591851085985963e-10
2331.017443774537 4.027052374526571e-10
2343.586152512421 3.986088657428129e-10
2356.1748727393183 3.9589987730354597e-10
2368.7353085030545 3.9366817850339226e-10
2381.269284598534 3.897152968270547e-10
2393.824417668802 3.8683860175655654e-10
2406.4031547082927 3.833790910155834e-10
2418.9736888834123 3.8127012571656517e-10
2431.5278041496204 3.7681434230437993e-10
2444.0995103422943 3.727825227058012e-10
2456.6812332429745 3.708073955769139e-10
2469.2659731538665 3.67306628373855e-10
2481.8044943537134 3.6286187629044617e-10
2494.349678289376 3.620991916642625e-10
2506.9309198668852 3.581624266741422e-10
2519.4999037843572 3.5451314725566063e-10
2532.0642862545083 3.5171082764933684e-10
2544.6325769440136 3.498179427484022e-10
2557.2083101172434 3.4642247389035943e-10
2569.773177867188 3.4275791397953616e-10
2582.350840133167 3.402996175385305e-10
2594.931452747545 3.370827260100349e-10
2607.483654023889 3.3387980235634513e-10
2620.034645845524 3.310792568073056e-10
2632.602895325774 3.290410466206484e-10
2645.173520726607 3.2565511917825196e-10
2657.7309849057497 3.2321126286149096e-10
2670.2896099091117 3.199319933008351e-10
2682.8810325445506 3.170511476238483e-10
2695.4617368341897 3.1458395060680386e-10
2708.0031799897556 3.122407930202245e-10
2720.565218595558 3.0840222985346935e-10
2733.131372915196 3.061874171438946e-10
2745.702996964866 3.0464653444106894e-10
2758.2707458588043 3.0142929017219223e-10
2770.819134298115 2.997424355031535e-10
2783.3972824385996 2.966307624587262e-10
2795.9689028789426 2.9433311414863364e-10
2808.5357668183647 2.914690762459371e-10
2821.109558969739 2.887402775153368e-10
2833.6756670949317 2.870060947244715e-10
2846.236354374275 2.8415766192207797e-10
2858.7956023284805 2.8205527951651435e-10
2871.373843645575 2.799073358055861e-10
2883.9542435385997 2.7874306644480656e-10
2896.5073357066653 2.7429230982158e-10
2909.064697944346 2.7172720108969433e-10
2921.6386383037607 2.7004395305959576e-10
2934.2207288040536 2.6800858706149905e-10
2946.785817897925 2.665142263097386e-10
2959.3399304871987 2.6393588831690905e-10
2971.912289205688 2.6112925813291364e-10
2984.467221526231 2.598417626048369e-10
2997.004940759961 2.5836813226083387e-10
3009.571504102366 2.5530231592138797e-10
3022.151983789153 2.535468984571939e-10
3034.723269970325 2.5154147979384345e-10
3047.297141938262 2.4952673251949767e-10
3059.876071431785 2.477636836770098e-10
3072.4603538277847 2.45141606886711e-10
3085.021437558777 2.4397829037889665e-10
3097.567926165961 2.417663376542255e-10
3110.1461395593033 2.4004399471354507e-10
3122.7146498544685 2.3929772830735123e-10
3135.258242106283 2.373619058892021e-10
3147.827394808766 2.3532543208465687e-10
3160.407090461749 2.331627429121532e-10
3172.9707868690766 2.3241871991676058e-10
3185.520028526012 2.3035051820517358e-10
3198.0928727893424 2.2836720325863188e-10
3210.6842732749587 2.2739136816786032e-10
3223.2395367271 2.2496990076539585e-10
3235.794336704777 2.228629508598199e-10
3248.365417080095 2.2034832222445905e-10
3260.9281598919265 2.1829489770237318e-10
3273.4964936633683 2.1488330551177975e-10
3286.060276536927 2.1335113325765714e-10
3298.616161266459 2.1061242006487692e-10
3311.184497268826 2.0795544367922513e-10
3323.756551966342 2.0533516800803158e-10
3336.336479870556 2.03266861174199e-10
3348.899122208906 2.007875093606157e-10
3361.4427712621427 1.9881719810118046e-10
3374.0243084776253 1.966472916498254e-10
3386.614961597869 1.943680816779141e-10
3399.161286069731 1.919315482498846e-10
3411.7235868879698 1.9006992342509283e-10
3424.3034483758656 1.8823996430278643e-10
3436.8707723403422 1.8563746547409497e-10
3449.4368938720904 1.8391121996509897e-10
3461.989836872098 1.8083946253665147e-10
3474.572720638133 1.791105242982117e-10
3487.132605150921 1.7762063474840414e-10
3499.6720155540065 1.7498450344998175e-10
3512.2465573827926 1.73367760600412e-10
3524.8212321125143 1.7112188218950321e-10
3537.3871579181027 1.6952854633428437e-10
3549.953496774212 1.6730318683234966e-10
3562.527243212823 1.649449388787852e-10
3575.0914952116013 1.6324568500469442e-10
3587.654584597486 1.614866204759983e-10
3600.2154434833074 1.5974907495492427e-10
3612.781827813575 1.576789814935302e-10
3625.3490285486687 1.5637623441137046e-10
3637.9072704701125 1.5441192033382338e-10
3650.4770058173217 1.5236296903400212e-10
3663.0473724016215 1.509048128374286e-10
3675.6208179613177 1.4921415903808967e-10
3688.192852242158 1.4733616686664677e-10
3700.753843005957 1.4554066897683673e-10
3713.3214918772574 1.4387032399218575e-10
3725.887196175251 1.4263297920534394e-10
3738.4440983479294 1.4050861920865447e-10
3751.01562714596 1.3915700041958332e-10
3763.589990131671 1.373123718453569e-10
3776.1556262750005 1.3568583589424868e-10
3788.704890031491 1.3478809612254698e-10
3801.2759377020548 1.33046969279761e-10
3813.856674457176 1.311216069436594e-10
3826.404431717056 1.296625279848286e-10
3838.9644689081933 1.2865631143331225e-10
3851.5402114943627 1.273922302076403e-10
3864.129820703727 1.2562015363465133e-10
3876.6814230240834 1.240749076744889e-10
3889.216572251871 1.2310348430464112e-10
3901.793722804894 1.2139625719109262e-10
3914.376239464567 1.2037302830402016e-10
3926.9501841476354 1.1900300975494497e-10
3939.5106562038677 1.1769244908409585e-10
3952.0827549930923 1.1586818617280168e-10
3964.665206729851 1.1488051520307287e-10
3977.223438611205 1.137857323079525e-10
3989.77585737685 1.1271876379327312e-10
4002.346082688935 1.1133185434432532e-10
4014.9052449751175 1.1019397527362929e-10
4027.454437240129 1.0869175920707681e-10
4040.0221607705075 1.077196649126603e-10
4052.6081056616154 1.0693242919459757e-10
4065.174716554539 1.0548458306240369e-10
4077.7220075380296 1.0449828124116142e-10
4090.2897990210045 1.0294116428770282e-10
4102.873672523346 1.0232192419721406e-10
4115.447644068687 1.0106496218541581e-10
4128.008926808099 1.0038209873857892e-10
4140.585568421014 9.907265800478254e-11
4153.169437051885 9.794786923372009e-11
4165.7084861356325 9.653997478230234e-11
4178.245182757475 9.586064836163298e-11
4190.83460355679 9.512232222393903e-11
4203.406089276481 9.376854014276623e-11
4215.945466732011 9.28998439323257e-11
4228.511593513914 9.20379472932182e-11
4241.075779699396 9.105372658724694e-11
4253.641501584356 9.003303883642138e-11
4266.213404082922 8.912046145021083e-11
4278.80023846219 8.838758026883497e-11
4291.378797171947 8.727580845600295e-11
4303.915793648461 8.642160837287557e-11
4316.480666938705 8.578802029229678e-11
4329.0609618407825 8.451214922448857e-11
4341.634336575266 8.393797851917636e-11
4354.1982598609875 8.242301994562728e-11
4366.753480533253 8.228583352829553e-11
4379.309052921207 8.117170423142839e-11
4391.876283675791 8.017804919355249e-11
4404.434457339896 7.949127137024756e-11
4416.997001697698 7.854566859134194e-11
4429.587449292497 7.738228947716056e-11
4442.151636687612 7.637366827222822e-11
4454.676243985359 7.587647562641129e-11
4467.255845270075 7.48720556761524e-11
4479.857579406586 7.372168336073144e-11
4492.401684454411 7.302569287394387e-11
4504.962144407179 7.177621714788965e-11
4517.519866020666 7.07240697394143e-11
4530.075533354579 6.956924165384541e-11
4542.607822888877 6.881686332379895e-11
4555.179456440053 6.745252392497933e-11
4567.796610844847 6.62175608155537e-11
4580.340024503759 6.530718698699221e-11
4592.907148036287 6.439089077118832e-11
4605.5074570415345 6.359823482174607e-11
4618.066519715287 6.245817126996109e-11
4630.613480983532 6.1637024438843e-11
4643.169806111599 6.04746629283551e-11
4655.751697596686 5.978479390983138e-11
4668.310875988916 5.926619721035588e-11
4680.838737422434 5.806170969917906e-11
4693.414201365949 5.736286667667746e-11
4706.00658319843 5.670423243384505e-11
4718.579788898698 5.6292184624520614e-11
4731.107753982313 5.5372294802979245e-11
4743.651571426618 5.473545242013259e-11
4756.281806400869 5.3942285624775e-11
4768.8561851736695 5.315919308186133e-11
4781.385164866603 5.2370032760367556e-11
4793.976276771282 5.214665887501117e-11
4806.60709685494 5.1553703288582944e-11
4819.146147308175 5.074014600469753e-11
4831.661602769961 5.028551949542058e-11
4844.287713525819 4.953883404637568e-11
4856.860115107403 4.9014102997024945e-11
4869.355537556236 4.875394563952246e-11
4881.940425155443 4.801140123515442e-11
4894.597962536947 4.717410314868609e-11
4907.138236911917 4.716459185838768e-11
4919.600076288736 4.6248444975454975e-11
4932.218469809502 4.576154049660595e-11
4944.82861457926 4.5620664366990294e-11
4957.32710337937 4.5382052006959366e-11
4969.868632558521 4.488153060802881e-11
4982.485662226759 4.405559848044389e-11
4995.110752516738 4.364982994483759e-11
5007.607580415343 4.358752877201687e-11
5020.100906721772 4.343525726797464e-11
5032.7763067142305 4.2533471269805405e-11
5045.393898578724 4.234092388277495e-11
5057.824235954896 4.190999064889719e-11
5070.38990195461 4.105571889483311e-11
5083.106030184286 4.1124200611104445e-11
5095.667197680153 4.076438422656522e-11
5108.055452463852 4.087280728637438e-11
5120.671439914533 4.085065010761956e-11
5133.447634936116 3.932802768329085e-11
5145.895026810738 3.9333661374330015e-11
5158.225050612828 3.8738381380470824e-11
5170.950992243762 3.9125491381468963e-11
5183.700390094106 3.8209815454628785e-11
5196.118642963538 3.8494690287840624e-11
5208.594319785778 3.7951279656710105e-11
5221.348995023269 3.697212389044863e-11
5233.865668366422 3.7478977987781755e-11
5246.0170900391195 3.7164348035023486e-11
5258.795061897153 3.733648384975095e-11
5271.821151415859 3.7657544062552845e-11
5284.059572485597 3.7313237098400016e-11
5296.079024382073 3.6027168979479986e-11
5309.081924588615 3.6209064647960274e-11
5322.360565152118 3.5380229693409754e-11
5334.3902949176845 3.675729189086415e-11
5346.18180201052 3.4736366262911826e-11
5359.463528890979 3.4835521324089305e-11
5372.933862046458 3.548860599126084e-11
5384.39671293968 3.4948430253409564e-11
5395.929354426923 3.5874209425572393e-11
5409.783878738566 3.540161415202466e-11
5423.640526297938 3.599703622604474e-11
5434.195806773828 3.339259996100755e-11
5445.572893198797 3.3885790295191116e-11
5459.895693738758 3.5738108792314857e-11
5474.130575610971 3.619093118402955e-11
5484.976407817416 3.333478443719631e-11
5495.74663674392 3.537762367377036e-11
5510.086276689806 3.2887382899626186e-11
5524.398688742834 3.2900418644531856e-11
5535.785576374822 3.9539074079508635e-11
5545.663964936542 2.8248322205040994e-11
5559.3116234423605 3.5053593852378244e-11
5571.991646927519 5.7516861580543686e-12
