0.017832091871975046 8553.99891487525
0.030213835030786965 6610.039431812294
0.042974873576784145 4551.055649093809
0.05577583798436822 4253.609382845454
0.06882863412500546 3918.38187679733
0.08110696464570497 2626.5508246703375
0.09370674553631762 2323.226107333351
0.10636019509318785 1690.904643981587
0.11912643058557958 1690.3359908162624
0.1317669354345265 1401.731425539921
0.1441979692451035 1265.4545307432036
0.15684580028039327 1015.1329912797711
0.16972024869412125 915.0296654565963
0.1822724571065711 822.6600720485902
0.19477416222977537 823.8057483573817
0.20733408359476685 636.2580371951764
0.21991992144750142 594.1513619108339
0.23253646283801332 529.6489757847163
0.24518505143884076 485.6396468718021
0.25783785074606724 433.46616787730784
0.2703976673778475 392.85762850515107
0.28291044117596054 364.2545185390468
0.29557053798041877 323.9855022799021
0.3081399642793126 313.29643075235464
0.32072160731469573 284.19539169955067
0.3334116808196786 268.19567603166377
0.34607587720379773 248.56240931960613
0.3586128576244033 234.7162937768211
0.3711536269502741 220.36766761361338
0.3836672702512408 203.77742969266905
0.3963071427257881 189.26112599800425
0.4089399593153127 181.81665596652553
0.421563498909198 166.5918846247546
0.4341807950257212 160.09219559662736
0.4467620576802399 148.22061734186684
0.45936920285149657 138.71252645447018
0.4718965482805622 132.1365972969227
0.48447350382182464 125.98981812631392
0.4970859006058839 118.01113313235369
0.5096361353798293 112.73500425834823
0.5222277017157821 107.40631242742367
0.5348355227589746 100.97624149309624
0.5474920039788619 96.81450630274942
0.5601365361534086 91.20796317413235
0.5727270239485901 87.86617568221675
0.5852520646971233 83.51219130736855
0.5977898476833503 78.65957625771055
0.6103996074847249 75.5236000309771
0.6230020924267468 71.13439545214415
0.6356030860286791 68.7355091454935
0.6482301980282457 65.28171981069637
0.6608495463994337 62.102473269552085
0.6734744173918988 59.28999284236652
0.6860022567240305 57.22039548514182
0.6985809637891268 54.51443814905391
0.711190849177104 52.30667304382023
0.7237149565943737 49.990790903669456
0.7363081577644083 47.85647882515632
0.7489074805118845 45.495262364572724
0.7615319556341406 43.45920116528968
0.7741323050847914 41.7730767558397
0.7866754473434138 40.09636054474096
0.7993235825500559 38.66658332139196
0.8119084864763912 36.692396019878494
0.8245003008650981 34.89633347405975
0.8371030476789431 33.99259112549461
0.8496433960979581 32.5457108275115
0.8622716392224988 30.9337370065524
0.8748814140551413 29.56777749604192
0.8874320306379406 28.396373474706852
0.8999827699152785 27.66849779546925
0.9125618598383741 26.120878035798864
0.9252292314560261 25.375934064142395
0.9378544149867112 24.306900407609863
0.9504457821018769 23.063375693985463
0.9630431388995879 22.347889056593832
0.9755988646043376 21.44719122366686
0.9881575396632222 20.551050054140354
1.0007426245805016 19.967664416951752
1.0132961828208322 19.074213839391003
1.0258723107356629 18.25153660131025
1.038536031126187 17.50705097760261
1.051151951320787 16.892762004258532
1.0637085884787152 16.152512412292406
1.0762949902025607 15.687815391297336
1.0889194251788568 15.051289618758085
1.1015128135865704 14.396899768987225
1.1140372123598763 13.871149749231078
1.1266438572582143 13.362553575574424
1.1392985127936914 12.853605232095708
1.1518802725229749 12.406297672402
1.1644525285109746 11.900688026929643
1.177044553953353 11.423700982683059
1.189624043794473 11.091096064986028
1.202206340973008 10.654385319582378
1.214770890664548 10.30478582425903
1.2273521312637683 9.820942231434179
1.239976991173887 9.571543048779615
1.2525667220095933 9.133675923443036
1.2651332198084164 8.807319300565904
1.2777516590554734 8.540012864625142
1.2903456750126359 8.213429762778967
1.3029343638221436 7.930537480333295
1.3155376929046922 7.652915009667368
1.328117471481917 7.380880452236298
1.3407038618127105 7.1210263232043625
1.353303995632364 6.8734952552773745
1.365880197900984 6.676055199469776
1.3784547377611027 6.40421325374365
1.391028228472752 6.181158864621765
1.403617608863436 5.965798782861616
1.4162307266845815 5.814441827323051
1.4288327238231306 5.627371450298965
1.4414357605605066 5.425217065480165
1.454042066298582 5.241243793517277
1.4666290001310283 5.057532587422208
1.4792232339276097 4.918275738731295
1.4917979405670916 4.799822304782306
1.5043420725912218 4.632682394418292
1.5169427293249742 4.486919067641455
1.5295424653470162 4.362535902957445
1.5421299704605822 4.252896758317048
1.554739552003131 4.108157283751653
1.567349608720163 4.0259992918500265
1.5799699879730156 3.895750942590464
1.592509385412443 3.782207367854713
1.6050513674379838 3.694879588373656
1.6176486600174462 3.5931450543980508
1.6302445001949648 3.426067204343274
1.6428527694112218 3.2957428082577374
1.6554322216394617 3.155373298142745
1.6680440255859128 3.022705313418986
1.6806789206890467 2.910255878844643
1.6932331315939024 2.7879674262144487
1.7057845975195391 2.66178091655582
1.7183896309732511 2.5889233535267686
1.7309874185440792 2.486898689376794
1.743562344893767 2.3939017616728187
1.7561426634640491 2.2972761908830424
1.7687458921757915 2.227311038410202
1.781333478205032 2.1415229267549507
1.7938985526958369 2.0599405167221896
1.8064980806819735 1.9919349582951338
1.8190945363690532 1.9311350091172814
1.8316935397102894 1.8626723579880986
1.8442938066535437 1.7944763410353575
1.8568876791935895 1.736810798832614
1.8694996979258056 1.6714875181913473
1.8820874678435358 1.6129792888958827
1.8946480071290897 1.56912863335874
1.9072244238241285 1.5150675090636654
1.9197955083167089 1.4754252286245328
1.932407719039257 1.4214798906726247
1.9450267994293609 1.3738625027886302
1.9575901294986973 1.3285718861239828
1.97016772336254 1.288440345959646
1.9827403283412834 1.2503770200747581
1.9953314743596526 1.2081707047060644
2.0079478346643755 1.1767688078385896
2.0205022754362694 1.1434170061475992
2.0330913752296578 1.11404780243683
2.045722350451921 1.0797491105269956
2.0582763462883666 1.045989402883177
2.070869909095247 1.02407237466651
2.0835199499115737 0.9916539772776793
2.0960971256414074 0.9589925316234316
2.108627206088839 0.9355484240714121
2.12118709151255 0.9017020087698219
2.1338231323869663 0.8882125335015608
2.146410287377125 0.8549481206943558
2.1589635630855644 0.833082242773702
2.1715722325463105 0.8129651731805636
2.1842062325035805 0.7830094469232556
2.1967582541876465 0.7702830122037305
2.209329848683414 0.7349465601175368
2.2219259092398103 0.7220433954528745
2.23448959133265 0.6944488800649551
2.247040534594887 0.6667552292094314
2.2596241003144413 0.6398071589154772
2.2722295314965897 0.6055435920421537
2.284834822222929 0.5837593557452065
2.297400038677998 0.5588151694158865
2.309967779970982 0.5375980520246213
2.3225784835721384 0.518625666425816
2.3351595212304193 0.4970059202940166
2.347693564990003 0.47976456702701104
2.3603433164871617 0.4620612900046493
2.373033299473769 0.4549169890201608
2.3855678635589808 0.43722033539706545
2.3980601433668625 0.4197128705108996
2.4107789685311083 0.4109807581861997
2.423453109943775 0.4051735847296965
2.435831195209723 0.3910363286054436
2.448470944043588 0.379182591192337
2.4612848053934564 0.3673848550481614
2.473794880423974 0.36258135139923553
2.4861107686591333 0.346985424929897
2.4987555116598097 0.3530095565177631
2.511584783245332 0.3352969240600921
2.5240933241388905 0.33320039459269735
2.536562701110754 0.32753430557658025
2.5493077516226474 0.30886043227131577
2.5619784398313104 0.3149200601386486
2.5742127557983405 0.3127176247349718
2.5867319401348836 0.2993662053403931
2.599886904080176 0.3000643089244914
2.6126019917307106 0.2970637030435592
2.6241685674096167 0.2987308547011962
2.6366174310925103 0.2826966897396479
2.6502878476251595 0.28816379263086994
2.66334159313342 0.27329096547294623
2.6741769121319656 0.27897106429674234
2.6865492607137376 0.2729991174207747
2.7007770451010398 0.28086693478745123
2.7145884416410153 0.2737791278906903
2.724874641447341 0.2849147368476141
2.7364378284531106 0.2749123333741883
2.7506817507001884 0.24076723887999069
2.764797699055805 0.2721394340000455
2.7766321634107674 0.26623250447956465
2.7856940556077996 0.1458858588698591
