0.01783209187197503 8351.495278970197
0.03021383503078694 6481.946053678924
0.0429748735767841 4460.791655434243
0.05577583798436818 4148.863010302884
0.06882863412500541 3805.559397961192
0.0811069646457049 2545.3167403758393
0.09370674553631754 2241.594260766169
0.10636019509318777 1620.21991881375
0.11912643058557948 1610.8725123626853
0.1317669354345264 1333.0998120217414
0.1441979692451034 1201.6619789131087
0.15684580028039316 960.7727000201929
0.1697202486941211 860.7756597837307
0.18227245710657095 771.3293505366975
0.19477416222977523 771.5206351744865
0.20733408359476668 595.3101945248318
0.21991992144750125 554.16657228749
0.23253646283801313 492.42198506353606
0.24518505143884056 450.0746622419739
0.257837850746067 401.375578275773
0.27039766737784726 362.8193690019781
0.2829104411759603 335.73509492518076
0.2955705379804185 297.94658132849656
0.3081399642793124 287.2134550816488
0.32072160731469546 260.20728043660654
0.3334116808196783 245.3437555253498
0.34607587720379746 226.7310619685453
0.358612857624403 213.73611047968254
0.3711536269502738 200.31282881264067
0.3836672702512405 184.77223494551512
0.39630714272578776 171.41271217899964
0.40893995931531235 164.35463893170407
0.42156349890919764 150.28485824236395
0.4341807950257208 144.10592124453524
0.4467620576802396 133.25189146835888
0.45936920285149624 124.53553411881451
0.4718965482805618 118.34206236482382
0.48447350382182425 112.63402448223908
0.49708590060588353 105.33762251859115
0.509636135379829 100.47718757692596
0.5222277017157817 95.52340197856897
0.5348355227589742 89.66406119029166
0.5474920039788614 85.88737071255999
0.5601365361534082 80.69812338833647
0.5727270239485897 77.66482307243413
0.5852520646971229 73.69104987237583
0.5977898476833498 69.32360934194921
0.6103996074847243 66.37643814981769
0.6230020924267462 62.46091479499496
0.6356030860286787 60.24877192396555
0.6482301980282451 57.141372276018274
0.6608495463994332 54.23165325959343
0.6734744173918983 51.72034300113477
0.6860022567240299 49.795016125056634
0.6985809637891262 47.43484966259782
0.7111908491771033 45.41370001872631
0.723714956594373 43.3580247743908
0.7363081577644077 41.43787785424967
0.7489074805118838 39.319071850592955
0.7615319556341399 37.489710081674545
0.7741323050847907 35.99666876026326
0.7866754473434131 34.470684019911545
0.7993235825500552 33.21529794931007
0.8119084864763906 31.50278017162824
0.8245003008650974 29.879008524339692
0.8371030476789424 29.056319871840866
0.8496433960979575 27.77678123230028
0.862271639222498 26.374514757536122
0.8748814140551405 25.127613852747913
0.88743203063794 24.13016477250697
0.8999827699152778 23.47877157555677
0.9125618598383733 22.111666326478037
0.9252292314560253 21.47414883068563
0.9378544149867104 20.52319976807754
0.950445782101876 19.452962722092206
0.963043138899587 18.831914921448718
0.9755988646043368 18.048520302109036
0.9881575396632214 17.257083624732186
1.0007426245805007 16.749287810405
1.0132961828208313 15.982382299263922
1.025872310735662 15.260343443279424
1.0385360311261862 14.625748553169233
1.051151951320786 14.096863424366365
1.0637085884787143 13.468694972680664
1.0762949902025598 13.053525555669806
1.0889194251788559 12.51083074522429
1.1015128135865695 11.958152697425724
1.1140372123598754 11.505628736764834
1.1266438572582134 11.07419499300119
1.1392985127936903 10.620020497681157
1.151880272522974 10.251132939877818
1.1644525285109737 9.815072866702993
1.177044553953352 9.403076695601603
1.1896240437944718 9.11732376362119
1.2022063409730068 8.765777335255517
1.2147708906645471 8.465954386515904
1.2273521312637674 8.058375039251866
1.2399769911738858 7.846487601821268
1.2525667220095924 7.470109449926308
1.2651332198084155 7.202607497863884
1.2777516590554723 6.969629174573007
1.290345675012635 6.703327269521537
1.3029343638221424 6.461337101411935
1.3155376929046911 6.2279187121002275
1.328117471481916 5.998710495483635
1.3407038618127094 5.776742217435256
1.353303995632363 5.575465179904423
1.365880197900983 5.407692214971882
1.3784547377611016 5.182358671824635
1.3910282284727509 4.998511283670025
1.403617608863435 4.817401819360477
1.4162307266845804 4.691772046875238
1.4288327238231293 4.536546686305597
1.4414357605605055 4.36586821691381
1.454042066298581 4.217551245120534
1.466629000131027 4.0659496201057035
1.4792232339276086 3.9475988219865203
1.4917979405670903 3.8475703186198196
1.5043420725912204 3.716168517179297
1.5169427293249729 3.593936520999544
1.5295424653470149 3.4844285859272026
1.5421299704605809 3.3966395701139978
1.5547395520031297 3.2798313004436896
1.5673496087201617 3.2104444111109958
1.5799699879730142 3.104451937169085
1.592509385412442 3.012850556258252
1.6050513674379825 2.9402072184057
1.617648660017445 2.855821955510248
1.6302445001949635 2.7177725866231914
1.6428527694112205 2.607673850570567
1.6554322216394604 2.4926620777296375
1.6680440255859115 2.38313672859771
1.6806789206890453 2.292352403560509
1.6932331315939009 2.192706422994218
1.7057845975195378 2.0930213741695036
1.7183896309732498 2.0331622784040126
1.7309874185440777 1.9511614515721205
1.7435623448937654 1.8748602590489805
1.7561426634640476 1.7981319024525626
1.76874589217579 1.7419249369428471
1.7813334782050307 1.6736666816297399
1.7938985526958353 1.608420416605873
1.8064980806819722 1.5552225110532565
1.8190945363690516 1.5065048079804588
1.8316935397102878 1.4528915610604953
1.8442938066535421 1.3979191538561042
1.856887679193588 1.352684432014599
1.869499697925804 1.3016825624399952
1.8820874678435342 1.2539567117150143
1.8946480071290879 1.2208231042474245
1.907224423824127 1.1791802046669788
1.9197955083167073 1.1448847433291616
1.9324077190392555 1.1021320344099341
1.9450267994293593 1.0667870822742407
1.9575901294986957 1.0316688843062563
1.9701677233625385 1.0000063848336853
1.9827403283412817 0.9704313294111125
1.9953314743596509 0.9386386431352008
2.0079478346643738 0.9132759171173903
2.020502275436268 0.8864522964085654
2.033091375229656 0.8649853684987763
2.045722350451919 0.8384877141744161
2.058276346288365 0.8111426063158682
2.0708699090952454 0.7930637235762523
2.083519949911572 0.7691219870836008
2.0960971256414056 0.744850307970851
2.1086272060888374 0.7241294431570283
2.121187091512548 0.700511929360111
2.1338231323869645 0.689096942206006
2.1464102873771234 0.6635321726804826
2.1589635630855626 0.6450222070960506
2.1715722325463083 0.6305909388114562
2.1842062325035787 0.605681858604423
2.1967582541876447 0.5953950533868148
2.2093298486834123 0.569321052680531
2.2219259092398085 0.557328672015287
2.234489591332648 0.5347755254409697
2.2470405345948854 0.516150968732867
2.2596241003144395 0.4933094422523615
2.272229531496588 0.46530961148167593
2.284834822222927 0.4479124982714688
2.297400038677996 0.4288343599531363
2.30996777997098 0.4121461011235777
2.322578483572136 0.3969330697233636
2.335159521230417 0.3806163083399629
2.3476935649900006 0.3671738934538291
2.3603433164871594 0.3534149450152376
2.373033299473767 0.34862753972444865
2.3855678635589785 0.3348357988195658
2.3980601433668602 0.3222225842458542
2.410778968531106 0.3151758267467733
2.423453109943773 0.3106866922298572
2.435831195209721 0.29893366612310507
2.448470944043586 0.29432253224131677
2.4612848053934546 0.28367869728413153
2.473794880423972 0.2793581511106979
2.486110768659131 0.2673084679942053
2.498755511659808 0.2722267829963554
2.5115847832453304 0.25874878951399904
2.5240933241388883 0.25628801328353085
2.5365627011107517 0.2532363109024164
2.5493077516226457 0.23860279124273842
2.561978439831308 0.24186083271108832
2.5742127557983383 0.2424441814758005
2.5867319401348814 0.23503275744730115
2.599886904080174 0.2356522519025454
2.6126019917307084 0.2326940741994483
2.6241685674096145 0.2311893382204843
2.636617431092508 0.21824840893415806
2.6502878476251572 0.226724587273795
2.663341593133418 0.2135881835108625
2.6741769121319634 0.21295260986905112
2.6865492607137353 0.20974069818842672
2.7007770451010376 0.21589517317189777
2.714588441641013 0.21354397991211313
2.724874641447338 0.2291774388171983
2.7364378284531083 0.20364895897458543
2.750681750700186 0.19085720789027508
2.7647976990558023 0.2079211071893206
2.776632163410765 0.19078915459042356
2.7856940556077974 0.05946945620626183
