0.01783209187197502 8510.572254446606
0.030213835030786926 6613.569027762799
0.04297487357678409 4554.898290914656
0.05577583798436815 4253.873737191204
0.06882863412500538 3932.423072612195
0.08110696464570487 2639.627001245716
0.09370674553631751 2350.795044316226
0.10636019509318773 1706.0045918632277
0.11912643058557942 1713.3489099257342
0.13176693543452633 1427.8166376399604
0.14419796924510334 1295.108339839063
0.15684580028039308 1048.7258901729601
0.16972024869412103 951.3052954340674
0.18227245710657086 863.9765937995484
0.19477416222977514 869.1540421415834
0.2073340835947666 676.7582531550859
0.21991992144750114 638.8090392402546
0.23253646283801302 569.4770310421642
0.24518505143884045 529.1701109006164
0.2578378507460669 473.8242445101761
0.27039766737784715 433.8787791129149
0.2829104411759602 407.3367698911205
0.2955705379804184 363.56595198063746
0.30813996427931223 354.574498437607
0.32072160731469535 322.0021568564581
0.3334116808196782 304.34912477630314
0.3460758772037973 286.8097151827426
0.35861285762440287 271.38471413684323
0.37115362695027365 256.3790202186905
0.3836672702512403 238.83391050664514
0.39630714272578765 222.8524893009801
0.4089399593153122 214.21360122540185
0.4215634989091975 198.39620482894043
0.43418079502572066 190.63100941834858
0.44676205768023936 178.550427659391
0.459369202851496 166.73471018296974
0.47189654828056166 160.24149945731264
0.484473503821824 154.17192469735164
0.4970859006058833 144.0349786988467
0.5096361353798288 138.8083209418436
0.5222277017157815 132.64407107408968
0.534835522758974 124.44287105176554
0.5474920039788612 121.35702569373318
0.560136536153408 114.64534488949104
0.5727270239485893 110.6915904353192
0.5852520646971225 105.5876075654708
0.5977898476833495 99.51941524585386
0.6103996074847241 96.57005857674537
0.623002092426746 91.31176757735771
0.6356030860286783 88.52101805566339
0.6482301980282449 84.39836807751237
0.6608495463994329 81.18391010190115
0.673474417391898 77.12705816994756
0.6860022567240296 75.088345550149
0.6985809637891259 71.66204415380865
0.7111908491771031 68.75530168302973
0.7237149565943728 66.26820532758775
0.7363081577644074 63.67857529200081
0.7489074805118836 61.08530697553924
0.7615319556341396 58.6261774555057
0.7741323050847905 56.28276139302122
0.7866754473434128 54.38476408929912
0.7993235825500549 52.75608957501672
0.8119084864763902 50.33534035133678
0.8245003008650971 48.21121015243159
0.8371030476789421 47.133343135214744
0.849643396097957 45.2159322863288
0.8622716392224977 43.09881798605585
0.8748814140551402 41.63105970055727
0.8874320306379395 40.074678975876594
0.8999827699152774 39.054379641161965
0.912561859838373 37.22049909003436
0.9252292314560249 36.189993051276
0.9378544149867101 35.00222626757395
0.9504457821018757 33.29846970885667
0.9630431388995867 32.43067496133629
0.9755988646043364 31.248147515295614
0.988157539663221 30.07089471026143
1.0007426245805002 29.276211136709225
1.013296182820831 28.20381402426964
1.0258723107356615 27.03418828644041
1.0385360311261858 26.113184005511034
1.0511519513207856 25.20450284916511
1.063708588478714 24.276726374312556
1.0762949902025594 23.534312228210855
1.0889194251788554 22.799283286213672
1.101512813586569 21.91355264496524
1.114037212359875 21.142974282496446
1.126643857258213 20.473976986619704
1.1392985127936899 19.807301736467785
1.1518802725229733 19.107510270866275
1.1644525285109733 18.540754368226153
1.1770445539533514 17.911767006932596
1.1896240437944714 17.37158566148367
1.2022063409730064 16.578671020993202
1.2147708906645467 16.145170406856245
1.2273521312637667 15.517830323821704
1.2399769911738854 15.132756362323398
1.2525667220095917 14.567291608271384
1.2651332198084149 14.028610247919847
1.2777516590554718 13.647722577353031
1.2903456750126343 13.149016858471242
1.3029343638221418 12.761577885066599
1.3155376929046907 12.363951362004945
1.3281174714819155 11.969802813032091
1.3407038618127087 11.582605111541389
1.3533039956323625 11.195508843864546
1.3658801979009823 10.892321568880634
1.378454737761101 10.509577937011668
1.3910282284727502 10.056884295694454
1.4036176088634342 9.785827355956572
1.4162307266845797 9.587420960953237
1.4288327238231289 9.297552746295866
1.4414357605605048 9.002240903142994
1.4540420662985802 8.707150460463701
1.4666290001310263 8.410803258220637
1.479223233927608 8.193976579428764
1.4917979405670898 7.995259983836171
1.50434207259122 7.733768293760463
1.5169427293249722 7.507840468256169
1.5295424653470142 7.34552457237746
1.5421299704605802 7.143519151607732
1.554739552003129 6.902620347061114
1.567349608720161 6.781788459944452
1.5799699879730136 6.573489873520933
1.5925093854124412 6.406615162561344
1.6050513674379818 6.232218440216871
1.6176486600174442 6.0797345361449855
1.6302445001949628 5.8385806621774625
1.6428527694112198 5.651677340678935
1.6554322216394595 5.4326101347352855
1.6680440255859106 5.217159000726742
1.6806789206890447 5.007151060303149
1.6932331315939002 4.826743532761418
1.7057845975195371 4.655815821848185
1.7183896309732491 4.501192362150776
1.730987418544077 4.347044858093234
1.7435623448937647 4.186927582432044
1.756142663464047 4.0230769693556985
1.7687458921757893 3.897433690675168
1.78133347820503 3.770023405734272
1.7938985526958346 3.6306622073827346
1.8064980806819713 3.5112080440754054
1.819094536369051 3.3833308206706523
1.8316935397102871 3.277825343392524
1.8442938066535413 3.156719476335967
1.8568876791935873 3.0607060877884895
1.8694996979258034 2.9388734834919896
1.8820874678435335 2.8454528501769754
1.8946480071290872 2.760987621108497
1.9072244238241263 2.673191407722624
1.9197955083167064 2.602548917421648
1.9324077190392548 2.5058641469160374
1.9450267994293586 2.427307787764397
1.9575901294986948 2.3479609046065515
1.9701677233625376 2.290052035708752
1.982740328341281 2.1791345308585415
1.9953314743596502 2.124257060788967
2.007947834664373 2.0781572339633954
2.020502275436267 2.0003068454246806
2.033091375229655 1.954157178194949
2.045722350451918 1.8914300232227066
2.058276346288364 1.83779096203985
2.0708699090952445 1.7893354798271461
2.083519949911571 1.7312591613711403
2.0960971256414047 1.675355972949305
2.108627206088837 1.6342868689969348
2.1211870915125473 1.567759918275407
2.1338231323869636 1.533816771787176
2.1464102873771225 1.4847412321038127
2.1589635630855617 1.4500345303059297
2.1715722325463074 1.4049701437033835
2.184206232503578 1.3635945349366851
2.196758254187644 1.3403448004123903
2.2093298486834114 1.283707766407035
2.2219259092398076 1.2531247868075241
2.2344895913326472 1.2105080395138745
2.2470405345948845 1.1602365148781768
2.2596241003144386 1.1121216609455193
2.2722295314965866 1.0563978082331424
2.284834822222926 1.0188276738020976
2.297400038677995 0.9697663641317831
2.309967779970979 0.93109729389973
2.3225784835721353 0.90118530376641
2.335159521230416 0.8648874928216448
2.3476935649899997 0.835758351038784
2.3603433164871586 0.8055382653737208
2.373033299473766 0.7810049093164751
2.3855678635589777 0.7587684912354264
2.3980601433668594 0.7259620729675682
2.410778968531105 0.7129033577329522
2.423453109943772 0.6839345536726614
2.4358311952097202 0.6720140697561302
2.448470944043585 0.6385577648041857
2.4612848053934533 0.630639358389667
2.473794880423971 0.6211639282426991
2.48611076865913 0.6003908578889123
2.498755511659807 0.5916072997990502
2.511584783245329 0.5725777907917459
2.5240933241388874 0.5719807166702738
2.5365627011107508 0.5477274780313584
2.5493077516226443 0.5121452217348618
2.561978439831307 0.5289032595178482
2.5742127557983374 0.5059972473369878
2.58673194013488 0.48460955366283626
2.5998869040801726 0.48788374465242035
2.6126019917307075 0.4826587812563607
2.624168567409613 0.490654942915842
2.636617431092507 0.45374684593824355
2.650287847625156 0.450496194134367
2.663341593133417 0.44968026746704437
2.674176912131962 0.46733972867367607
2.6865492607137345 0.42271238232859554
2.7007770451010362 0.4593483149616148
2.7145884416410118 0.43238351524969276
2.7248746414473373 0.4649249728731655
2.7364378284531075 0.4527745214634462
2.7506817507001853 0.4010784012054062
2.7647976990558014 0.5115318122815101
2.776632163410764 0.34092009216578373
2.785694055607796 0.3400402189296267
