0.0355995320640277 0.37644429910101884
0.06031812737832272 0.19035501465319352
0.0857939383011275 0.13996222548054324
0.11134945619269125 0.10454043417346034
0.13740772451420624 0.11152966640315401
0.1619198694830937 0.1336828263606736
0.18707374974769828 0.11970816094822165
0.21233477276476215 0.10844761144938837
0.23782095873840983 0.11628453801270464
0.26305613927170435 0.11475214496960864
0.2878731371823165 0.11766225204836135
0.3131229435266203 0.11694319605880395
0.33882516300831117 0.11236359122243969
0.3638840707944269 0.11260652609028533
0.3888421551057791 0.11720375612222036
0.4139164608330497 0.11390940885262771
0.4390425055735007 0.11737878903930397
0.4642298460713666 0.11292633469283221
0.489481164800131 0.11456562231704766
0.5147408896754396 0.11807181801463748
0.5398149863160064 0.11571099471285347
0.5647951678468072 0.11970247034650265
0.5900694612589175 0.11748833599652599
0.6151627423930924 0.11474475256326876
0.6402804127074874 0.11535472752446972
0.6656145508377139 0.11587916213216336
0.6908970285457912 0.11850260179442852
0.7159255355585246 0.11714412807366191
0.7409616066448085 0.11706503498223227
0.765943524028864 0.11728794927246759
0.7911774421060835 0.11674430520292817
0.8163972739949347 0.11930187012506394
0.8415985855269995 0.11469414624072319
0.8667874327405682 0.11396957726074355
0.8919043436723358 0.11411279681109919
0.917072925798438 0.11678302888239453
0.9420821977605266 0.11771475002744228
0.9671905100815662 0.11355575623521483
0.9923695763931301 0.11674300653250931
1.0174245440578218 0.1169660343652298
1.0425620249956338 0.11543670719525584
1.0677319564151797 0.11792322764451069
1.09299903176674 0.11815713908360713
1.1182422523498419 0.11605349081814621
1.1433775801164472 0.11408753515007895
1.1683822510732753 0.11746365325593713
1.1934123603074855 0.11658011377406974
1.2185861622142722 0.11686685951128596
1.24374544077794 0.1141687168975652
1.268901742068402 0.11742272169370355
1.2941101854597856 0.11537686838562296
1.31930312974207 0.11636778733491346
1.344507099244202 0.11587988515614973
1.3695173572217374 0.11492209340510953
1.3946291662401546 0.11765631456887796
1.4198032188648222 0.11614367974940072
1.4448060265429905 0.11562448687996472
1.4699467712217442 0.11769184339388748
1.4950997368611103 0.1162819403148713
1.5203029160580834 0.11628786880710454
1.5454579313814043 0.11674283595629296
1.5704987397299335 0.11820572786582799
1.5957491533141441 0.1164045516254404
1.620873333587822 0.11801513220655795
1.6460113097318068 0.11531586878675272
1.6711711110896832 0.11631483571387966
1.6962063418882873 0.11688979599221712
1.7214170434286349 0.11604362455402051
1.7465908753434605 0.11714603541325741
1.7716466052415814 0.11674388832261215
1.7967025800839405 0.11640739230602541
1.8218151534302738 0.11753143697809652
1.8471039700933527 0.11557301762009403
1.8723085635387924 0.11637305989426573
1.8974456467573209 0.11655700324254864
1.9225946876248656 0.1168782334379227
1.9476606172433555 0.11596122210451665
1.9727324348769952 0.11673831746284748
1.9978569764763638 0.1169656854956573
2.022918579024332 0.11663233758830036
2.048025239093134 0.11620698398370163
2.073306766539774 0.11688985978236188
2.0984928668980114 0.11636004205437755
2.1235606161183123 0.11543960733711421
2.148687786556625 0.11675189529146643
2.1738908856072303 0.1158969246821107
2.199032004082497 0.1172301912404614
2.2240353934164028 0.11660916853486193
2.249202976810447 0.11617942649190967
2.2744664074123526 0.11693383039660958
2.2995843106914653 0.11542814376261187
2.3246832409445872 0.11659360195402883
2.349821638430723 0.11711287133105534
2.37493501016317 0.11697838440251723
2.4000539863922206 0.11647435960503459
2.425137531992219 0.11680791524887608
2.450254398893353 0.11675812890097925
2.4754583462709716 0.11718695706771771
2.5005921628630445 0.11598448856637245
2.52567959761459 0.11631791679790143
2.550870726944715 0.11768495935419171
2.576013098243648 0.11657640025391729
2.601144834561272 0.11647377977314781
2.6263057983454945 0.1161721777181608
2.651419746503316 0.11636028509300805
2.6765468941968305 0.11723405674139242
2.7017014790399445 0.11716187391727464
2.7268082875467496 0.11697076832525291
2.751911777263748 0.1159699047201662
2.777013172487579 0.11655477756916384
2.802146289460173 0.1161400767027754
2.827326795231732 0.11710120853663684
2.8524850999570246 0.11720103853863559
2.877645480110822 0.11679428943291546
2.902812386413994 0.1167967718731714
2.927940619140306 0.11715271401009299
2.9530834253282827 0.11668600373680656
2.978187247999335 0.11778866008672038
3.0032300322904057 0.11697354114553744
3.0283856610658497 0.11733615762154638
3.053539451755988 0.1177348609339009
3.0786688249733136 0.11674826310927823
3.103842271008741 0.11690958131214828
3.129016665670351 0.11733716560001274
3.1542116679784202 0.11715674354057669
3.179245000265702 0.11700497716233846
3.2042834923545858 0.11730908558790402
3.2294333616782267 0.11781336837112412
3.2545802155245425 0.11664848284976574
3.27975030357835 0.11745765475978923
3.3048708410238032 0.11746901354536772
3.3300492985451697 0.11685560507048068
3.3552748795238854 0.11760844189948441
3.3803456928426434 0.1180813662839967
3.4054056648137987 0.11673763581526049
3.430572507080301 0.11809663060937381
3.45571727547552 0.11761722287124352
3.4808300651078534 0.11742892361384377
3.505951687845159 0.1183182881520468
3.5310974819338683 0.11809371826224457
3.5562297227222297 0.11761410973912348
3.581330996159322 0.11792661592604595
3.6064805892430427 0.11808918589057449
3.6316319951255194 0.11828819957293207
3.656796990096104 0.1179429529080943
3.6819523580742297 0.11828089642088489
3.707074479608857 0.11805462956301102
3.7322310758973396 0.11840869398089833
3.7574083952003168 0.11822992833720672
3.7824926866180673 0.11847790187648924
3.8075674511060535 0.11813208998975892
3.832669427869217 0.11850009013419911
3.857845187673153 0.1189933601516699
3.883047747757947 0.1189558092504597
3.9081384833737576 0.11864637576504201
3.933236187991543 0.11906705919216698
3.958335416526681 0.11874430251884119
3.9834907439263767 0.11893879583299388
4.008653749759813 0.11959039880056806
4.033728889364393 0.11862584811826982
4.058886870858855 0.11887620923918014
4.084081177739984 0.11917351283187871
4.109207560371926 0.12008213403599083
4.134349049248376 0.11914611300013687
4.1595032346215834 0.1192187978600905
4.184621587237819 0.11954208599855608
4.2097281168009 0.11981740040738116
4.2348378703429965 0.11996961099704445
4.259973066870728 0.11993319251638689
4.285143528199993 0.12021024865729682
4.310293296907868 0.12066999150706836
4.3354170650162525 0.12056725802172563
4.360550562860205 0.12007084787461236
4.3856778135706485 0.12070653294497674
4.410844361702208 0.12122508698265791
4.435972706531225 0.1213415228054278
4.461022910568682 0.12130441598761525
4.48613038929069 0.12072053170623358
4.511292857742717 0.12116959095610173
4.536481457438943 0.12142199430226774
4.561580127245688 0.1221604761162551
4.586681331875503 0.12239873343134461
4.611894947559678 0.12220957182275892
4.637041605779793 0.12272633304649283
4.662161548781153 0.12218120749815824
4.687299649206824 0.12208653405164374
4.7124777736978904 0.12295533857280942
4.737599327725733 0.12294606362643548
4.762667960979315 0.12277223673277148
4.787778909332088 0.12345320172297661
4.812937066905882 0.1234300499300768
4.838078818305212 0.12354723140533125
4.863187730994561 0.12427959833424929
4.888331826492683 0.12395570115655075
4.913495955951102 0.12388433028526447
4.9386661195938775 0.1248212008087622
4.963743843303163 0.12498288620730545
4.988834892846115 0.12526600602083107
5.013998059632037 0.12595474078603447
5.039136710431836 0.1255187864641596
5.064266158086962 0.1263352223078355
5.089403422393159 0.12622223682369071
5.114555572071209 0.1265533215276214
5.139685990312292 0.12721434869246842
5.164841998280661 0.12706858627736262
5.190003907106144 0.1273015880166813
5.215108991711762 0.12789637571593976
5.240211657342245 0.12778707021627705
5.265348839227692 0.12857044033237539
5.290490773083405 0.12888405735478048
5.315606383780594 0.12968925802705328
5.340724316189297 0.12960992195864446
5.365907845644289 0.1294982448368425
5.391069937825274 0.1305077762448528
5.41615350560477 0.1308627915092206
5.441278265403838 0.13091659845870607
5.466411256854217 0.1318405061595133
5.491555188061869 0.1319894265766912
5.516691368747492 0.13274167277080667
5.541788827471865 0.13331909941659953
5.566945807215647 0.13351437016675724
5.5920897312044495 0.13411955914115103
5.617224141932954 0.13458748194514647
5.6423724094618235 0.13522375842554166
5.6675053085208 0.13566165329882146
5.692627365593524 0.13647627641304533
5.717746543937764 0.1372250842661495
5.74290371003983 0.1370490547677726
5.768065193411046 0.1378883747702724
5.7931720598485175 0.13844220800578727
5.8182874666572415 0.13923071412467644
5.843436030610245 0.14003392502919282
5.868600895287861 0.14046225135538115
5.893731756228825 0.1410463266996841
5.918840663564159 0.14210785235125412
5.943986064149369 0.1425366834279142
5.969096610991783 0.14361097007077825
5.994172730725258 0.14366152100473312
6.019306540243395 0.1448093073111535
6.044468183206472 0.14595827571040898
6.069611438658771 0.14665169039107198
6.094759865825102 0.147653811108148
6.119918408317419 0.1485906285779882
6.145087656905551 0.14893400022589562
6.170210506903115 0.15001302927947918
6.195304165860002 0.15070504726502396
6.2204612761130464 0.15165994793301094
6.245598979642495 0.1533504908158793
6.270686845731263 0.15408822419742602
6.295825834110255 0.15569947764806882
6.320985908963122 0.15631648047298824
6.346113984455323 0.15735048179932482
6.371213149661307 0.1582884943390631
6.396359521362583 0.15960769455184687
6.421543006516726 0.16079637783061726
6.44665421564033 0.16170169637728976
6.47176449778982 0.1617603850422703
6.4969073416192265 0.16244609371737165
6.52203350986862 0.162903865820989
6.547170860341031 0.1637060669905819
6.572299108770391 0.1637404377688417
6.597411560482535 0.1638391447540506
6.6225489154169175 0.1646573995417446
6.647693707943662 0.16496288083367427
6.672854247311611 0.16539925690950008
6.697980214608582 0.16591984205429375
6.72306819430328 0.16642659710370647
6.748231952381212 0.16662797753707093
6.773413942764 0.16708248785213187
6.7985072734413245 0.16742191890199215
6.823632557679515 0.16830779993253348
6.84879296421122 0.16859924745519644
6.873928295014829 0.1689043681617875
6.899061220887646 0.16966630390624465
6.924167788980894 0.17063637750812427
6.9493342402330995 0.17051365525837134
6.974454691729092 0.1715408681368295
6.999534193893173 0.1718123406528745
7.024683960817601 0.1723981654406852
7.049833993551123 0.1733673405994502
7.074966527960984 0.17316752158634582
7.100099888494331 0.17455477580682943
7.1252480645951906 0.17484616462254277
7.1503772513004815 0.17587226397122474
7.175504112716813 0.17662790353094757
7.200626513011818 0.1773718034218742
7.2257599644959525 0.17801270019379523
7.2508950488341 0.17807538247882806
7.2760122150581505 0.17902725855934154
7.301152368758255 0.18019185232045468
7.326293784966839 0.18092645145937936
7.351441359293519 0.18142389594493402
7.376586110985803 0.1823787324153453
7.401708775043929 0.18281549309526948
7.426844755678841 0.18395596938892977
7.451976847061477 0.18486881315054926
7.477091333715198 0.18561427332693567
7.502235074414395 0.18631956316939108
7.527384483642957 0.18801434115366628
7.55251643871256 0.18857278371187694
7.577615648118855 0.1898131522995584
7.602758426536976 0.1902661931835653
7.62792058365069 0.19092957579367836
7.653016779981905 0.19220937041232664
7.678137536842893 0.19326052985104725
7.703289705347334 0.19404221044204137
7.728469607851641 0.19510905716784846
7.753573494512738 0.19673435174009477
7.778644474094682 0.19767250995796629
7.803799458609334 0.19949147137813925
7.828965175628868 0.19977297174030326
7.854113748229413 0.20123905429904995
7.879235374844222 0.20268027374947536
7.904380255556778 0.20434331534497274
7.929545842726955 0.20531460168818286
7.954662988870281 0.206301158734999
7.97976850846632 0.2083080077499545
8.004909642122797 0.20973863725967176
8.030028649126336 0.2111753351375768
8.055127715545789 0.21262164248057125
8.080263845502913 0.21364575650699127
8.105436419171598 0.21536737185386315
8.130570323793355 0.21711130380701518
8.155665587546455 0.21821142239255992
8.180801853412465 0.22049136030817318
8.205970284191062 0.22204824165113127
8.231118910517612 0.22378402834432867
8.25624215854283 0.22498498936715433
8.281396125149612 0.22681682647420162
8.306564546185005 0.22866420516739763
8.331643325690777 0.23084204984688245
8.35671740014491 0.23232720867754042
8.38189692581888 0.23495547952989765
8.407040580359057 0.23777782933794098
8.432120016626236 0.23864805105110634
8.457252952999648 0.2418638456723141
8.482382008074769 0.24187738732560066
8.507514134632295 0.2454900208019279
8.532658622752868 0.24690588853804293
8.557832975446205 0.248553250180842
8.582990776350842 0.2517281013550443
8.608065450530612 0.25338784823658705
8.633195879852595 0.25697427264421296
8.658357153236212 0.25742396427404207
8.683504585908619 0.2602413865717398
8.708633115169935 0.2620799069680561
8.733744238731465 0.2640505245846656
8.758856065743478 0.2694482754420073
8.783991210122236 0.26839733812217503
8.809108239827902 0.27175664739347594
8.834234011158452 0.2733164910298976
8.859415590479182 0.2742227581852049
8.88454464797364 0.27887642076856073
8.90959454312268 0.2794648220040121
8.934754429233886 0.28110999058978814
8.959958582251323 0.28244114583977453
8.985047473959975 0.2862797256701612
9.010169076367196 0.2874089103900388
9.03528520194706 0.2872364113350298
9.060397218856155 0.28982640198284404
9.08546247889573 0.2887499495530907
9.11060642910691 0.2899177925754869
9.135841423498807 0.29254575572630787
9.160928932392066 0.29299786477674783
9.186063862320887 0.2930842117107248
9.211265164998357 0.2949050234534889
9.236383972771623 0.2968706803855563
9.261478577076316 0.2973229289892872
9.286591909609461 0.30060196527159766
9.311756376245853 0.303208356015676
9.33687541546236 0.301809170197102
9.361931819059764 0.30828369710701947
9.387083430263756 0.30840721648997504
9.412268878164953 0.31067212690190316
9.437415972759744 0.31588828831796706
9.462472583662972 0.31838480794209617
9.48756090014896 0.3183406581118779
9.512822056390535 0.3245422529828954
9.537971497194132 0.32457556467848936
9.56303013737113 0.328199192526205
9.588213045347718 0.3311728883563228
9.6134753718399 0.33416141732139126
9.638554154084721 0.3381998350751137
9.663585745064553 0.3395859256130693
9.688838652645241 0.34275232558189933
9.71398413895897 0.3511172984116259
9.73897566282436 0.35122831084389955
9.764146121851793 0.3566690603166207
9.789461884391413 0.35468775120486035
9.814543114546208 0.364418046974368
9.839467470442752 0.3662955703471
9.864704943133923 0.3714264284699332
9.889925917874866 0.374870521599304
9.914923574609423 0.37934315341285985
9.940007314440765 0.3838262709858107
9.96524205935277 0.38750339556293634
9.990492925946253 0.3921652867022658
10.015487260787554 0.39622398340241854
10.040474592254233 0.40460366600114545
10.065826080986367 0.4051274864898462
10.091061950321434 0.4160336229819709
10.115923300504953 0.4247599093893483
10.141055315288948 0.4250400662214308
10.166488262708583 0.42996131283584826
10.191611280240446 0.4409452541304419
10.216388462952363 0.44962671545880184
10.241621123372624 0.45955610663223945
10.26717420763994 0.45783445623454544
10.292069667747054 0.4702817728455434
10.316730385331638 0.48059543801368243
10.342182960087019 0.48254406926352345
10.367682448555772 0.49592401093729893
10.39251962906917 0.5045494838320232
10.417471660608445 0.5080062604448731
10.44298170413825 0.5212127559520592
10.468015730946995 0.5292067442675743
10.492319234568033 0.5402986497395473
10.517875872604796 0.5515565368643703
10.543928759444956 0.5601993444597949
10.568406266587388 0.5702285307061606
10.5924458234851 0.5838282833110551
10.618452330440883 0.5902864572430738
10.645010333093584 0.6028651865629512
10.669070446287947 0.6129549776947386
10.692654101192467 0.6272287959816205
10.71921827664678 0.6201341454117941
10.74615967489949 0.6689398557866242
10.769085999546487 0.6701145711981635
10.792151909173763 0.6745210198040344
10.819861710614719 0.7384018390189648
10.847575758666503 0.6922650758712939
10.868686893163895 0.7383777865079648
10.891441684214177 0.7069109923912923
10.920088063556642 0.7263832915230265
10.948558600786347 0.7902885726211293
10.970250854532651 0.8016733127833442
10.991791897610996 0.8416770114686696
11.020471956680318 0.8535571190681225
11.049097558484435 0.9038558946037898
11.071871952481326 1.1504234190264606
11.091629266369887 0.9139391456998855
11.118925324958662 1.6261351930762966
11.144286060927424 1.260124896196274
