0.017832091871975035 8467.97295117894
0.030213835030786947 6531.153033043593
0.04297487357678412 4469.5100694744515
0.05577583798436819 4170.4645753960185
0.06882863412500542 3860.8007392832565
0.08110696464570492 2580.295898154794
0.09370674553631757 2302.7880195143766
0.1063601950931878 1671.884094917896
0.1191264305855795 1694.2128709335548
0.13176693543452642 1417.626858487877
0.14419796924510345 1288.0010077151142
0.1568458002803932 1052.567595393678
0.16972024869412114 965.8335044726788
0.182272457106571 889.8299145005099
0.19477416222977528 900.2297367613068
0.20733408359476674 706.7603320653965
0.2199199214475013 674.2756016094646
0.23253646283801319 604.2874665800351
0.24518505143884062 570.1276561711009
0.2578378507460671 513.4712300531908
0.2703976673778473 475.6392894836905
0.28291044117596037 451.2680973843169
0.2955705379804186 406.4806049452364
0.30813996427931245 399.9201352898166
0.32072160731469557 364.781404314472
0.3334116808196784 346.8942464395653
0.34607587720379757 332.24743985394326
0.3586128576244031 316.0902410926854
0.37115362695027393 300.7857922852316
0.3836672702512406 282.38437530579387
0.3963071427257879 265.70761072665283
0.40893995931531246 256.3024472777193
0.42156349890919775 240.3470423448344
0.434180795025721 231.42219633195444
0.4467620576802397 219.8541945816922
0.45936920285149635 206.18099516234875
0.471896548280562 199.67056102973692
0.48447350382182436 194.241285772723
0.49708590060588365 181.7689623112726
0.5096361353798291 176.96702753519114
0.5222277017157818 169.76200626955642
0.5348355227589744 160.15010814127496
0.5474920039788616 158.1977047787258
0.5601365361534083 150.40689924949564
0.5727270239485898 146.0431160621631
0.585252064697123 140.35830741618517
0.59778984768335 132.79799908848486
0.6103996074847245 130.37215132104296
0.6230020924267464 123.71168549390104
0.6356030860286788 120.76805776073037
0.6482301980282453 115.5994164645514
0.6608495463994334 112.34413276236118
0.6734744173918985 107.17322153450831
0.68600225672403 104.72098655395871
0.6985809637891264 100.74843361572493
0.7111908491771035 97.03743530805806
0.7237149565943732 94.40695470129933
0.736308157764408 91.03684808191677
0.748907480511884 87.98899809230485
0.7615319556341401 84.96803549701454
0.7741323050847909 81.60145657633902
0.7866754473434133 79.61072378307969
0.7993235825500554 77.24916334881657
0.8119084864763908 74.18185693378852
0.8245003008650976 71.55837731455836
0.8371030476789426 70.25272645049112
0.8496433960979577 67.61448446241022
0.8622716392224983 64.79359357729068
0.8748814140551407 62.90628741703184
0.8874320306379402 61.015503688170156
0.899982769915278 59.35524507487039
0.9125618598383736 57.182212378755125
0.9252292314560255 55.76841418351547
0.9378544149867107 54.11362148772465
0.9504457821018764 51.63718014373692
0.9630431388995874 50.475184477698654
0.9755988646043371 48.99429295578799
0.9881575396632216 47.16347167683209
1.0007426245805011 46.19234917123991
1.0132961828208316 44.591688429896905
1.0258723107356622 42.86280852382089
1.0385360311261864 41.54957041989663
1.0511519513207863 40.26652696838921
1.0637085884787147 38.97111492093187
1.07629499020256 37.647144848661725
1.088919425178856 36.720454371343635
1.1015128135865697 35.47741957842761
1.1140372123598756 34.20766639604026
1.1266438572582136 33.345978647068264
1.1392985127936908 32.25843279201378
1.1518802725229742 31.177497342137055
1.164452528510974 30.39233591970623
1.1770445539533523 29.43815575648673
1.1896240437944723 28.61598247507835
1.2022063409730073 27.224105833928135
1.2147708906645474 26.679076655266513
1.2273521312637676 25.75708547725271
1.239976991173886 25.1448677628014
1.2525667220095926 24.21908417527631
1.2651332198084158 23.430267437438527
1.2777516590554727 22.852591391562814
1.2903456750126352 21.95372952123133
1.302934363822143 21.430292080286176
1.3155376929046916 20.85427794942667
1.3281174714819164 20.158210941878977
1.3407038618127096 19.54403704813063
1.3533039956323634 18.876307115238568
1.3658801979009831 18.428131404121597
1.378454737761102 17.855902376953416
1.3910282284727513 17.100234352481447
1.4036176088634353 16.674215681370253
1.4162307266845808 16.36464891114147
1.4288327238231298 15.840099429900778
1.4414357605605057 15.396898336049283
1.4540420662985813 14.925853727074045
1.4666290001310274 14.474373292784762
1.4792232339276088 14.130034650401058
1.4917979405670907 13.73567648084782
1.5043420725912209 13.35454505292114
1.5169427293249733 12.933920302718533
1.5295424653470153 12.729031637684514
1.5421299704605813 12.335506227467757
1.5547395520031302 11.92233997029194
1.5673496087201622 11.73072708523653
1.5799699879730147 11.397871750525661
1.5925093854124424 11.130414579326203
1.605051367437983 10.835825288689268
1.6176486600174453 10.557822237772426
1.630244500194964 10.190969225354443
1.642852769411221 9.851495653548419
1.6554322216394608 9.508822195499203
1.668044025585912 9.181220219871852
1.6806789206890458 8.808929507484496
1.6932331315939013 8.505790898400045
1.7057845975195383 8.23852659025167
1.7183896309732503 7.968013374737863
1.7309874185440781 7.7069201541766965
1.7435623448937658 7.429060573107299
1.756142663464048 7.135136612860196
1.7687458921757906 6.916494672518377
1.7813334782050312 6.697494234359265
1.793898552695836 6.473794430033603
1.8064980806819726 6.231772108995922
1.819094536369052 6.011819915310433
1.8316935397102885 5.8446514366079265
1.8442938066535426 5.620666145438885
1.8568876791935884 5.449655611146459
1.8694996979258047 5.238532511172567
1.8820874678435346 5.07860629214896
1.8946480071290885 4.90319741660788
1.9072244238241274 4.767701404529869
1.9197955083167078 4.617422637744531
1.9324077190392561 4.4547116024548385
1.94502679942936 4.322462405110547
1.9575901294986962 4.176321801766484
1.970167723362539 4.050816194062173
1.9827403283412823 3.889134615916138
1.9953314743596515 3.775341804340945
2.0079478346643747 3.711908929083536
2.0205022754362685 3.545745748714268
2.0330913752296564 3.4632466458845146
2.0457223504519195 3.3571394341974266
2.0582763462883653 3.2532014225602057
2.070869909095246 3.159425107124428
2.083519949911573 3.0719296837809686
2.096097125641406 2.9593138015883644
2.1086272060888382 2.8941008567196356
2.121187091512549 2.7915202025492616
2.133823132386965 2.727996561375135
2.1464102873771242 2.6471655844466797
2.1589635630855635 2.562679090081295
2.171572232546309 2.4938652368051573
2.184206232503579 2.410250484143503
2.1967582541876456 2.3859546564747287
2.2093298486834128 2.28823672159883
2.221925909239809 2.2301082470768625
2.234489591332649 2.1723583194681244
2.2470405345948863 2.0714490996928965
2.25962410031444 1.9870078928208803
2.2722295314965884 1.9073769737534074
2.2848348222229276 1.835400902396135
2.2974000386779965 1.7512808153840103
2.3099677799709806 1.674746485205926
2.322578483572137 1.640489787527457
2.335159521230418 1.57348069829726
2.3476935649900015 1.5281605737981363
2.3603433164871603 1.4680977759196943
2.3730332994737675 1.4240976933397733
2.3855678635589794 1.3919859275025281
2.398060143366861 1.3105526099092997
2.410778968531107 1.2860273337154882
2.4234531099437735 1.242910541722881
2.4358311952097216 1.2169810951724538
2.4484709440435863 1.1574756112252589
2.461284805393455 1.157600157394269
2.4737948804239727 1.1114930654803865
2.486110768659132 1.0890767207360104
2.4987555116598084 1.072689755883144
2.511584783245331 1.0219501469894108
2.524093324138889 1.0077200629440486
2.5365627011107525 0.9616781491482327
2.549307751622646 0.9259412822644829
2.5619784398313086 0.9532848739427776
2.574212755798339 0.938681006892453
2.586731940134882 0.8846694840921105
2.5998869040801744 0.8640496864899971
2.6126019917307093 0.840563022285989
2.6241685674096153 0.8329551291372231
2.6366174310925086 0.7953115435872957
2.6502878476251577 0.7736359805623941
2.663341593133419 0.7800796070110236
2.674176912131964 0.8162483258599661
2.6865492607137362 0.7480649775980256
2.700777045101038 0.7794986800136079
2.7145884416410135 0.7104126829284457
2.724874641447339 0.838422269114624
2.7364378284531092 0.7846930638642186
2.750681750700187 0.7393503732483357
2.764797699055803 0.7615391068326482
2.776632163410766 0.6203416042051209
2.785694055607798 0.3633623908619869
