0.017832091871974997 8465.583527583534
0.030213835030786885 6585.147866478056
0.04297487357678403 4549.963598500334
0.055775837984368075 4253.388431285265
0.06882863412500528 3921.62016424052
0.08110696464570476 2637.066818973078
0.09370674553631737 2337.4116084120064
0.10636019509318757 1699.0916979496747
0.11912643058557926 1695.6611393027888
0.13176693543452617 1407.5733197758736
0.14419796924510314 1273.6430461019143
0.15684580028039288 1022.3799609892798
0.1697202486941208 919.679918291147
0.1822724571065706 825.5111414465509
0.19477416222977487 827.0260690771811
0.2073340835947663 639.5490463458511
0.21991992144750083 597.0760533145602
0.23253646283801271 531.4214653381401
0.24518505143884012 486.6949424772148
0.2578378507460666 434.21706435454104
0.27039766737784676 393.65177023735833
0.28291044117595976 364.8513752250638
0.295570537980418 324.0119678040866
0.30813996427931184 313.07839846994057
0.3207216073146949 283.8280286627227
0.3334116808196777 267.61471137926713
0.34607587720379684 247.82508666296857
0.35861285762440237 233.78036505583546
0.37115362695027315 219.32094952304666
0.3836672702512398 202.638885949298
0.3963071427257871 188.07316599098348
0.40893995931531163 180.41495308948623
0.42156349890919687 165.21060065909936
0.43418079502572005 158.62049505692892
0.44676205768023874 146.71772720803733
0.4593692028514954 137.14227006011285
0.471896548280561 130.54503238932725
0.48447350382182336 124.3719192929711
0.49708590060588265 116.35517471671301
0.509636135379828 111.05033592508774
0.5222277017157808 105.71111617442934
0.5348355227589733 99.27807667712518
0.5474920039788604 95.11837334844759
0.5601365361534072 89.50854919472933
0.5727270239485885 86.15759170113179
0.5852520646971218 81.81958589420418
0.5977898476833488 76.98618807661143
0.6103996074847232 73.86421060676938
0.6230020924267451 69.52665276467482
0.6356030860286774 67.11069060417827
0.648230198028244 63.7081337927628
0.660849546399432 60.54291814031567
0.6734744173918971 57.74380768651399
0.6860022567240287 55.70295959412651
0.6985809637891249 53.01266445307565
0.7111908491771021 50.811182718293495
0.7237149565943718 48.51867233465831
0.7363081577644064 46.44237584619289
0.7489074805118825 44.1028807971541
0.7615319556341386 42.114383707824516
0.7741323050847894 40.44643390992851
0.7866754473434118 38.79476324268059
0.7993235825500538 37.40076251388357
0.8119084864763891 35.463981937849546
0.8245003008650958 33.70946575543991
0.8371030476789408 32.80864370351576
0.8496433960979559 31.401022549252097
0.8622716392224965 29.834907430822057
0.874881414055139 28.49823535628216
0.8874320306379383 27.355341518048885
0.8999827699152761 26.63802448390922
0.9125618598383717 25.13312475023301
0.9252292314560236 24.404982097971022
0.9378544149867087 23.369742688730664
0.9504457821018744 22.165339683903298
0.9630431388995854 21.463152301417736
0.9755988646043351 20.589873552424333
0.9881575396632196 19.731590294094786
1.000742624580499 19.1502115701436
1.0132961828208296 18.29690382280663
1.0258723107356602 17.49137642757837
1.0385360311261842 16.78172635741954
1.051151951320784 16.183529952965053
1.0637085884787125 15.468199544634574
1.0762949902025578 15.024141243499114
1.0889194251788539 14.407814341380186
1.1015128135865675 13.781658271622863
1.1140372123598734 13.275196786861079
1.1266438572582114 12.774959574320487
1.1392985127936883 12.289752958119143
1.1518802725229718 11.857628970342203
1.1644525285109717 11.375515356908364
1.1770445539533498 10.914153921700263
1.1896240437944698 10.594173128896355
1.2022063409730048 10.169850202672093
1.214770890664545 9.833213683402716
1.2273521312637652 9.373350755080198
1.2399769911738836 9.126939526255496
1.25256672200959 8.71348459184861
1.2651332198084133 8.399745860764892
1.27775165905547 8.141747551912884
1.2903456750126325 7.82735191160344
1.30293436382214 7.556640854184245
1.3155376929046887 7.291495468245439
1.3281174714819137 7.0319695297033595
1.340703861812707 6.78101621506936
1.3533039956323605 6.545615250702085
1.3658801979009805 6.354344087199863
1.3784547377610992 6.093953869061266
1.3910282284727484 5.880224088792316
1.4036176088634325 5.6733969358565215
1.416230726684578 5.529231642416133
1.4288327238231269 5.3516122098733305
1.4414357605605028 5.1576405157254515
1.4540420662985782 4.980346148771135
1.4666290001310243 4.805065076525184
1.479223233927606 4.671580883562247
1.4917979405670876 4.5582649050624875
1.5043420725912178 4.398850026648037
1.5169427293249702 4.259267428034569
1.5295424653470122 4.139840089273135
1.542129970460578 4.034634274012583
1.554739552003127 3.8952763349337736
1.5673496087201588 3.816975370814873
1.5799699879730114 3.694060513814106
1.592509385412439 3.5868422133086204
1.6050513674379796 3.5027024712598047
1.617648660017442 3.4045595335579177
1.6302445001949606 3.244212895651459
1.6428527694112174 3.117500329311574
1.6554322216394572 2.9851809832304363
1.6680440255859084 2.857777736046203
1.6806789206890425 2.7495927338140578
1.693233131593898 2.6336644118001455
1.7057845975195347 2.513664721183657
1.7183896309732467 2.4433956267327828
1.7309874185440746 2.3467573541548163
1.7435623448937623 2.2572977524937237
1.7561426634640445 2.1662954222044912
1.7687458921757868 2.1000161293467507
1.7813334782050274 2.018506242548575
1.7938985526958322 1.9413260849798746
1.8064980806819688 1.877278401548857
1.8190945363690483 1.818821543273785
1.8316935397102847 1.7539316282730781
1.8442938066535388 1.6897275995947376
1.8568876791935847 1.634891745131034
1.8694996979258007 1.5726993092428712
1.8820874678435309 1.5181479232482427
1.8946480071290845 1.4768433962117924
1.9072244238241236 1.426049946582017
1.9197955083167038 1.387460954744925
1.9324077190392521 1.3367574076240825
1.9450267994293557 1.2923557143400926
1.9575901294986922 1.2495503104308734
1.970167723362535 1.2116304610226643
1.9827403283412781 1.1746433303642987
1.9953314743596473 1.1357426558874901
2.00794783466437 1.106777221571053
2.0205022754362645 1.0747429736790735
2.0330913752296524 1.0476943907288037
2.0457223504519155 1.0145067641113399
2.0582763462883613 0.9825098759420404
2.070869909095242 0.9623542579533099
2.0835199499115684 0.9318356650580722
2.096097125641402 0.9014764163898064
2.108627206088834 0.8793195118610965
2.1211870915125446 0.8468344330627969
2.1338231323869605 0.8340390474142141
2.14641028737712 0.8031680169315029
2.158963563085559 0.7824632040020693
2.1715722325463047 0.7633122083549251
2.1842062325035747 0.734438808821577
2.1967582541876407 0.7226699765686322
2.2093298486834083 0.6899782272486916
2.2219259092398045 0.6770389883982405
2.234489591332644 0.6500446051599695
2.2470405345948814 0.6252875332089195
2.2596241003144355 0.5996990935840184
2.2722295314965835 0.5670845188384326
2.284834822222923 0.5457859333802152
2.297400038677992 0.5226821874463762
2.3099677799709757 0.5027481869944435
2.322578483572132 0.4844209215591769
2.335159521230413 0.464537764227004
2.3476935649899966 0.4477161857336656
2.3603433164871555 0.4313081868829328
2.3730332994737626 0.4251802718992322
2.3855678635589745 0.4082346957108111
2.398060143366856 0.3923314454987854
2.410778968531102 0.38370667830661626
2.4234531099437686 0.3784047754948773
2.4358311952097167 0.36576013193341184
2.4484709440435815 0.35424550387589887
2.46128480539345 0.3433496385384534
2.473794880423968 0.33862812712661927
2.4861107686591266 0.3242332589076235
2.4987555116598035 0.32959053669177935
2.5115847832453255 0.3136654796007935
2.524093324138884 0.31113131567855645
2.536562701110747 0.3063895752363759
2.549307751622641 0.2881728952884994
2.5619784398313032 0.29421056279116414
2.574212755798334 0.29310427623516994
2.5867319401348765 0.28029141864417517
2.599886904080169 0.2822847812964832
2.6126019917307035 0.2776252473637678
2.6241685674096096 0.27940817807347623
2.6366174310925032 0.26676358068860023
2.6502878476251523 0.26910965955683636
2.663341593133413 0.257050891272577
2.6741769121319585 0.26144488468870297
2.686549260713731 0.25483490161932415
2.7007770451010327 0.26357893278229677
2.714588441641008 0.2580344737385864
2.7248746414473333 0.26664975163656346
2.7364378284531035 0.2551290093951256
2.7506817507001813 0.23262583058477806
2.7647976990557974 0.25652048926827425
2.7766321634107602 0.2457077310732929
2.785694055607792 0.11318436791918851
