0.017832091871975125 8507.511941127561
0.030213835030787103 6611.3570649651965
0.04297487357678434 4553.634265883706
0.05577583798436848 4253.344607728686
0.06882863412500577 3932.3172430775344
0.08110696464570533 2640.1387427041423
0.09370674553631805 2352.040576573506
0.10636019509318834 1707.4857864468336
0.11912643058558012 1715.6250437847682
0.1317669354345271 1430.3598477278051
0.14419796924510417 1298.2253108475659
0.156845800280394 1051.9640541246629
0.16972024869412203 955.1513493313113
0.18227245710657192 867.910479343063
0.19477416222977625 874.0069310209501
0.2073340835947678 681.1081682126796
0.21991992144750241 643.5346245587152
0.23253646283801438 574.4467202304562
0.24518505143884187 534.4598553816011
0.2578378507460684 479.0296780217231
0.2703976673778487 439.27919100777706
0.2829104411759618 412.9339461518919
0.2955705379804201 369.1917458547236
0.308139964279314 360.6043648242434
0.3207216073146972 327.90784526844425
0.3334116808196801 310.57080369616125
0.34607587720379934 293.19985967721294
0.3586128576244049 277.80383406836063
0.3711536269502758 262.83306523605165
0.38366727025124253 245.2341173748921
0.39630714272578993 229.21993878274137
0.4089399593153145 220.8673358828757
0.4215634989091999 204.81200788668428
0.43418079502572315 197.19354715605817
0.44676205768024196 185.0912865676401
0.4593692028514987 173.1581531460634
0.4718965482805644 166.6837343679515
0.4844735038218268 160.59170013183225
0.4970859006058862 150.41685210655507
0.5096361353798317 145.24912058355866
0.5222277017157845 139.02752994187475
0.5348355227589771 130.68650241336007
0.5474920039788644 127.66688561041923
0.5601365361534112 120.86234187056206
0.5727270239485927 116.84090591423875
0.585252064697126 111.68084195705717
0.597789847683353 105.46009339585397
0.6103996074847277 102.51179742186727
0.6230020924267495 97.07341990337908
0.635603086028682 94.2883024533633
0.6482301980282487 89.94974278151344
0.6608495463994367 86.75895463640421
0.673474417391902 82.56295310614489
0.6860022567240336 80.45620335931943
0.6985809637891299 76.96089606670769
0.7111908491771072 74.00642634996375
0.7237149565943769 71.46205108816157
0.7363081577644117 68.66679502382306
0.7489074805118879 66.02245333916063
0.761531955634144 63.422191569714585
0.7741323050847949 60.97476141309055
0.7866754473434174 59.07831919468415
0.7993235825500594 57.28997040184986
0.811908486476395 54.75678133364604
0.8245003008651018 52.51397608613899
0.8371030476789468 51.405579804192186
0.849643396097962 49.37181910824904
0.8622716392225027 47.1039922470285
0.8748814140551452 45.551932141256415
0.8874320306379447 43.91524213653699
0.8999827699152826 42.84070286156118
0.9125618598383782 40.88227618465282
0.9252292314560302 39.76994692175394
0.9378544149867155 38.50205049410581
0.9504457821018811 36.64571317367106
0.9630431388995923 35.757409607153875
0.975598864604342 34.48234692354159
0.9881575396632267 33.20065251441228
1.0007426245805062 32.36643609925392
1.0132961828208367 31.175095699160888
1.0258723107356675 29.943219925053103
1.0385360311261917 28.892693162813764
1.0511519513207916 27.92507728147666
1.06370858847872 26.933580252877473
1.0762949902025656 26.105573768029938
1.0889194251788616 25.31924839585307
1.1015128135865755 24.330223027525225
1.1140372123598814 23.47502761684754
1.1266438572582194 22.77828458949326
1.1392985127936965 22.052976227152833
1.15188027252298 21.285463603728655
1.16445252851098 20.646122428765153
1.1770445539533583 19.96713219527654
1.1896240437944783 19.381492118000732
1.2022063409730133 18.51813986451641
1.2147708906645536 18.0510682719521
1.2273521312637738 17.340746373314225
1.2399769911738925 16.934009908377636
1.252566722009599 16.287597204474373
1.2651332198084222 15.702261208799753
1.2777516590554792 15.289303096119406
1.2903456750126419 14.733861104136382
1.3029343638221493 14.312366055678503
1.3155376929046982 13.871373372114924
1.328117471481923 13.427895504090081
1.3407038618127165 13.00004362845912
1.3533039956323702 12.564138824576467
1.3658801979009902 12.24434300614154
1.378454737761109 11.806113671690253
1.3910282284727584 11.315982864265445
1.4036176088634424 11.022344037944118
1.416230726684588 10.806330438079955
1.428832723823137 10.4727333800479
1.4414357605605133 10.14840755700233
1.4540420662985887 9.82884798866106
1.466629000131035 9.493697293916032
1.4792232339276163 9.246018607629802
1.4917979405670982 9.034898808615397
1.5043420725912287 8.746182587624359
1.516942729324981 8.492437968579976
1.529542465347023 8.317081937460864
1.542129970460589 8.084657008845507
1.5547395520031382 7.820218917827582
1.5673496087201702 7.685208142922311
1.5799699879730227 7.4512836492840115
1.5925093854124504 7.260822133558473
1.6050513674379911 7.069066523010166
1.6176486600174536 6.901142757711483
1.6302445001949721 6.628314734258243
1.6428527694112292 6.431138069296216
1.6554322216394692 6.176651631200616
1.6680440255859204 5.937444862343075
1.6806789206890544 5.701406612298326
1.69323313159391 5.499607654241144
1.705784597519547 5.3068858018281615
1.7183896309732591 5.135124321923708
1.730987418544087 4.964846575803496
1.7435623448937747 4.787575480293209
1.7561426634640571 4.593697912147526
1.7687458921757995 4.456446876260922
1.7813334782050403 4.309835489481995
1.793898552695845 4.155936728450032
1.8064980806819817 4.017248277939882
1.8190945363690614 3.872713498033957
1.8316935397102978 3.7541173430030113
1.844293806653552 3.617882598520541
1.856887679193598 3.508158799066965
1.8694996979258143 3.3719046835357154
1.8820874678435444 3.2633197975876116
1.894648007129098 3.169608666424089
1.9072244238241371 3.073559977309397
1.9197955083167175 2.9908929359746015
1.932407719039266 2.8818821241672974
1.9450267994293697 2.791465974050821
1.9575901294987061 2.7005567522790517
1.9701677233625492 2.631466308501879
1.9827403283412923 2.5118134240988725
1.9953314743596617 2.447936879634363
2.007947834664385 2.3906695078140325
2.0205022754362787 2.3034183430458155
2.0330913752296667 2.2525195024653244
2.04572235045193 2.183999641572766
2.058276346288376 2.1173448794577445
2.0708699090952565 2.0654859205230984
2.083519949911583 1.9996443568796445
2.0960971256414167 1.9342917748191335
2.108627206088849 1.8856173970242525
2.1211870915125597 1.8117327768592302
2.1338231323869756 1.771999374548596
2.146410287377135 1.7175523029435211
2.1589635630855746 1.6749412380286381
2.1715722325463203 1.6268450305962332
2.1842062325035903 1.5761092679964537
2.1967582541876567 1.5534423340713557
2.2093298486834243 1.4886578848655894
2.2219259092398205 1.4537217929797992
2.23448959133266 1.4043270338076184
2.2470405345948974 1.3466878705195235
2.2596241003144515 1.292261646977544
2.2722295314966 1.2272181017131651
2.2848348222229395 1.1849942974203214
2.2974000386780085 1.1314421801366568
2.309967779970992 1.0846944325825234
2.3225784835721486 1.0515325586773296
2.33515952123043 1.0075757004210302
2.3476935649900135 0.9766538932278533
2.3603433164871723 0.9407402681629808
2.37303329947378 0.9096310172594413
2.3855678635589914 0.8863503839627447
2.398060143366873 0.847602037848726
2.4107789685311194 0.8344726640106654
2.423453109943786 0.8014817812616418
2.435831195209734 0.7860266615555261
2.448470944043599 0.7469163941165332
2.461284805393468 0.7346579559980719
2.4737948804239855 0.727347070413377
2.4861107686591444 0.7028159862588544
2.4987555116598212 0.692905790521971
2.5115847832453437 0.67020110103658
2.524093324138902 0.6714872791159411
2.5365627011107654 0.6379654008035978
2.549307751622659 0.6032092293025467
2.561978439831322 0.6204696835691759
2.574212755798352 0.5944869088197311
2.586731940134895 0.5682896006729731
2.5998869040801877 0.5749526331424977
2.6126019917307226 0.568291700339769
2.6241685674096287 0.5757486570306587
2.6366174310925223 0.5251051866683021
2.6502878476251714 0.5366388414540538
2.663341593133432 0.5262572924845629
2.6741769121319776 0.5414156445459926
2.68654926071375 0.49516987690805686
2.7007770451010518 0.5254248411201702
2.7145884416410273 0.501187952978485
2.724874641447353 0.5374556249635088
2.736437828453123 0.5246857847733214
2.750681750700201 0.4588693271313373
2.7647976990558174 0.5792143887788177
2.77663216341078 0.3701494557920213
2.785694055607812 0.4704760824550204
