0.017832091871975084 8360.794321971636
0.03021383503078703 6497.650330098537
0.042974873576784235 4476.362590689753
0.055775837984368346 4181.665237105971
0.06882863412500562 3865.1511477333074
0.08110696464570515 2595.061530523879
0.09370674553631783 2311.137042159602
0.10636019509318809 1677.9167539618436
0.11912643058557984 1685.918420192694
0.13176693543452678 1405.2066973946405
0.14419796924510384 1274.6925869977908
0.15684580028039363 1032.6098369201006
0.1697202486941216 936.9468572274657
0.1822724571065715 851.0815640467284
0.1947741622297758 857.0151565795252
0.2073340835947673 667.4307981159411
0.21991992144750191 630.1372362121759
0.23253646283801382 562.4120679511773
0.24518505143884128 522.9057758699676
0.2578378507460678 468.5806850833601
0.27039766737784804 429.2590299823667
0.28291044117596115 403.31974365654514
0.2955705379804194 360.3563260985252
0.3081399642793133 351.75596820452733
0.3207216073146964 319.71562167616827
0.3334116808196793 302.70897607955186
0.3460758772037985 285.45825175485624
0.3586128576244041 270.214377364903
0.37115362695027493 255.60542115053198
0.38366727025124164 238.26177341330848
0.396307142725789 222.63963407037357
0.4089399593153136 214.3505721326819
0.4215634989091989 198.5821632774824
0.43418079502572215 191.1174109151823
0.4467620576802409 179.18349415523886
0.4593692028514976 167.51069486971002
0.47189654828056327 161.10084456231715
0.4844735038218257 155.1278031898087
0.49708590060588503 145.22038355979217
0.5096361353798304 140.11146323800963
0.5222277017157833 134.01395726742373
0.5348355227589758 125.85929269749286
0.5474920039788631 122.93108378104208
0.5601365361534099 116.20220020948534
0.5727270239485913 112.28854175163892
0.5852520646971247 107.2600413331557
0.5977898476833516 101.21826859121781
0.6103996074847262 98.26630496974548
0.6230020924267481 93.05184043206853
0.6356030860286805 90.300935000034
0.6482301980282471 86.10346117082588
0.6608495463994352 82.96674241180592
0.6734744173919003 78.86387087307408
0.6860022567240319 76.83561047096279
0.6985809637891284 73.45923609630839
0.7111908491771055 70.56695254567366
0.7237149565943752 68.09682627528683
0.7363081577644099 65.416443846616
0.7489074805118862 62.85033397963018
0.7615319556341422 60.335495365316945
0.7741323050847931 57.961022087334584
0.7866754473434155 56.116482893975714
0.7993235825500575 54.42797879187036
0.811908486476393 51.99019627148772
0.8245003008650998 49.817618477525386
0.837103047678945 48.725847188502044
0.84964339609796 46.784486634262386
0.8622716392225007 44.61648293791998
0.8748814140551432 43.088883087686995
0.8874320306379426 41.54258025124936
0.8999827699152805 40.50395976336329
0.9125618598383761 38.62190371819001
0.9252292314560281 37.57169758531267
0.9378544149867133 36.352170136499154
0.9504457821018789 34.58116126449539
0.96304313889959 33.72805913351845
0.9755988646043398 32.504216587532156
0.9881575396632244 31.28706591509646
1.0007426245805038 30.479467756637124
1.0132961828208344 29.357259520567965
1.025872310735665 28.180702011063197
1.0385360311261893 27.194862196990034
1.0511519513207892 26.263191992230542
1.0637085884787176 25.32401057919556
1.0762949902025631 24.53419751008932
1.088919425178859 23.797797061295885
1.1015128135865728 22.85487460251469
1.1140372123598787 22.05308099425127
1.1266438572582167 21.38911345654877
1.1392985127936939 20.697178164012286
1.1518802725229773 19.973665363792687
1.1644525285109772 19.37204309830474
1.1770445539533556 18.715514467666676
1.1896240437944754 18.159362768141357
1.2022063409730106 17.350568100411877
1.2147708906645507 16.90688832382335
1.2273521312637712 16.24049846539105
1.2399769911738896 15.855277243781206
1.2525667220095962 15.244221958074073
1.2651332198084193 14.690655522991063
1.2777516590554763 14.301642954772385
1.2903456750126387 13.785082523077142
1.3029343638221464 13.377976540875423
1.3155376929046951 12.964937106625076
1.32811747148192 12.549893484259789
1.3407038618127134 12.145106603008394
1.3533039956323671 11.74084822746016
1.365880197900987 11.4365303512431
1.3784547377611058 11.025503480784261
1.391028228472755 10.565374162465961
1.4036176088634391 10.28410652532992
1.4162307266845846 10.083432725312193
1.4288327238231338 9.770278270310563
1.4414357605605097 9.464552892352021
1.4540420662985853 9.163150195009969
1.4666290001310314 8.848435673559745
1.479223233927613 8.614911851302931
1.491797940567095 8.420981142204047
1.504342072591225 8.144837534422033
1.5169427293249775 7.909428350269473
1.5295424653470195 7.743522266593917
1.5421299704605855 7.527218562240554
1.5547395520031344 7.277563302297364
1.5673496087201664 7.151154441211064
1.579969987973019 6.933921454697862
1.5925093854124466 6.753584894956367
1.6050513674379874 6.574706878428686
1.6176486600174498 6.4163508308181845
1.6302445001949684 6.162151488686168
1.6428527694112254 5.97639911908119
1.6554322216394652 5.738487561396581
1.6680440255859164 5.515479774093881
1.6806789206890504 5.292983496880554
1.693233131593906 5.10814599256526
1.705784597519543 4.9230374510440065
1.7183896309732551 4.765176704271158
1.730987418544083 4.602938769030674
1.7435623448937707 4.439265029588025
1.756142663464053 4.2598730771763735
1.7687458921757955 4.132581886148685
1.781333478205036 3.996048618535372
1.7938985526958409 3.8474169910173672
1.8064980806819775 3.7258687800472687
1.8190945363690572 3.589110048481453
1.8316935397102934 3.478813087960318
1.8442938066535477 3.3535265563422234
1.8568876791935938 3.2510718783252295
1.8694996979258098 3.1230601162816414
1.88208746784354 3.0232205968484815
1.8946480071290936 2.937776593281085
1.9072244238241327 2.8462801985557333
1.919795508316713 2.770427718642716
1.9324077190392615 2.668170774998443
1.9450267994293653 2.5853451232762934
1.9575901294987015 2.5008822076975403
1.9701677233625445 2.4375041992425865
1.9827403283412879 2.324769508840049
1.995331474359657 2.266038423227073
2.00794783466438 2.2131430871728055
2.020502275436274 2.1334427025376654
2.033091375229662 2.084382551099382
2.0457223504519253 2.018483066399649
2.058276346288371 1.9590536580740676
2.0708699090952516 1.9108034802688911
2.083519949911578 1.8489882956667407
2.096097125641412 1.790121086055667
2.108627206088844 1.7452160477692773
2.121187091512555 1.676648892049146
2.1338231323869707 1.6387195316713923
2.14641028737713 1.5876887387068024
2.1589635630855692 1.5477206273834168
2.171572232546315 1.5055238308363446
2.1842062325035854 1.4572695275158312
2.1967582541876514 1.435529369611244
2.209329848683419 1.375002937847258
2.221925909239815 1.3427675373973198
2.234489591332655 1.2957445806113623
2.2470405345948925 1.2435335604945381
2.259624100314446 1.1927698618935136
2.2722295314965946 1.1339162331258714
2.284834822222934 1.093297093618221
2.297400038678003 1.044353185305204
2.309967779970987 1.0010608096890954
2.3225784835721432 0.9687732054617407
2.335159521230424 0.9297660080708736
2.3476935649900077 0.8996008251252635
2.360343316487167 0.8661848648307452
2.373033299473774 0.8397709377889604
2.385567863558986 0.8163775655632928
2.398060143366868 0.7818120596706883
2.4107789685311136 0.7684645912392924
2.42345310994378 0.7395073122764259
2.4358311952097287 0.7236883863703366
2.4484709440435934 0.6895684254155631
2.461284805393462 0.6773350837899006
2.4737948804239798 0.672166865404719
2.4861107686591386 0.6484245475699822
2.4987555116598155 0.6370856728156141
2.511584783245338 0.6164816146392945
2.5240933241388963 0.6180141452216494
2.5365627011107597 0.5893435440732071
2.549307751622653 0.5552738274234491
2.5619784398313157 0.5733847431406855
2.5742127557983463 0.5471591041587023
2.586731940134889 0.5227885956717373
2.5998869040801815 0.5311642438762457
2.6126019917307164 0.5231755486946783
2.6241685674096225 0.5293426786135128
2.636617431092516 0.48521241810546306
2.6502878476251652 0.49408324759282596
2.663341593133426 0.48659494474936255
2.6741769121319714 0.5024075613925718
2.686549260713744 0.45898700861469033
2.7007770451010455 0.49662627383223173
2.714588441641021 0.4666074445016604
2.7248746414473466 0.5021348026460067
2.736437828453117 0.4891013297381459
2.7506817507001946 0.424244463536814
2.7647976990558107 0.5311917498835076
2.7766321634107736 0.36928120123339736
2.785694055607806 0.3536650719266721
