0.017832091871975084 8379.495645008612
0.03021383503078703 6510.694363217918
0.042974873576784235 4482.568311821883
0.055775837984368346 4182.622213138185
0.06882863412500562 3861.2467522874636
0.08110696464570515 2587.4804546754785
0.09370674553631783 2298.0577303872788
0.10636019509318809 1663.039699291882
0.11912643058557984 1665.0300682178636
0.13176693543452678 1382.6285934974317
0.14419796924510384 1248.3119493377321
0.15684580028039363 1005.6492407056636
0.1697202486941216 906.4346189698197
0.1822724571065715 819.6289710635206
0.1947741622297758 819.839653079218
0.2073340835947673 634.4678636635737
0.21991992144750191 594.65542368498
0.23253646283801382 526.2762129972477
0.24518505143884128 485.60975877418224
0.2578378507460678 432.45024939450457
0.27039766737784804 392.76324431096566
0.28291044117596115 366.2592251304672
0.2955705379804194 324.2159237150511
0.3081399642793133 313.96906088625605
0.3207216073146964 283.20854441925775
0.3334116808196793 265.5540441497801
0.3460758772037985 248.36526329194592
0.3586128576244041 233.36888168668284
0.37115362695027493 219.118474181636
0.38366727025124164 202.820925588386
0.396307142725789 188.11905499202481
0.4089399593153136 179.2593703418243
0.4215634989091989 165.22889752365842
0.43418079502572215 157.67839839166345
0.4467620576802409 146.8402197407082
0.4593692028514976 136.25112052819208
0.47189654828056327 130.22596637000774
0.4844735038218257 124.77948900096672
0.49708590060588503 115.80712359425507
0.5096361353798304 110.979066368253
0.5222277017157833 105.48029239337112
0.5348355227589758 98.4649341941155
0.5474920039788631 95.69753988567197
0.5601365361534099 89.8988218622693
0.5727270239485913 86.36356492349081
0.5852520646971247 82.05975217300775
0.5977898476833516 77.05530693885686
0.6103996074847262 74.36376784750581
0.6230020924267481 70.11682189551956
0.6356030860286805 67.72444072458053
0.6482301980282471 64.41303507772115
0.6608495463994352 61.58899658728578
0.6734744173919003 58.35329682429172
0.6860022567240319 56.63637383038787
0.6985809637891284 53.823920240640916
0.7111908491771055 51.44856663374063
0.7237149565943752 49.446051904940184
0.7363081577644099 47.446229709498596
0.7489074805118862 45.339419945926
0.7615319556341422 43.41500625435707
0.7741323050847931 41.54585299099978
0.7866754473434155 39.95917859846962
0.7993235825500575 38.77966587398723
0.811908486476393 36.904052206749384
0.8245003008650998 35.20172229101866
0.837103047678945 34.325176127714734
0.84964339609796 32.85286905206032
0.8622716392225007 31.308135503957423
0.8748814140551432 30.157962003831585
0.8874320306379426 28.93543379331487
0.8999827699152805 28.16555950353184
0.9125618598383761 26.750288326873253
0.9252292314560281 25.971918721581602
0.9378544149867133 25.04015228940499
0.9504457821018789 23.80336502692958
0.96304313889959 23.104863235523997
0.9755988646043398 22.232879916820274
0.9881575396632244 21.388534440699733
1.0007426245805038 20.74413300164285
1.0132961828208344 19.974416211370038
1.025872310735665 19.093539285917085
1.0385360311261893 18.440799972186806
1.0511519513207892 17.764095945916377
1.0637085884787176 17.08194258624594
1.0762949902025631 16.526200840719273
1.088919425178859 15.994592847149656
1.1015128135865728 15.342772241535625
1.1140372123598787 14.784767743773424
1.1266438572582167 14.27986472574833
1.1392985127936939 13.790354823557198
1.1518802725229773 13.299522006865109
1.1644525285109772 12.878030856607323
1.1770445539533556 12.420585287703146
1.1896240437944754 12.010969138642771
1.2022063409730106 11.457893168789687
1.2147708906645507 11.143284167392135
1.2273521312637712 10.694421090567472
1.2399769911738896 10.417216018293962
1.2525667220095962 10.005243336031024
1.2651332198084193 9.633089485022994
1.2777516590554763 9.34546540946742
1.2903456750126387 9.01453068354914
1.3029343638221464 8.710940867662115
1.3155376929046951 8.426970292118222
1.32811747148192 8.152449153526623
1.3407038618127134 7.875516812101506
1.3533039956323671 7.6095992576704985
1.365880197900987 7.382664707786706
1.3784547377611058 7.117288697525735
1.391028228472755 6.809869711791809
1.4036176088634391 6.608473043616193
1.4162307266845846 6.463233889169129
1.4288327238231338 6.2742159243510995
1.4414357605605097 6.056925648491174
1.4540420662985853 5.844237163534391
1.4666290001310314 5.637227393317726
1.479223233927613 5.488264922894255
1.491797940567095 5.35018862001329
1.504342072591225 5.163822361819595
1.5169427293249775 5.011923104833269
1.5295424653470195 4.88829772262833
1.5421299704605855 4.749199872642889
1.5547395520031344 4.5862201134805
1.5673496087201664 4.499993189439561
1.579969987973019 4.360505618620913
1.5925093854124466 4.248802752993177
1.6050513674379874 4.128666714699835
1.6176486600174498 4.02013853888877
1.6302445001949684 3.8549129128726265
1.6428527694112254 3.7188091132655483
1.6554322216394652 3.5765584079516364
1.6680440255859164 3.433712564235308
1.6806789206890504 3.292742007389115
1.693233131593906 3.1809122672353216
1.705784597519543 3.054605758202475
1.7183896309732551 2.9489356043756443
1.730987418544083 2.8425977610734647
1.7435623448937707 2.738958574618174
1.756142663464053 2.635546025524692
1.7687458921757955 2.5495218986832433
1.781333478205036 2.464390035468606
1.7938985526958409 2.371385819632078
1.8064980806819775 2.2916173841187466
1.8190945363690572 2.209209654469257
1.8316935397102934 2.1367483029123626
1.8442938066535477 2.057700344367693
1.8568876791935938 1.9913556841450268
1.8694996979258098 1.9109705262427155
1.88208746784354 1.8525999414603145
1.8946480071290936 1.7977574539009435
1.9072244238241327 1.7368225757147109
1.919795508316713 1.688542952013383
1.9324077190392615 1.6212902931352766
1.9450267994293653 1.5724311271246176
1.9575901294987015 1.5188580367824527
1.9701677233625445 1.4812365678294834
1.9827403283412879 1.410271695920897
1.995331474359657 1.3696201880816938
2.00794783466438 1.337285925048872
2.020502275436274 1.2883209286544544
2.033091375229662 1.2567287049425628
2.0457223504519253 1.2167358516472815
2.058276346288371 1.1832918241397727
2.0708699090952516 1.1495571961356283
2.083519949911578 1.1150293891635448
2.096097125641412 1.0721291255382561
2.108627206088844 1.0473243376949486
2.121187091512555 1.0042911404896078
2.1338231323869707 0.9815535602895022
2.14641028737713 0.9471034807225479
2.1589635630855692 0.9277731410075295
2.171572232546315 0.8979546078125986
2.1842062325035854 0.873672889959962
2.1967582541876514 0.8545520521732082
2.209329848683419 0.8181454028816562
2.221925909239815 0.7989035878456563
2.234489591332655 0.7692416115720493
2.2470405345948925 0.7394501241529392
2.259624100314446 0.7039373386398472
2.2722295314965946 0.6696661135787372
2.284834822222934 0.6454940130095006
2.297400038678003 0.6156157100589621
2.309967779970987 0.5899509027929936
2.3225784835721432 0.568529481098024
2.335159521230424 0.5476723693090177
2.3476935649900077 0.5255172726336869
2.360343316487167 0.505651496495386
2.373033299473774 0.4937463821431307
2.385567863558986 0.4790596194870375
2.398060143366868 0.45701916476885
2.4107789685311136 0.4490406826329743
2.42345310994378 0.43475940056968104
2.4358311952097287 0.42315971137833375
2.4484709440435934 0.4003868470786295
2.461284805393462 0.3983962955516136
2.4737948804239798 0.3950270152369856
2.4861107686591386 0.37773225269876864
2.4987555116598155 0.3702618945345278
2.511584783245338 0.3599092265257692
2.5240933241388963 0.3575449813169045
2.5365627011107597 0.34873896369528884
2.549307751622653 0.32132025916518697
2.5619784398313157 0.3299252088329111
2.5742127557983463 0.3145367404985678
2.586731940134889 0.30255604607929687
2.5998869040801815 0.304333539497397
2.6126019917307164 0.30127059296452635
2.6241685674096225 0.30927654480483846
2.636617431092516 0.2866044413020446
2.6502878476251652 0.27635919977217305
2.663341593133426 0.27022689664838384
2.6741769121319714 0.29231656832873554
2.686549260713744 0.26441574549515434
2.7007770451010455 0.2926536050188818
2.714588441641021 0.26264703748162727
2.7248746414473466 0.2976583824234793
2.736437828453117 0.2849990593261483
2.7506817507001946 0.25339531875265037
2.7647976990558107 0.29566543201337736
2.7766321634107736 0.23203531135462532
2.785694055607806 0.08865728723649077
