0.017832091871975094 8506.92725307682
0.030213835030787048 6610.908025730517
0.04297487357678426 4553.310797387388
0.05577583798436837 4253.050492930342
0.06882863412500566 3932.046582768756
0.08110696464570519 2639.9279518132676
0.09370674553631789 2351.853900658106
0.10636019509318814 1707.3307218044106
0.1191264305855799 1715.4638811963912
0.13176693543452686 1430.2134627993157
0.14419796924510392 1298.0816870686008
0.15684580028039372 1051.8429942618936
0.16972024869412172 955.0369012328756
0.1822724571065716 867.7955615723307
0.19477416222977592 873.8807413302435
0.20733408359476743 680.984538786955
0.21991992144750203 643.4299012429567
0.23253646283801396 574.3336426077933
0.24518505143884142 534.3455339843285
0.25783785074606796 478.9256515179233
0.2703976673778482 439.17573820039337
0.2829104411759613 412.8310944571724
0.29557053798041955 369.08979999434786
0.30813996427931345 360.48938434380784
0.3207216073146966 327.8029708362985
0.33341168081967953 310.4602038863619
0.3460758772037987 293.0852304040118
0.3586128576244043 277.6946827271405
0.37115362695027515 262.72439940502517
0.38366727025124187 245.13030119348466
0.3963071427257892 229.11277095712566
0.4089399593153138 220.76019855867023
0.42156349890919914 204.70767884034072
0.4341807950257224 197.08826158779678
0.44676205768024113 184.98554481212486
0.45936920285149785 173.05127276024223
0.47189654828056354 166.57924161696667
0.48447350382182597 160.49186639722075
0.4970859006058853 150.31425243789928
0.5096361353798308 145.14745620055368
0.5222277017157836 138.92183564385505
0.5348355227589762 130.58638632650084
0.5474920039788634 127.56723686151417
0.5601365361534102 120.76468860444702
0.5727270239485917 116.74243080928547
0.5852520646971249 111.5822675478671
0.597789847683352 105.36676359619004
0.6103996074847265 102.41540342946861
0.6230020924267484 96.98165420831131
0.6356030860286809 94.19591863165982
0.6482301980282474 89.86215773090974
0.6608495463994356 86.66786453696197
0.6734744173919007 82.47382532118196
0.6860022567240324 80.36962834326316
0.6985809637891287 76.8765887008095
0.7111908491771058 73.92140141459775
0.7237149565943757 71.37729354602864
0.7363081577644104 68.58364555770227
0.7489074805118866 65.94315129923527
0.7615319556341427 63.34343033496304
0.7741323050847935 60.897255911269994
0.786675447343416 59.00140716019402
0.799323582550058 57.214255082600786
0.8119084864763935 54.68428948394882
0.8245003008651003 52.44361892648904
0.8371030476789454 51.33594962829146
0.8496433960979605 49.30123341974731
0.8622716392225012 47.03397496907211
0.8748814140551436 45.48498404507039
0.8874320306379431 43.85013289154998
0.899982769915281 42.77767365224194
0.9125618598383766 40.81925595341792
0.9252292314560285 39.71054118011657
0.9378544149867138 38.44258613654844
0.9504457821018795 36.58879915258468
0.9630431388995906 35.70114644486063
0.9755988646043403 34.42713965067177
0.988157539663225 33.146018156451724
1.0007426245805042 32.312933461908166
1.013296182820835 31.124273576811344
1.0258723107356658 29.892535982269166
1.0385360311261898 28.844665634875774
1.0511519513207899 27.877514205200978
1.0637085884787183 26.886998173526596
1.0762949902025636 26.05962473689004
1.0889194251788596 25.274795062087218
1.1015128135865735 24.287888118138657
1.1140372123598794 23.43347153937991
1.1266438572582174 22.736569355781747
1.1392985127936945 22.012072696988483
1.151880272522978 21.246072517008884
1.164452528510978 20.60772459803055
1.1770445539533563 19.93045657831779
1.189624043794476 19.345678561143508
1.2022063409730113 18.482120529305536
1.2147708906645514 18.01498509096291
1.2273521312637719 17.30745399627662
1.2399769911738903 16.90032470281092
1.2525667220095968 16.256479113857086
1.26513321980842 15.67210445562899
1.277751659055477 15.259733865717644
1.2903456750126394 14.704298475054147
1.3029343638221471 14.283991119739133
1.3155376929046958 13.843846194218605
1.3281174714819208 13.401715821301856
1.340703861812714 12.973238882345488
1.3533039956323678 12.540114239441522
1.3658801979009878 12.219746843284218
1.3784547377611065 11.782218819346543
1.3910282284727558 11.292501734141462
1.40361760886344 10.999738113283346
1.4162307266845855 10.783881989239298
1.4288327238231344 10.451372268810642
1.4414357605605106 10.127692025110917
1.454042066298586 9.80796230212056
1.4666290001310323 9.474246948618498
1.4792232339276137 9.227141854700852
1.4917979405670956 9.0163390948553
1.504342072591226 8.727788011175905
1.5169427293249782 8.473503855226538
1.5295424653470204 8.299244951397975
1.5421299704605864 8.067354595477614
1.5547395520031353 7.802905983199957
1.5673496087201673 7.668649071079105
1.5799699879730198 7.434671211950551
1.5925093854124475 7.244372890996999
1.6050513674379883 7.053073874249858
1.6176486600174507 6.88591498344474
1.6302445001949692 6.613148231680327
1.6428527694112263 6.416222519404551
1.6554322216394661 6.16277065680496
1.6680440255859172 5.923992080382848
1.6806789206890513 5.687830100078284
1.693233131593907 5.4869504774600415
1.705784597519544 5.29399931715602
1.718389630973256 5.122989345607582
1.7309874185440839 4.953293521680563
1.7435623448937716 4.7765086748475065
1.7561426634640538 4.5830344004411145
1.7687458921757964 4.445463603763015
1.7813334782050372 4.299563496100239
1.7938985526958418 4.145523847591032
1.8064980806819786 4.007809635439672
1.819094536369058 3.863170840219303
1.8316935397102945 3.7446462231434143
1.8442938066535488 3.6088957233186956
1.8568876791935947 3.4997673177529287
1.869499697925811 3.3638306124297843
1.8820874678435409 3.255188729084059
1.8946480071290948 3.1618119304012606
1.9072244238241338 3.0657179465391926
1.9197955083167142 2.983648634567339
1.9324077190392623 2.875007861398837
1.9450267994293664 2.7847719849358104
1.9575901294987026 2.6936869406939183
1.9701677233625456 2.6247930575386813
1.9827403283412888 2.5056428764494987
1.9953314743596582 2.4415422655353107
2.0079478346643813 2.3847162963573747
2.020502275436275 2.298125797425917
2.033091375229663 2.24693248736422
2.045722350451926 2.178470086345804
2.0582763462883724 2.112088859389881
2.070869909095253 2.060295463487478
2.0835199499115795 1.9946536687782814
2.096097125641413 1.9296275232367996
2.108627206088845 1.880783501324547
2.1211870915125557 1.8073316249166325
2.133823132386972 1.767790529274713
2.1464102873771314 1.713422906136422
2.1589635630855706 1.6714154429350003
2.1715722325463163 1.6230605581842785
2.1842062325035863 1.5719758481373878
2.1967582541876527 1.5498499588673051
2.2093298486834203 1.4846502321090174
2.2219259092398165 1.449814332191941
2.234489591332656 1.4008634511214841
2.2470405345948934 1.3436265050672556
2.2596241003144475 1.2888981746991648
2.272229531496596 1.224248034247724
2.284834822222935 1.1820926399477034
2.297400038678004 1.1284962815605108
2.309967779970988 1.0823126694442347
2.3225784835721446 1.0492758223980785
2.3351595212304255 1.0050922274280756
2.347693564990009 0.9741089913246646
2.360343316487168 0.9381430055962033
2.3730332994737755 0.9077701283710371
2.385567863558987 0.8841016722305094
2.3980601433668687 0.8455715463065289
2.410778968531115 0.8324073490458551
2.4234531099437815 0.7993631390772592
2.43583119520973 0.784243144526714
2.4484709440435948 0.7451674215921735
2.4612848053934635 0.7332307336472516
2.473794880423981 0.7253751271542053
2.48611076865914 0.7012799063344531
2.498755511659817 0.6914280498993389
2.5115847832453393 0.6689448789947712
2.5240933241388976 0.6697778559055693
2.536562701110761 0.6366968485851369
2.5493077516226545 0.6022689693357137
2.561978439831317 0.6186908478390926
2.5742127557983476 0.5933079134868812
2.5867319401348907 0.5672959119812518
2.5998869040801833 0.5738618771569329
2.6126019917307177 0.5663249251639245
2.624168567409624 0.5735312203009499
2.6366174310925174 0.5238140650311752
2.6502878476251666 0.5347656956721581
2.6633415931334277 0.5257736609015876
2.6741769121319727 0.5395443119491339
2.686549260713745 0.4943816731744356
2.700777045101047 0.5245383559644722
2.714588441641023 0.5005296089421534
2.724874641447348 0.536447817642591
2.736437828453118 0.5215283020040075
2.750681750700196 0.4560322568190198
2.7647976990558125 0.5776498321176928
2.776632163410775 0.37783692018185533
2.785694055607807 0.46568869043238736
