0.017832091871975098 8441.086871932903
0.030213835030787055 6565.906159564009
0.04297487357678427 4536.760892493699
0.055775837984368394 4241.275256587842
0.06882863412500567 3910.550510900494
0.08110696464570522 2629.884392790289
0.09370674553631791 2331.2527950590875
0.10636019509318817 1694.9380441122266
0.11912643058557994 1691.8593571423173
0.1317669354345269 1404.671971337367
0.14419796924510395 1271.2775025663668
0.15684580028039374 1020.7932047918949
0.16972024869412175 918.5372196460162
0.18227245710657164 824.6803405417986
0.19477416222977598 826.5556485401127
0.2073340835947675 639.4067837422335
0.21991992144750208 597.159426520291
0.23253646283801402 531.7794433150643
0.2451850514388415 487.234351276027
0.257837850746068 434.89527478834924
0.27039766737784826 394.43647660592154
0.28291044117596137 365.7474746098329
0.29557053798041966 325.0119015428911
0.30813996427931356 314.19115757908145
0.3207216073146967 284.9814371500247
0.3334116808196796 268.8921151361668
0.3460758772037988 249.12744902403358
0.35861285762440437 235.12139198980725
0.3711536269502752 220.70226110147212
0.383667270251242 204.00334716152756
0.3963071427257893 189.45742664888763
0.4089399593153139 181.87004518890365
0.42156349890919925 166.5994804582228
0.43418079502572254 160.0494181546035
0.4467620576802413 148.1081166356427
0.45936920285149796 138.52140594365633
0.47189654828056365 131.91047924100215
0.4844735038218261 125.72731638364662
0.4970859006058854 117.69739687189924
0.5096361353798309 112.387975477531
0.5222277017157837 107.02730007411824
0.5348355227589763 100.56877812920345
0.5474920039788636 96.39555154520558
0.5601365361534103 90.7378805997998
0.5727270239485918 87.38397307535053
0.5852520646971251 83.01583575499208
0.5977898476833521 78.15221778036893
0.6103996074847267 74.99846123187797
0.6230020924267486 70.6228309856616
0.6356030860286811 68.19161201418554
0.6482301980282477 64.75259912279999
0.6608495463994357 61.56519992049349
0.6734744173919008 58.73009890496338
0.6860022567240325 56.67082309954873
0.6985809637891289 53.960751414438235
0.7111908491771061 51.73474677546887
0.7237149565943758 49.4153650913896
0.7363081577644106 47.30501626362344
0.7489074805118867 44.93846037761343
0.7615319556341429 42.92195422728458
0.7741323050847937 41.22859167756537
0.7866754473434162 39.55951070391237
0.7993235825500582 38.13945546906032
0.8119084864763937 36.17656478429463
0.8245003008651005 34.39392423442493
0.8371030476789456 33.480490191325124
0.8496433960979607 32.05117655190098
0.8622716392225014 30.456172536388287
0.8748814140551439 29.0924737239304
0.8874320306379434 27.93488451206392
0.8999827699152813 27.206808467595664
0.9125618598383769 25.676736991710758
0.9252292314560289 24.934546688343676
0.9378544149867141 23.879934523458967
0.9504457821018798 22.65082132790878
0.9630431388995908 21.94001199039277
0.9755988646043405 21.05165100916883
0.9881575396632252 20.169259720463256
1.0007426245805047 19.586061005808446
1.0132961828208351 18.70918483254697
1.025872310735666 17.892612146424398
1.0385360311261902 17.16691197549811
1.05115195132079 16.555295882082063
1.0637085884787185 15.828484166358015
1.076294990202564 15.37238430330952
1.0889194251788599 14.74685146882877
1.1015128135865737 14.105463289767497
1.1140372123598796 13.5884293281443
1.1266438572582176 13.081095943991784
1.1392985127936948 12.584837274956858
1.1518802725229784 12.143767710804951
1.1644525285109781 11.649132359752773
1.1770445539533565 11.17779302887542
1.1896240437944765 10.851011282613651
1.2022063409730115 10.420241311796175
1.2147708906645518 10.075237854861431
1.227352131263772 9.606504267480096
1.2399769911738905 9.355298689104579
1.252566722009597 8.930591283554891
1.2651332198084204 8.61111466371859
1.2777516590554772 8.347644713241857
1.2903456750126399 8.026505352106343
1.3029343638221476 7.749276804870612
1.3155376929046962 7.47887657983034
1.328117471481921 7.212804728793849
1.3407038618127145 6.956269770209863
1.3533039956323683 6.715973924048721
1.365880197900988 6.520340258067668
1.378454737761107 6.254853390665129
1.3910282284727562 6.0359935930577
1.4036176088634402 5.8234750341841295
1.416230726684586 5.676340536499799
1.4288327238231349 5.494241195244343
1.441435760560511 5.295668578791241
1.4540420662985865 5.114921000667445
1.4666290001310327 4.935269336909325
1.4792232339276141 4.798789399499388
1.491797940567096 4.683258377638552
1.5043420725912264 4.52014311058862
1.5169427293249786 4.3767190585255475
1.5295424653470209 4.255735675124889
1.5421299704605869 4.146632621850673
1.5547395520031357 4.005191533768128
1.5673496087201677 3.9247209033008095
1.5799699879730202 3.7983110723180356
1.592509385412448 3.6880783880584516
1.6050513674379887 3.6022734025134597
1.6176486600174511 3.50214587155239
1.6302445001949697 3.337720100190089
1.6428527694112267 3.2089421411545715
1.6554322216394666 3.0725600701319844
1.668044025585918 2.941914405366684
1.6806789206890518 2.830410696353332
1.6932331315939075 2.711483946704922
1.7057845975195445 2.5878951158096926
1.7183896309732565 2.516016052759931
1.7309874185440843 2.4171020204607663
1.743562344893772 2.325320656072793
1.7561426634640545 2.2316147985708725
1.7687458921757968 2.163385510368601
1.7813334782050376 2.0796347616744675
1.7938985526958424 1.9998639400257852
1.806498080681979 1.9338204435886637
1.8190945363690587 1.874099891488384
1.831693539710295 1.8076030811281196
1.8442938066535493 1.7418409471800491
1.856887679193595 1.6851241097332816
1.8694996979258114 1.6212373801868523
1.8820874678435415 1.564799911732004
1.8946480071290952 1.5222183151622886
1.9072244238241343 1.4699185475760084
1.9197955083167146 1.430632955840052
1.932407719039263 1.3784889650638739
1.9450267994293668 1.3324027469036834
1.9575901294987033 1.2886950827468346
1.970167723362546 1.2493274501002836
1.9827403283412894 1.211409253740763
1.9953314743596586 1.1712902349649963
2.0079478346643818 1.1415906451251459
2.0205022754362756 1.108599004177028
2.033091375229664 1.0803942757189384
2.045722350451927 1.0463581492806022
2.058276346288373 1.0134529352498853
2.0708699090952534 0.9925684505347576
2.08351994991158 0.960850514612781
2.0960971256414136 0.9296182806560612
2.108627206088846 0.9069848069361842
2.1211870915125566 0.8734250102607749
2.1338231323869725 0.8603865328978603
2.146410287377132 0.828649646744246
2.158963563085571 0.80681127159497
2.1715722325463167 0.7874785179697884
2.184206232503587 0.7575831978093449
2.196758254187653 0.7454398024682208
2.2093298486834207 0.7116321180319046
2.221925909239817 0.6988370801493977
2.234489591332657 0.6711210585156537
2.2470405345948943 0.6451966594328041
2.2596241003144484 0.6190115862064058
2.2722295314965963 0.5856177345711558
2.284834822222936 0.563704894087622
2.297400038678005 0.5396974433818031
2.309967779970989 0.5189488252762932
2.322578483572145 0.5004340387853894
2.3351595212304264 0.4797451073188894
2.34769356499001 0.4628202706085547
2.3603433164871688 0.44571178813714407
2.3730332994737764 0.4392914214887527
2.385567863558988 0.42192536327264984
2.3980601433668696 0.4054457883704579
2.4107789685311154 0.396853280388313
2.4234531099437824 0.39090715050673386
2.4358311952097305 0.37819826730499684
2.448470944043595 0.3663579619228624
2.461284805393464 0.3549614506696483
2.4737948804239815 0.35013060848631866
2.486110768659141 0.33512241352912137
2.4987555116598177 0.3406270969857083
2.5115847832453397 0.32407192542711394
2.524093324138898 0.3221121029554095
2.5365627011107614 0.3163206807055271
2.5493077516226554 0.29794908511446866
2.561978439831318 0.3041684632045839
2.574212755798348 0.3031477067554535
2.586731940134891 0.2894680923418155
2.5998869040801837 0.2910642804938216
2.6126019917307186 0.2866527778429713
2.6241685674096247 0.2891667587029823
2.6366174310925183 0.275217216341261
2.6502878476251674 0.2784993627254986
2.663341593133428 0.26589933442520564
2.6741769121319736 0.27021369773177667
2.686549260713746 0.26254648701488714
2.7007770451010478 0.27265616548209604
2.7145884416410233 0.2668436970267435
2.724874641447349 0.2751182790147341
2.736437828453119 0.26496334067885374
2.750681750700197 0.23776799734626639
2.764797699055813 0.26479728977237516
2.776632163410776 0.2559580759915709
2.785694055607808 0.13004538054635545
