0.01783209187197502 22876.54365711347
0.030213835030786926 17687.281263572077
0.04297487357678409 11957.333435401804
0.05577583798436815 11001.042295633948
0.06882863412500538 10333.000938988676
0.08110696464570487 6921.305272858812
0.09370674553631751 6251.642342177807
0.10636019509318773 4514.1617165171665
0.11912643058557942 4445.550053056194
0.13176693543452633 3753.0235520807637
0.14419796924510334 3462.2923887908432
0.15684580028039308 2868.8602309308717
0.16972024869412103 2629.0474465483467
0.18227245710657086 2438.3536376671705
0.19477416222977514 2381.4415013439766
0.2073340835947666 1968.0406564118744
0.21991992144750114 1867.753917162694
0.23253646283801302 1662.5539284328413
0.24518505143884045 1585.6841227317307
0.2578378507460669 1417.9430587506865
0.27039766737784715 1342.480001121194
0.2829104411759602 1264.9190054169965
0.2955705379804184 1170.2986074844073
0.30813996427931223 1114.5317443418369
0.32072160731469535 1044.8005083166129
0.3334116808196782 974.4906551480376
0.3460758772037973 934.5178315318016
0.35861285762440287 911.4850899606823
0.37115362695027365 862.3890005240567
0.3836672702512403 825.507741589978
0.39630714272578765 766.5431575045228
0.4089399593153122 749.6855598317111
0.4215634989091975 715.1852658931717
0.43418079502572066 677.7611096849579
0.44676205768023936 646.4459696943801
0.459369202851496 614.5495425001624
0.47189654828056166 597.711873978201
0.484473503821824 577.2347317742363
0.4970859006058833 562.1687914294749
0.5096361353798288 536.0059062050392
0.5222277017157815 509.512795595225
0.534835522758974 500.0432926501652
0.5474920039788612 481.3610858929133
0.560136536153408 467.7704222699427
0.5727270239485893 446.5951965848415
0.5852520646971225 439.1870152140313
0.5977898476833495 422.50527623457947
0.6103996074847241 412.29457211945555
0.623002092426746 389.25595692147715
0.6356030860286783 377.5597018786901
0.6482301980282449 372.45163922435154
0.6608495463994329 355.9554369362348
0.673474417391898 347.3503281505629
0.6860022567240296 338.6906520319382
0.6985809637891259 330.9391529805932
0.7111908491771031 313.5422311064386
0.7237149565943728 310.4728909245009
0.7363081577644074 300.62797898932394
0.7489074805118836 292.4060125890403
0.7615319556341396 279.7823494059213
0.7741323050847905 274.0635848113207
0.7866754473434128 265.18543354831525
0.7993235825500549 255.5007785826326
0.8119084864763902 247.65118100536915
0.8245003008650971 238.93619308999257
0.8371030476789421 233.75144243607684
0.849643396097957 227.22245049766443
0.8622716392224977 220.2659492938768
0.8748814140551402 211.84808630458608
0.8874320306379395 207.6547829054288
0.8999827699152774 199.05215315952407
0.912561859838373 193.28514169090545
0.9252292314560249 189.30765475183688
0.9378544149867101 184.2395593284999
0.9504457821018757 179.50019927475208
0.9630431388995867 172.31010668799806
0.9755988646043364 166.29775560011032
0.988157539663221 162.2804673040765
1.0007426245805002 157.39529590468308
1.013296182820831 153.50714756449887
1.0258723107356615 148.9034663095777
1.0385360311261858 142.84824129247443
1.0511519513207856 140.46323199044522
1.063708588478714 135.41408079208665
1.0762949902025594 130.44818804020963
1.0889194251788554 127.4623374260344
1.101512813586569 122.8579445238912
1.114037212359875 119.76089078568228
1.126643857258213 115.62093327720244
1.1392985127936899 112.13516839441365
1.1518802725229733 109.28929434165603
1.1644525285109733 105.48520044770797
1.1770445539533514 101.8377171494242
1.1896240437944714 98.775365352356
1.2022063409730064 95.95894080645346
1.2147708906645467 93.14361154955911
1.2273521312637667 89.59036118543064
1.2399769911738854 87.66605712848103
1.2525667220095917 84.48688028465195
1.2651332198084149 82.07030832620006
1.2777516590554718 79.59891600901095
1.2903456750126343 77.28844189985129
1.3029343638221418 74.66553657567223
1.3155376929046907 72.67115824534933
1.3281174714819155 69.98345258114489
1.3407038618127087 67.91852569846755
1.3533039956323625 66.06772714464623
1.3658801979009823 63.626319351140864
1.378454737761101 61.923797548682664
1.3910282284727502 60.09134351120527
1.4036176088634342 58.680852695951536
1.4162307266845797 56.93231766188618
1.4288327238231289 54.72205007629252
1.4414357605605048 52.80902548283507
1.4540420662985802 51.46048268260344
1.4666290001310263 50.100819699720226
1.479223233927608 48.545731650274014
1.4917979405670898 47.25779024234372
1.50434207259122 45.95072000361099
1.5169427293249722 44.91453370132659
1.5295424653470142 43.67789468313376
1.5421299704605802 42.280376016534525
1.554739552003129 40.94143865124725
1.567349608720161 39.9098930246806
1.5799699879730136 39.22183778646533
1.5925093854124412 38.18703488618812
1.6050513674379818 37.16314392859825
1.6176486600174442 36.11002506996517
1.6302445001949628 34.880870476107816
1.6428527694112198 33.67705783797431
1.6554322216394595 32.4366990749513
1.6680440255859106 31.202262907957014
1.6806789206890447 30.095119250483172
1.6932331315939002 29.025765679626854
1.7057845975195371 27.963137163641548
1.7183896309732491 27.078290632330525
1.730987418544077 26.099106645271092
1.7435623448937647 25.19926068754349
1.756142663464047 24.46322668297427
1.7687458921757893 23.515176599330186
1.78133347820503 22.606570112695167
1.7938985526958346 21.740527932070293
1.8064980806819713 21.015620936302113
1.819094536369051 20.457567357611367
1.8316935397102871 19.729308011707683
1.8442938066535413 18.97354861804607
1.8568876791935873 18.291681761923755
1.8694996979258034 17.710850060448887
1.8820874678435335 17.057555411149917
1.8946480071290872 16.514337754743156
1.9072244238241263 15.9466887345447
1.9197955083167064 15.462001542404423
1.9324077190392548 14.865908369384247
1.9450267994293586 14.460281645104457
1.9575901294986948 13.91830393203447
1.9701677233625376 13.511991412956458
1.982740328341281 13.033336039961362
1.9953314743596502 12.560432548625652
2.007947834664373 12.286949809482879
2.020502275436267 11.674559667038215
2.033091375229655 11.317327571885917
2.045722350451918 10.962556000839639
2.058276346288364 10.763887372169188
2.0708699090952445 10.419625882061103
2.083519949911571 10.05328316869434
2.0960971256414047 9.709693982071853
2.108627206088837 9.416952129065066
2.1211870915125473 9.114755299897517
2.1338231323869636 8.884031875754356
2.1464102873771225 8.637976621029287
2.1589635630855617 8.368119636186293
2.1715722325463074 8.134020343152322
2.184206232503578 7.829737466035106
2.196758254187644 7.58168566967445
2.2093298486834114 7.3534996645736355
2.2219259092398076 7.15545284708246
2.2344895913326472 6.942781649484678
2.2470405345948845 6.636400955050208
2.2596241003144386 6.490152303296534
2.2722295314965866 6.138207461207746
2.284834822222926 5.791018049523191
2.297400038677995 5.625224471329139
2.309967779970979 5.358911890976157
2.3225784835721353 5.229168392837324
2.335159521230416 4.98139713888992
2.3476935649899997 4.796343198912066
2.3603433164871586 4.595823583110637
2.373033299473766 4.4570754838402715
2.3855678635589777 4.309318465092856
2.3980601433668594 4.141936476776528
2.410778968531105 4.014972575956386
2.423453109943772 3.871561515117185
2.4358311952097202 3.710457540174724
2.448470944043585 3.6483127857079296
2.4612848053934533 3.5752128834319366
2.473794880423971 3.3535144989372383
2.48611076865913 3.3917289641896198
2.498755511659807 3.233550052699414
2.511584783245329 3.1022702053398823
2.5240933241388874 3.0357831020369734
2.5365627011107508 3.0591973982494576
2.5493077516226443 2.8978342379037625
2.561978439831307 2.868480968003284
2.5742127557983374 2.73513213607297
2.58673194013488 2.670467904535014
2.5998869040801726 2.6335123859737664
2.6126019917307075 2.6563128944547962
2.624168567409613 2.681468495921019
2.636617431092507 2.5698835294750135
2.650287847625156 2.4817864160450323
2.663341593133417 2.487989691739787
2.674176912131962 2.522766431598109
2.6865492607137345 2.478437827418765
2.7007770451010362 2.4490914095335756
2.7145884416410118 2.2537206895410717
2.7248746414473373 2.092056866596472
2.7364378284531075 2.3383266791729924
2.7506817507001853 1.9169273497323425
2.7647976990558014 2.6252109413198323
2.776632163410764 4.067350253159721
2.785694055607796 1.553287700220963
