0.01783209187197514 8343.98575218172
0.030213835030787128 6337.996899073238
0.042974873576784374 4182.728646328696
0.05577583798436852 3699.4693646204796
0.06882863412500584 3241.349671637338
0.0811069646457054 2049.759217867267
0.09370674553631812 1702.586750369136
0.10636019509318842 1155.4114793051706
0.11912643058558021 1108.5712743714193
0.13176693543452722 891.3804744791036
0.14419796924510428 773.6236530264216
0.15684580028039413 597.0129775968666
0.16972024869412217 516.4022572701961
0.18227245710657208 458.4993170163311
0.19477416222977642 449.97892395461935
0.20733408359476796 341.0346001691218
0.2199199214475026 310.52692650977826
0.23253646283801457 268.59918193156346
0.24518505143884206 242.84203702209402
0.25783785074606863 214.90324970812372
0.2703976673778489 190.139386857575
0.28291044117596204 174.1104890517899
0.2955705379804203 152.66123402187355
0.3081399642793143 144.55943794830534
0.32072160731469745 128.89083862507954
0.33341168081968037 120.19345632275271
0.3460758772037996 110.42009583537053
0.35861285762440526 102.7045960170131
0.3711536269502761 95.15999240524546
0.38366727025124286 86.81739278138602
0.39630714272579026 79.65726022904063
0.40893995931531485 75.47680598053911
0.42156349890920025 68.48791828540806
0.43418079502572354 64.46288495174912
0.44676205768024235 59.472500515964065
0.45936920285149907 54.74175614675998
0.47189654828056476 51.488667796488954
0.48447350382182724 48.81648556883081
0.4970859006058866 45.01483297049241
0.5096361353798321 42.58356089161093
0.5222277017157849 40.05141982631991
0.5348355227589775 36.85663155180903
0.5474920039788649 35.57958054396344
0.5601365361534116 32.99705571665783
0.5727270239485932 31.46021629524611
0.5852520646971264 29.472422501681407
0.5977898476833535 27.44234469892709
0.6103996074847281 26.095672061866246
0.6230020924267501 24.38900782533293
0.6356030860286825 23.340846338743326
0.6482301980282492 21.97452465692197
0.6608495463994373 20.74736288129639
0.6734744173919025 19.56763492047011
0.6860022567240341 18.653978318422045
0.6985809637891305 17.623751911286437
0.7111908491771077 16.705944795973657
0.7237149565943776 15.956168913553993
0.7363081577644123 15.0654908663598
0.7489074805118885 14.271772899085866
0.7615319556341447 13.516334688774563
0.7741323050847956 12.846676170439386
0.786675447343418 12.125754595412591
0.7993235825500601 11.665148027017315
0.8119084864763957 11.095993401140351
0.8245003008651025 10.383807073261723
0.8371030476789476 9.996459403766407
0.8496433960979627 9.470255745810702
0.8622716392225034 8.992898557076687
0.874881414055146 8.519939182755902
0.8874320306379454 8.115557808435767
0.8999827699152834 7.822685858771708
0.912561859838379 7.318896850824778
0.925229231456031 7.059194313159331
0.9378544149867163 6.732642048699871
0.950445782101882 6.376154319632436
0.963043138899593 6.106699982561471
0.9755988646043429 5.815115118209964
0.9881575396632275 5.556823164852184
1.000742624580507 5.3247527233388094
1.0132961828208376 5.048260895167396
1.0258723107356684 4.811555457869889
1.0385360311261926 4.587714158977671
1.0511519513207925 4.399752968583172
1.063708588478721 4.18294460188115
1.0762949902025665 4.011342855262864
1.0889194251788625 3.8404761532280656
1.1015128135865764 3.647669218942571
1.1140372123598823 3.489637708964117
1.1266438572582202 3.342290964554675
1.1392985127936974 3.1753012899778907
1.151880272522981 3.0570861791115274
1.164452528510981 2.9175321499494062
1.1770445539533594 2.7759919995504037
1.1896240437944792 2.671428000429083
1.2022063409730144 2.5610960152579487
1.2147708906645547 2.4585590654583713
1.227352131263775 2.3314467487034864
1.2399769911738936 2.2522290795480577
1.2525667220096002 2.12807771695885
1.2651332198084233 2.0602872688828495
1.2777516590554803 1.965476066676398
1.290345675012643 1.888740635507623
1.3029343638221504 1.8039640812309201
1.3155376929046994 1.7244879241016222
1.3281174714819242 1.66006004891385
1.3407038618127176 1.5820980950137766
1.3533039956323714 1.5164963804631046
1.3658801979009914 1.4583226413277532
1.3784547377611103 1.39640052466651
1.3910282284727595 1.3385958549933215
1.4036176088634436 1.2888546960393075
1.4162307266845893 1.2462961969221942
1.4288327238231382 1.200783206744605
1.4414357605605144 1.152409098464628
1.4540420662985898 1.1019053267899106
1.466629000131036 1.0558271461448339
1.4792232339276177 1.0247193152904128
1.4917979405670996 0.9919160372675033
1.5043420725912298 0.9485690890184278
1.5169427293249822 0.9111650545697304
1.5295424653470244 0.8846212693670881
1.5421299704605904 0.8553759337564433
1.5547395520031393 0.8295812034833817
1.5673496087201713 0.7986123280753701
1.579969987973024 0.7755847788578161
1.5925093854124517 0.7526664503451431
1.6050513674379925 0.7296472767819389
1.6176486600174549 0.7062065294581359
1.6302445001949735 0.668580939322081
1.6428527694112305 0.6378980276326585
1.6554322216394706 0.609903185212441
1.6680440255859217 0.5842441496549671
1.6806789206890558 0.5593435032260768
1.6932331315939115 0.5322712842066624
1.7057845975195485 0.5069224150428168
1.7183896309732605 0.49012674665695244
1.7309874185440886 0.47067736981079605
1.7435623448937763 0.44864227787443167
1.7561426634640585 0.4331245658762681
1.768745892175801 0.4133343144769799
1.7813334782050418 0.39898078322120045
1.7938985526958466 0.3811459588794774
1.8064980806819833 0.36702485009345287
1.819094536369063 0.3522382872652941
1.8316935397102991 0.33859219365114057
1.8442938066535535 0.3250396796704347
1.8568876791935995 0.3132225151406976
1.8694996979258158 0.3008429235886096
1.882087467843546 0.29017899784517054
1.8946480071290996 0.2799627669380175
1.9072244238241387 0.2698746247591953
1.919795508316719 0.2611879516995867
1.9324077190392674 0.24957313439274617
1.9450267994293713 0.24212590077413665
1.9575901294987077 0.23421137291122002
1.9701677233625507 0.22477992776300418
1.982740328341294 0.21831942205567995
1.9953314743596633 0.21113637156968362
2.007947834664386 0.20415251727170558
2.0205022754362805 0.19643553339036599
2.0330913752296684 0.19053541156381912
2.0457223504519315 0.18493099072300972
2.0582763462883777 0.17856738248751378
2.0708699090952583 0.17406234424433326
2.083519949911585 0.1680795774867614
2.0960971256414185 0.16290575054130885
2.1086272060888507 0.1579632782139414
2.1211870915125615 0.1522650956448918
2.1338231323869774 0.14876180331956865
2.1464102873771367 0.14341801023934245
2.1589635630855764 0.1407373757647488
2.171572232546322 0.13548378869373454
2.184206232503592 0.13115900458562202
2.1967582541876585 0.12577965075693617
2.209329848683426 0.12194996225209255
2.2219259092398222 0.11896163636559627
2.234489591332662 0.11372214507264439
2.2470405345948996 0.10906424612934654
2.2596241003144533 0.10383790995893548
2.2722295314966017 0.09958733016293406
2.2848348222229413 0.09569288876494765
2.2974000386780102 0.09142397115802438
2.3099677799709943 0.08633096308542229
2.322578483572151 0.08290727304614366
2.3351595212304317 0.07917907338273161
2.3476935649900152 0.0765008321310627
2.360343316487174 0.07384282692470172
2.3730332994737817 0.07150481411453731
2.3855678635589936 0.06883066952275817
2.3980601433668753 0.06603904611616589
2.410778968531121 0.06463875575137666
2.423453109943788 0.06394961630477174
2.4358311952097362 0.061290019277510606
2.448470944043601 0.05989337020126904
2.4612848053934697 0.05858696098089034
2.4737948804239873 0.056600652008189346
2.4861107686591466 0.05529881378374853
2.4987555116598235 0.055482102386679596
2.511584783245346 0.0520311625288387
2.5240933241389043 0.05015237702736584
2.5365627011107676 0.05115848576403475
2.549307751622661 0.04910031307226067
2.561978439831324 0.047914876125301986
2.5742127557983543 0.04700855598762734
2.5867319401348974 0.047505726327658974
2.59988690408019 0.04701533004278436
2.612601991730725 0.04543202656441819
2.624168567409631 0.045404927176915064
2.636617431092524 0.044689979631534225
2.6502878476251737 0.045894798735038454
2.6633415931334343 0.042129105823064186
2.67417691213198 0.04403288113406752
2.686549260713752 0.04171413097604229
2.700777045101054 0.04453293980967652
2.71458844164103 0.04058566308270382
2.724874641447355 0.0457289040769797
2.736437828453125 0.04069028276329888
2.7506817507002035 0.037357344003481736
2.7647976990558196 0.04235657218080802
2.7766321634107825 0.044957399007772084
2.7856940556078147 0.04178101789495341
