0.017832091871975125 8415.570216808052
0.030213835030787103 6538.934749319875
0.04297487357678434 4502.357700923285
0.05577583798436848 4201.872947116196
0.06882863412500577 3880.665025662339
0.08110696464570533 2601.475710343136
0.09370674553631805 2311.8811203235846
0.10636019509318834 1674.1804430472655
0.11912643058558012 1677.1812381045593
0.1317669354345271 1393.7149696685933
0.14419796924510417 1259.331493017694
0.156845800280394 1015.4658658872519
0.16972024869412203 916.0617046674682
0.18227245710657192 828.9694204588016
0.19477416222977625 829.6013606923359
0.2073340835947678 642.4390809194247
0.21991992144750241 602.5919844366662
0.23253646283801438 533.4554774144433
0.24518505143884187 492.2479287884034
0.2578378507460684 438.36831751264333
0.2703976673778487 398.14199657467424
0.2829104411759618 371.16473903475566
0.2955705379804201 328.3451311490991
0.308139964279314 317.70279273927264
0.3207216073146972 286.3782357689424
0.3334116808196801 268.0783094394551
0.34607587720379934 250.3856772513983
0.3586128576244049 234.98564219798843
0.3711536269502758 220.30744054497708
0.38366727025124253 203.6404658431895
0.39630714272578993 188.47998261425687
0.4089399593153145 179.0288530695439
0.4215634989091999 164.7885686227866
0.43418079502572315 156.7990401632647
0.44676205768024196 145.61011921375746
0.4593692028514987 134.76359045374627
0.4718965482805644 128.43344717019454
0.4844735038218268 122.87760442444173
0.4970859006058862 113.60832558259945
0.5096361353798317 108.50851800523319
0.5222277017157845 102.89531818464722
0.5348355227589771 95.75367239605578
0.5474920039788644 92.78643377198027
0.5601365361534112 86.90592515223595
0.5727270239485927 83.28146312087824
0.585252064697126 78.89298962896673
0.597789847683353 73.8906484155652
0.6103996074847277 71.0757174423431
0.6230020924267495 66.8524406841002
0.635603086028682 64.36942502630954
0.6482301980282487 61.19857094635049
0.6608495463994367 58.26772967171239
0.673474417391902 55.03818290121205
0.6860022567240336 53.36681756910755
0.6985809637891299 50.50070599862322
0.7111908491771072 48.07768302307377
0.7237149565943769 46.097841568990525
0.7363081577644117 44.290614530015695
0.7489074805118879 42.14144293241466
0.761531955634144 40.33099111613209
0.7741323050847949 38.488894677376635
0.7866754473434174 36.90959086585245
0.7993235825500594 35.81702760458382
0.811908486476395 33.97544311108302
0.8245003008651018 32.39111768012831
0.8371030476789468 31.499157541234148
0.849643396097962 30.127491698334826
0.8622716392225027 28.68776869035633
0.8748814140551452 27.61578620140641
0.8874320306379447 26.441010731861716
0.8999827699152826 25.681340364583214
0.9125618598383782 24.391643187831207
0.9252292314560302 23.669965393493456
0.9378544149867155 22.80721709460057
0.9504457821018811 21.6543598167645
0.9630431388995923 20.979347415908027
0.975598864604342 20.165140560918683
0.9881575396632267 19.400411821896803
1.0007426245805062 18.79083667912094
1.0132961828208367 18.105590508344743
1.0258723107356675 17.255427498575614
1.0385360311261917 16.718678879037885
1.0511519513207916 16.0912281554229
1.06370858847872 15.428637969466662
1.0762949902025656 14.92546001919676
1.0889194251788616 14.4451848564964
1.1015128135865755 13.872668171185643
1.1140372123598814 13.376119295416773
1.1266438572582194 12.873123089705947
1.1392985127936965 12.441969369036268
1.15188027252298 11.972804384576767
1.16445252851098 11.617307786840483
1.1770445539533583 11.186301441104787
1.1896240437944783 10.811060243720508
1.2022063409730133 10.294886689975385
1.2147708906645536 10.002109501562243
1.2273521312637738 9.621205792835925
1.2399769911738925 9.342158952142947
1.252566722009599 8.992813074346133
1.2651332198084222 8.660107492234575
1.2777516590554792 8.37762804097968
1.2903456750126419 8.084128543557771
1.3029343638221493 7.801609797812935
1.3155376929046982 7.558571424615523
1.328117471481923 7.306414250494488
1.3407038618127165 7.0585539566631015
1.3533039956323702 6.809414853765948
1.3658801979009902 6.594687612865248
1.378454737761109 6.376559407928278
1.3910282284727584 6.093668318094131
1.4036176088634424 5.90020797056665
1.416230726684588 5.7620913027494804
1.428832723823137 5.602581947210737
1.4414357605605133 5.392060553799004
1.4540420662985887 5.1965902733797265
1.466629000131035 5.016190155857821
1.4792232339276163 4.885555205260565
1.4917979405670982 4.75573700635373
1.5043420725912287 4.587102599559662
1.516942729324981 4.4540563296895925
1.529542465347023 4.341138055887406
1.542129970460589 4.21099052862682
1.5547395520031382 4.066583944539867
1.5673496087201702 3.9865473331381347
1.5799699879730227 3.8663760644447467
1.5925093854124504 3.7689782343030025
1.6050513674379911 3.6633348120188596
1.6176486600174536 3.55917301010891
1.6302445001949721 3.4167991606040027
1.6428527694112292 3.286284388797008
1.6554322216394692 3.1646026249995747
1.6680440255859204 3.0418044554226475
1.6806789206890544 2.9088020836055652
1.69323313159391 2.8096830652001565
1.705784597519547 2.7014904911925846
1.7183896309732591 2.6037897391990885
1.730987418544087 2.5088884020457125
1.7435623448937747 2.412417913942078
1.7561426634640571 2.329527270554616
1.7687458921757995 2.2451411297371457
1.7813334782050403 2.167969863354328
1.793898552695845 2.0881075486258114
1.8064980806819817 2.0156980964238533
1.8190945363690614 1.9427677260057008
1.8316935397102978 1.8800210704059308
1.844293806653552 1.8096808886498323
1.856887679193598 1.7474914477585575
1.8694996979258143 1.6752627210153
1.8820874678435444 1.6252127325784183
1.894648007129098 1.5727171148775354
1.9072244238241371 1.5198382256143348
1.9197955083167175 1.4766192394220412
1.932407719039266 1.4171681389585111
1.9450267994293697 1.372181687279192
1.9575901294987061 1.3232744263544391
1.9701677233625492 1.2928633060619013
1.9827403283412923 1.227941775226236
1.9953314743596617 1.1935717155322398
2.007947834664385 1.1657208510103034
2.0205022754362787 1.121039482900478
2.0330913752296667 1.0913740675038857
2.04572235045193 1.0536524870798263
2.058276346288376 1.0275260279421767
2.0708699090952565 0.9935902742045761
2.083519949911583 0.9646105682150108
2.0960971256414167 0.9263259095397937
2.108627206088849 0.9071671981940425
2.1211870915125597 0.8686235840247262
2.1338231323869756 0.8501177084753584
2.146410287377135 0.8161289969356883
2.1589635630855746 0.7998528342617907
2.1715722325463203 0.7717841179122711
2.1842062325035903 0.752965595713285
2.1967582541876567 0.734163666620776
2.2093298486834243 0.7020844759662154
2.2219259092398205 0.6854782724664997
2.23448959133266 0.6601172277304858
2.2470405345948974 0.6349858571837489
2.2596241003144515 0.6049511240403491
2.2722295314966 0.5771819648156709
2.2848348222229395 0.5513910363638226
2.2974000386780085 0.5269750659492657
2.309967779970992 0.5051305905954289
2.3225784835721486 0.4862767358480878
2.33515952123043 0.4682960356258342
2.3476935649900135 0.4506457781203346
2.3603433164871723 0.4317874316728431
2.37303329947378 0.42077118314994366
2.3855678635589914 0.4114629139863538
2.398060143366873 0.3886001210648911
2.4107789685311194 0.38150482057196416
2.423453109943786 0.36819702759653145
2.435831195209734 0.3607931794643542
2.448470944043599 0.3393717546149135
2.461284805393468 0.3383347273734381
2.4737948804239855 0.33312650538960076
2.4861107686591444 0.3188785695143119
2.4987555116598212 0.31144662276982005
2.5115847832453437 0.3037051812758078
2.524093324138902 0.3018308623853835
2.5365627011107654 0.2945486359638536
2.549307751622659 0.27002896383344577
2.561978439831322 0.2780276692001737
2.574212755798352 0.26454308385150244
2.586731940134895 0.2571130581257058
2.5998869040801877 0.2515312529606359
2.6126019917307226 0.24932100475101332
2.6241685674096287 0.2547316596466602
2.6366174310925223 0.2419822118630962
2.6502878476251714 0.22967536746533498
2.663341593133432 0.22638116966657007
2.6741769121319776 0.2409889445578706
2.68654926071375 0.22253272070719038
2.7007770451010518 0.24451778085140308
2.7145884416410273 0.22426662966613942
2.724874641447353 0.23594292611699344
2.736437828453123 0.23298679745554066
2.750681750700201 0.21765991798083115
2.7647976990558174 0.2571415375780105
2.77663216341078 0.1458322021491925
2.785694055607812 0.08960109049220372
