0.017832091871975046 8471.100892976618
0.030213835030786965 6576.297208931507
0.042974873576784145 4514.126946829932
0.05577583798436822 4209.352553866198
0.06882863412500546 3898.397800848066
0.08110696464570497 2610.5118078017886
0.09370674553631762 2331.3660606748304
0.10636019509318785 1686.8560441122336
0.11912643058557958 1702.4462398421103
0.1317669354345265 1422.615564341226
0.1441979692451035 1291.6228994764144
0.15684580028039327 1052.8317617357159
0.16972024869412125 959.944439741329
0.1822724571065711 880.4863221452865
0.19477416222977537 886.6643951922088
0.20733408359476685 694.2294308462951
0.21991992144750142 659.0674193357557
0.23253646283801332 585.8291789252339
0.24518505143884076 549.0008853544357
0.25783785074606724 492.05423076646935
0.2703976673778475 452.78152589719804
0.28291044117596054 426.91431624487586
0.29557053798041877 381.30024059179414
0.3081399642793126 372.0072428194322
0.32072160731469573 337.1420969822707
0.3334116808196786 317.52624054991827
0.34607587720379773 301.8472073461222
0.3586128576244033 285.06473131913475
0.3711536269502741 269.3119895887629
0.3836672702512408 251.10530567949542
0.3963071427257881 234.72665296885273
0.4089399593153127 223.73905261945833
0.421563498909198 209.00247315430497
0.4341807950257212 199.20209391520086
0.4467620576802399 187.7399721387957
0.45936920285149657 174.78258545051912
0.4718965482805622 168.08325889585942
0.48447350382182464 162.747417674763
0.4970859006058839 150.73140991345525
0.5096361353798293 145.6185040045851
0.5222277017157821 138.83396355224485
0.5348355227589746 130.21174091808075
0.5474920039788619 127.73120511013998
0.5601365361534086 120.57443083089495
0.5727270239485901 116.45477870966802
0.5852520646971233 111.21554053098126
0.5977898476833503 104.78317136259739
0.6103996074847249 101.84934433148668
0.6230020924267468 96.37786705486347
0.6356030860286791 93.50104957172788
0.6482301980282457 89.51827209929283
0.6608495463994337 86.12963467110728
0.6734744173918988 81.81437340879157
0.6860022567240305 79.68012150939863
0.6985809637891268 76.1063392878242
0.711190849177104 72.78092027431181
0.7237149565943737 70.48962318600353
0.7363081577644083 68.12610838599579
0.7489074805118845 65.29831419742119
0.7615319556341406 62.949490439304284
0.7741323050847914 60.151856647676844
0.7866754473434138 58.195169495910754
0.7993235825500559 56.6570466281517
0.8119084864763912 54.072982202262885
0.8245003008650981 52.005086479913444
0.8371030476789431 50.88987466462404
0.8496433960979581 48.83284602134178
0.8622716392224988 46.7291430827313
0.8748814140551413 45.32510811405154
0.8874320306379406 43.73716633050572
0.8999827699152785 42.410381509769564
0.9125618598383741 40.69625133531218
0.9252292314560261 39.6295368539707
0.9378544149867112 38.342110496887784
0.9504457821018769 36.56247415664091
0.9630431388995879 35.586162404406366
0.9755988646043376 34.454867590617845
0.9881575396632222 33.173718182132674
1.0007426245805016 32.33534428993998
1.0132961828208322 31.2067837942579
1.0258723107356629 29.87730729118595
1.038536031126187 29.0724654041309
1.051151951320787 28.103741495452418
1.0637085884787152 27.073263441791156
1.0762949902025607 26.130070243510108
1.0889194251788568 25.433724739274105
1.1015128135865704 24.542720587580607
1.1140372123598763 23.67106128248761
1.1266438572582143 22.994591528874587
1.1392985127936914 22.177961337792595
1.1518802725229749 21.36630997914275
1.1644525285109746 20.855259569281223
1.177044553953353 20.17982935826505
1.189624043794473 19.51294430269267
1.202206340973008 18.538844094521913
1.214770890664548 18.124880024139063
1.2273521312637683 17.506475931655753
1.239976991173887 17.01081306368109
1.2525667220095933 16.39669956087342
1.2651332198084164 15.845451235127827
1.2777516590554734 15.392306029791087
1.2903456750126359 14.79833504372389
1.3029343638221436 14.369085702323572
1.3155376929046922 13.977039802782857
1.328117471481917 13.494082845966167
1.3407038618127105 13.086863559223598
1.353303995632364 12.611907283077407
1.365880197900984 12.262691265497088
1.3784547377611027 11.9235852953042
1.391028228472752 11.360296703013365
1.403617608863436 11.061732507764034
1.4162307266845815 10.800347432729197
1.4288327238231306 10.506817320796245
1.4414357605605066 10.162308808688612
1.454042066298582 9.804271767438006
1.4666290001310283 9.513419447590254
1.4792232339276097 9.284660876835984
1.4917979405670916 8.995544957296993
1.5043420725912218 8.722497031491732
1.5169427293249742 8.433332611905861
1.5295424653470162 8.282628595329358
1.5421299704605822 8.02457994627165
1.554739552003131 7.743905863918891
1.567349608720163 7.6044016235644305
1.5799699879730156 7.386457931695169
1.592509385412443 7.22087164977968
1.6050513674379838 6.997874421713571
1.6176486600174462 6.812647972926751
1.6302445001949648 6.579676975208198
1.6428527694112218 6.33453633830072
1.6554322216394617 6.127930115177545
1.6680440255859128 5.903571659174145
1.6806789206890467 5.647222586182147
1.6932331315939024 5.451598688214466
1.7057845975195391 5.273080763433051
1.7183896309732511 5.067622579404078
1.7309874185440792 4.901037670288004
1.743562344893767 4.720537569254552
1.7561426634640491 4.544050412692246
1.7687458921757915 4.402893218875429
1.781333478205032 4.248703985129849
1.7938985526958369 4.093317862103127
1.8064980806819735 3.9387708931970526
1.8190945363690532 3.8006522173975785
1.8316935397102894 3.6923373519658687
1.8442938066535437 3.538508114497469
1.8568876791935895 3.41810767467919
1.8694996979258056 3.2822867744985307
1.8820874678435358 3.17006982500949
1.8946480071290897 3.064261761446908
1.9072244238241285 2.969078114869892
1.9197955083167089 2.8718776469969765
1.932407719039257 2.769908346860711
1.9450267994293609 2.6766140169586627
1.9575901294986973 2.584523598985335
1.97016772336254 2.512245740254143
1.9827403283412834 2.399986260988719
1.9953314743596526 2.33015377145057
2.0079478346643755 2.290046701680599
2.0205022754362694 2.1810032954300764
2.0330913752296578 2.119076196744109
2.045722350451921 2.0578881770103687
2.0582763462883666 1.9988597285796519
2.070869909095247 1.9248530239258137
2.0835199499115737 1.8797636666095852
2.0960971256414074 1.8048038054061681
2.108627206088839 1.760473828342416
2.12118709151255 1.6949756118864463
2.1338231323869663 1.6561512548596167
2.146410287377125 1.6053225615617575
2.1589635630855644 1.5581415124812066
2.1715722325463105 1.5037245627015723
2.1842062325035805 1.457621544025262
2.1967582541876465 1.4277099899536096
2.209329848683414 1.3709503594974513
2.2219259092398103 1.3392738414262675
2.23448959133265 1.2994504024817142
2.247040534594887 1.2435565854077084
2.2596241003144413 1.1856239086679619
2.2722295314965897 1.1395229215998672
2.284834822222929 1.0950048722413182
2.297400038677998 1.0417373286551592
2.309967779970982 1.0010401223396939
2.3225784835721384 0.967635602976676
2.3351595212304193 0.9318817293123532
2.347693564990003 0.9003686091294316
2.3603433164871617 0.8673212403191624
2.373033299473769 0.8346540988703597
2.3855678635589808 0.8192891508862927
2.3980601433668625 0.7620363910550493
2.4107789685311083 0.7495587171343632
2.423453109943775 0.7278676079682939
2.435831195209723 0.7151662305466913
2.448470944043588 0.6732618568871809
2.4612848053934564 0.6709336972069658
2.473794880423974 0.6499593905935973
2.4861107686591333 0.6263299952228036
2.4987555116598097 0.6062883067570697
2.511584783245332 0.5893710706352387
2.5240933241388905 0.5850018981328967
2.536562701110754 0.5495933609907266
2.5493077516226474 0.5382650023378159
2.5619784398313104 0.5424931094249074
2.5742127557983405 0.5207469422566474
2.5867319401348836 0.4936962925892128
2.599886904080176 0.48555375897189357
2.6126019917307106 0.4809642585083897
2.6241685674096167 0.48788250590563165
2.6366174310925103 0.46701575681518426
2.6502878476251595 0.4392748946641416
2.66334159313342 0.4244523536285394
2.6741769121319656 0.44966472175047884
2.6865492607137376 0.4376916469627781
2.7007770451010398 0.4378663161131964
2.7145884416410153 0.39431570002609434
2.724874641447341 0.43031814237938854
2.7364378284531106 0.4575179297808475
2.7506817507001884 0.4515611980141314
2.764797699055805 0.4556051859182408
2.7766321634107674 0.34720638983218244
2.7856940556077996 0.15857042957968923
