0.017799282449393907 8499.773257439992
0.030158244330131156 6559.634750055525
0.04289580372913673 4500.805847217602
0.05567321552978553 4213.974095641666
0.06870199571606822 3899.248918780515
0.08095773522851492 2617.127479183002
0.09353433367151359 2338.2668330568836
0.10616450203531903 1700.9442408685793
0.1189072488188118 1727.5872877042925
0.13152449629177584 1445.3364584201092
0.14393265813397474 1315.2385752221733
0.15655721831376695 1072.4553072913313
0.1694079789166908 982.8280037907334
0.1819370924105474 902.4913931922268
0.19441579553660426 917.8892175319219
0.2069526077918733 719.0591360853806
0.21951528885091184 682.0723526179055
0.23210861695601867 615.1512842119204
0.24473393330749707 579.7298057264288
0.2573634526180588 524.4323643463156
0.26990016033281616 485.51171633624824
0.28238991176842954 460.29810480335647
0.2950267151494937 416.63525677758486
0.3075730148504537 410.93138291678144
0.32013150881022207 376.65533740917647
0.3327982337374161 361.1408631813057
0.34543912915528857 345.452845634544
0.35795304267541694 329.5207723918586
0.37047073812957043 315.2537492525611
0.38296135746823146 296.58968918274206
0.3955779737303071 281.3822703121843
0.40818754708954486 273.2451041201141
0.4207878605219692 256.6210483874386
0.43338194196446034 249.57814137660887
0.4459400562432304 238.2071445143473
0.4585240054172684 224.97715550549685
0.47102830167336246 218.57714368366314
0.4835821167635718 213.8042561320145
0.49617130788792385 203.27761719614307
0.5086984513745909 199.31360125566306
0.5212668503769611 192.37377032561093
0.5338514741793922 182.95035845244885
0.5464846686282312 182.37614763900285
0.5591059360168832 174.52644593469645
0.5716732584628986 170.39113573442694
0.5841752542788623 166.1530342312462
0.5966899688879646 158.72176242360152
0.6092765278814395 155.97649416207253
0.6218558254006394 150.47666748256438
0.6344336343236796 148.3577123964282
0.6470375135888846 143.08800205114753
0.6596336435100791 140.90963123053152
0.6722352858914313 135.26090468160996
0.6847400751418548 134.10008122642796
0.6972956385332539 130.3059862305214
0.7098823228822636 127.49428095688275
0.7223833870842081 125.27937096509926
0.7349534179127145 122.03097802472502
0.7475295590555182 119.43804411521079
0.7601308062950265 116.86844454998521
0.7727079722519647 113.63342218328451
0.78522803627289 112.83570676526708
0.7978529000643869 110.82207436644478
0.8104146489153657 108.04643154371513
0.8229832955140954 105.59419073020442
0.8355628544232983 104.69571046376609
0.8480801297450262 102.72209903307609
0.8606851380540385 99.80753139985636
0.8732717120511252 97.94497303833329
0.8857992366441527 96.6689637401164
0.8983268837059719 95.65534209244962
0.9108828292509465 93.4101125949301
0.9235268940602117 92.61468091557764
0.9361288484047421 91.18405880305247
0.9486970485528732 88.29705311341843
0.96127122736308 87.85165334598136
0.9738038516777395 86.35730431062274
0.9863394199199912 84.88083192635641
0.9989013494289072 84.42170523909905
1.0114318102670843 82.66123901187783
1.023984799253619 81.37574812936066
1.0366252195536814 79.70624261293206
1.04921792760582 78.89895564967587
1.0617514616966675 77.72708480930638
1.0743147055893454 76.35551445873894
1.0869159127567583 76.05097041626412
1.0994861304784436 74.29835959171471
1.1119874855003558 73.13835906535498
1.1245709353219315 72.7106394549858
1.1372023074454531 71.80796019630996
1.149760917884416 70.61706976365217
1.162310042068112 70.18086972186057
1.1748788993321937 69.19333329986551
1.1874352440593798 68.44579897773076
1.1999943909587365 66.72211999838878
1.2125358230248555 66.7362986219174
1.2250939152889069 65.48547812305377
1.237695546608303 65.36368463706691
1.2502621134875798 63.95992044499886
1.2628054900766421 63.3072803014802
1.275400712546411 62.71301098252356
1.2879715566629113 61.82789001723179
1.3005370834332224 61.297006266370204
1.3131172235398076 60.97198809878826
1.3256738564718509 59.95734753685568
1.3382370889924389 59.06737911896207
1.3508140397151212 58.405929414239466
1.363367102918641 58.17441582660522
1.3759185067723396 57.42152486679526
1.3884688634079063 56.13157590039016
1.4010350804869476 55.99115076078613
1.4136249913217434 55.784089349061
1.4262038019349843 54.9740349975927
1.4387836502342854 54.489772276204945
1.4513667615196226 53.8131787301502
1.46393053654187 52.981525617134885
1.4765015980969847 52.462519210953474
1.4890531684231876 52.25608010487318
1.5015742203885425 51.627518758260486
1.5141516930632093 50.93499342346897
1.5267282467201915 50.90302179081159
1.5392925919724534 50.071407237336025
1.5518789730350828 49.26782901675191
1.5644658283979174 49.1754101941309
1.577062987304048 48.35903870609983
1.5895793133959044 48.0469551805285
1.602098219318471 47.344070867557505
1.6146728123454723 47.20551189092737
1.6272458976747732 46.59583396821187
1.6398305997922074 46.33281695917663
1.652390527278558 45.888422943599345
1.6649794140160812 45.44718991554286
1.6775918618421557 45.0478315666354
1.690126927940609 44.27260776024705
1.7026565735125296 44.013053140792636
1.715239652780402 43.79227649123277
1.7278116954124831 43.3960772180658
1.7403677490975196 42.895524639562936
1.7529282192150537 42.517430552194725
1.7655007746799471 42.029917206199656
1.7780665536787739 41.54780761015517
1.7906168494226256 41.281980536131734
1.8031913043334191 40.917977058904995
1.815766665618966 40.495094445077726
1.8283488212639727 40.31070652472943
1.840926163543523 39.66804642153587
1.8534868830529423 39.50677114294197
1.8660648394709858 38.95962839625487
1.8786531571147758 38.661397630258385
1.8911949620796393 38.27726843919998
1.9037320037090344 38.03901493044735
1.9162826511063678 37.689966761714
1.9288701890218214 37.345944691057625
1.94147112671365 37.157887205675515
1.9540161536900058 36.77304473023838
1.9665646650726827 36.345510343152526
1.979113938393335 36.2006915048276
1.9916912603842214 35.988939915889055
2.004272421487675 35.57022576625807
2.016809650670271 35.173677431102256
2.029388299672487 35.0591392713884
2.0419851108745943 34.77979721580487
2.054547960874789 34.485498196195095
2.0671183637920345 34.27036565555234
2.07969511478519 33.809946294303344
2.09225394988661 33.70732236448144
2.1048068736220573 33.226905849332724
2.1173614093032174 33.05062403957089
2.1299286661315784 32.87676614082699
2.142513554881671 32.61114239817662
2.1550880976021562 32.32445172760344
2.167649640376087 32.009306169131
2.1802160478856334 31.818501445151362
2.1927793319132864 31.462486025646758
2.205362264117683 31.332842172607286
2.21792609518976 31.114754473066178
2.2304508569275185 30.825648699180785
2.2430042552295357 30.617242315559132
2.255585147649584 30.312482834130353
2.268179105336766 30.142813310692198
2.280728099300812 29.867634454737278
2.293278360641959 29.527457990056604
2.3058848259833 29.35088053771576
2.3184578135021576 29.133297215022036
2.3310174437745363 28.998587902795148
2.3435861525124206 28.821645937072645
2.356174872739318 28.63052415485172
2.368735308503054 28.36775656821145
2.3812692845985333 28.112214714437723
2.3938244176688017 28.04356485153355
2.4064031547082925 27.905247219447144
2.4189736888834115 27.654859462521863
2.4315278041496198 27.34276329416297
2.4440995103422933 27.24977325243517
2.456681233242974 26.948948561345986
2.4692659731538655 26.889935647130557
2.481804494353713 26.72276569317893
2.494349678289375 26.523155070864533
2.5069309198668845 26.294872957912936
2.519499903784357 26.163525245853794
2.5320642862545077 26.091682305776686
2.544632576944013 25.857445683133733
2.5572083101172427 25.663846141464266
2.5697731778671877 25.51407318186904
2.5823508401331665 25.288799444239753
2.5949314527475447 25.27053288875399
2.6074836540238886 25.09149038556206
2.6200346458455237 24.847077827302638
2.6326028953257734 24.749594089304185
2.6451735207266065 24.566660062978542
2.6577309849057493 24.448575622401613
2.670289609909111 24.391911191835295
2.6828810325445502 24.240671202735246
2.695461736834189 24.050535956168616
2.7080031799897553 23.92233786996395
2.720565218595557 23.767609047934656
2.733131372915196 23.63010830337716
2.7457029969648654 23.559718353321195
2.7582707458588036 23.4770278528172
2.7708191342981143 23.36123796075752
2.7833972824385986 23.190788290433925
2.7959689028789416 23.16657987391767
2.808535766818364 23.010952828375377
2.8211095589697384 22.913529796878574
2.833675667094931 22.836110635536116
2.846236354374274 22.751373390679806
2.85879560232848 22.56075690173544
2.8713738436455745 22.50312884008697
2.883954243538599 22.48375242292133
2.896507335706665 22.415721002203934
2.9090646979443453 22.397556508832533
2.92163863830376 22.241209961223994
2.934220728804053 22.253423407016818
2.9467858178979243 22.120412158991424
2.959339930487198 22.130603129952817
2.971912289205687 21.994877857291826
2.9844672215262302 21.91395192936339
2.99700494075996 21.850442384607742
3.0095715041023654 21.843889737012987
3.022151983789152 21.798420118326366
3.0347232699703244 21.820224967113678
3.047297141938261 21.771661236572807
3.0598760714317845 21.77195445287988
3.072460353827784 21.701317744222912
3.0850214375587766 21.659090718770386
3.0975679261659606 21.71201646182427
3.1101461395593026 21.6719864363225
3.122714649854468 21.683371724513147
3.135258242106282 21.738496917720312
3.147827394808765 21.631058037406763
3.160407090461748 21.710672034643135
3.172970786869076 21.762478431907233
3.1855200285260117 21.78397892962062
3.1980928727893416 21.78414080247841
3.210684273274958 21.81238552214239
3.2232395367270996 21.773809079523062
3.235794336704776 21.661238971472564
3.248365417080094 21.489384671998465
3.2609281598919257 21.403354793948257
3.2734964936633677 21.224158887877365
3.2860602765369262 21.12202772762324
3.2986161612664584 21.043133206620364
3.3111844972688256 20.881752692523673
3.3237565519663415 20.795840470491978
3.3363364798705555 20.680426046983822
3.3488991222089055 20.613524996801964
3.361442771262142 20.491763257416906
3.3740243084776247 20.42697204928952
3.3866149615978682 20.26584349441699
3.39916128606973 20.218171818788733
3.4117235868879687 20.106067737532875
3.424303448375865 20.02998868723459
3.4368707723403413 19.928629139146775
3.4494368938720896 19.839846072266354
3.461989836872097 19.79766867475607
3.474572720638132 19.66734202312161
3.48713260515092 19.64414147669953
3.499672015554006 19.50672515557836
3.5122465573827917 19.476279588998363
3.5248212321125134 19.407569248265034
3.537387157918102 19.305747532956495
3.549953496774211 19.2751188536635
3.562527243212822 19.189297129863522
3.5750914952116 19.061567954120203
3.587654584597485 19.058919239412024
3.600215443483307 18.94905595717376
3.6127818278135746 18.91807119084888
3.625349028548668 18.838033496988103
3.6379072704701114 18.811818092086305
3.650477005817321 18.75032545213372
3.6630473724016204 18.63507650837306
3.675620817961317 18.596998623913784
3.6881928522421576 18.56505165803581
3.7007538430059563 18.581012773977672
3.7133214918772564 18.531168154374008
3.7258871961752504 18.409806788645643
3.738444098347929 18.417014364042434
3.751015627145959 18.322609217851365
3.7635899901316705 18.339198788927458
3.7761556262749996 18.27888583364798
3.78870489003149 18.222720215522823
3.8012759377020537 18.208621946523643
3.813856674457175 18.15383441972431
3.826404431717055 18.157374304566748
3.8389644689081925 18.131944860328396
3.851540211494362 18.051209438117265
3.864129820703726 18.13189714143816
3.8766814230240825 18.053893953046874
3.8892165722518706 18.04506005374459
3.901793722804893 18.09194041912306
3.9143762394645663 17.986388310593394
3.926950184147634 17.990456119946487
3.939510656203867 18.003634117256333
3.9520827549930915 17.980633708369545
3.9646652067298502 17.98603860118864
3.977223438611204 18.053304322564667
3.9897758573768494 17.940102999630295
4.002346082688934 18.06716137656593
4.014905244975117 18.025446332946583
4.027454437240128 18.00848498957728
4.040022160770507 18.05084374899191
4.052608105661615 18.085982872800404
4.065174716554538 17.992584956558023
4.0777220075380285 18.132136101657533
4.090289799021003 18.070250960380875
4.102873672523345 18.155481581202565
4.115447644068685 18.170472223661783
4.128008926808098 18.206733500471316
4.140585568421012 18.298452981089582
4.153169437051885 18.345819635928127
4.165708486135632 18.410315480709688
4.1782451827574745 18.41715542417245
4.190834603556789 18.465102582973177
4.203406089276481 18.49506632049721
4.215945466732009 18.608770916127487
4.228511593513913 18.672997835361617
4.241075779699394 18.647305534098212
4.253641501584355 18.741211563618776
4.266213404082921 18.74268147762613
4.278800238462189 18.84931797303263
4.291378797171946 18.900176331148195
4.30391579364846 19.061431256201622
4.316480666938704 19.10129962120956
4.329060961840781 19.137599263940515
4.341634336575265 19.182303823395838
4.354198259860986 19.173169884656442
4.366753480533252 19.396314462734953
4.379309052921206 19.475002834965487
4.391876283675789 19.49307457456577
4.404434457339895 19.54656185566489
4.416997001697697 19.54719000266941
4.429587449292495 19.613709521665346
4.442151636687611 19.72770524742087
4.454676243985358 19.70077415922558
4.467255845270074 19.70880789281862
4.479857579406586 19.63308042737832
4.492401684454411 19.755181548052096
4.504962144407179 19.604227774501304
4.517519866020665 19.654961895882995
4.530075533354578 19.616263771224265
4.542607822888876 19.526409838585256
4.555179456440053 19.3165916442107
4.567796610844846 19.257100436594936
4.580340024503759 19.115524665559462
4.592907148036286 19.19057771037638
4.605507457041533 19.13114799007451
4.618066519715286 19.10817413211784
4.630613480983531 19.16960302982942
4.643169806111598 18.95899479436313
4.655751697596686 19.21566807756648
4.668310875988915 19.201010102785382
4.680838737422433 19.365523430957122
4.693414201365948 19.18203598567828
4.7060065831984295 19.18100608841976
4.718579788898698 19.31684259424463
4.731107753982311 19.237193219443323
4.743651571426617 19.413426258216983
4.756281806400868 19.488438439396166
4.768856185173669 19.565847714126388
4.781385164866602 19.47526454642628
4.793976276771281 19.67214499844377
4.80660709685494 19.687789440753853
4.8191461473081745 19.764588202530167
4.83166160276996 19.955544110012617
4.8442877135258176 20.13046928158552
4.856860115107401 20.06661231661426
4.869355537556235 20.3208655844644
4.881940425155443 20.1688399284603
4.894597962536946 20.27757142449404
4.9071382369119165 20.454368283420344
4.919600076288735 20.8115500488704
4.9322184698095 20.898336885838514
4.944828614579259 21.013124965356077
4.957327103379369 21.35026197253006
4.969868632558521 21.42710272272285
4.9824856622267575 21.48155559673871
4.995110752516737 21.885804341722174
5.007607580415343 21.86800132892074
5.020100906721771 22.12384916111215
5.032776306714229 22.116948639380855
5.045393898578722 22.66684816451271
5.057824235954895 22.821304334841457
5.070389901954609 23.023985656624472
5.083106030184285 23.39487092097626
5.095667197680152 23.673593482431784
5.108055452463851 24.0262615373376
5.120671439914532 24.20233928581657
5.133447634936115 24.445379461760563
5.145895026810737 25.014122009594296
5.1582250506128275 25.326002458913752
5.17095099224376 25.554763241313196
5.183700390094105 25.713525817814045
5.196118642963538 26.57078702826064
5.208594319785777 26.981825828918723
5.221348995023267 26.90859454275935
5.233865668366421 27.59415089185899
5.2460170900391185 28.224801094191392
5.2587950618971515 28.100291280574094
5.271821151415858 28.799110451778972
5.284059572485596 29.959351727605476
5.296079024382072 29.35182250331435
5.309081924588614 29.539366669890953
5.322360565152118 30.52895780997355
5.334390294917683 31.194750741197247
5.346181802010519 32.59292147977004
5.359463528890978 33.40620015609917
5.372933862046457 33.434626491072294
5.384396712939678 34.303185846968866
5.395929354426922 34.898896051634345
5.4097838787385655 34.48832961711744
5.423640526297937 35.936339129586706
5.434195806773826 35.776742297481306
5.445572893198795 38.29314615448079
5.459895693738757 37.36534888305715
5.47413057561097 38.74242740427097
5.484976407817414 39.610386471431376
5.495746636743919 43.35355486659135
5.510086276689805 45.653266416087796
5.524398688742833 45.70572152548853
5.5357855763748205 32.887316033245284
5.545663964936541 43.41991449475505
5.559311623442359 41.87012406546946
5.5719916469275175 75.13960554581482
