0.017832091871974997 8472.831369373262
0.030213835030786885 6577.899055862449
0.04297487357678403 4516.6162005174865
0.055775837984368075 4214.188778067015
0.06882863412500528 3905.1194285088973
0.08110696464570476 2617.6346490206597
0.09370674553631737 2341.0746618448143
0.10636019509318757 1696.9369604013887
0.11912643058557926 1716.0259723694955
0.13176693543452617 1437.097062568805
0.14419796924510314 1308.3768523863096
0.15684580028039288 1069.755621940947
0.1697202486941208 979.3417048903476
0.1822724571065706 900.6656089189489
0.19477416222977487 910.7628542060128
0.2073340835947663 715.8080987793646
0.21991992144750083 682.6487993424224
0.23253646283801271 610.2621335740689
0.24518505143884012 574.7663313831041
0.2578378507460666 517.1510534670895
0.27039766737784676 478.8519883428816
0.28291044117595976 453.847423631993
0.295570537980418 407.84307814287433
0.30813996427931184 400.4277463069793
0.3207216073146949 364.83442961965125
0.3334116808196777 346.177322048488
0.34607587720379684 331.045099556375
0.35861285762440237 314.4696749965757
0.37115362695027315 298.7527792997838
0.3836672702512398 280.0670815939359
0.3963071427257871 263.0990498348941
0.40893995931531163 253.04434120050715
0.42156349890919687 237.15219885416536
0.43418079502572005 227.70515038036265
0.44676205768023874 215.8882935226945
0.4593692028514954 202.10496982038137
0.471896548280561 195.42739692088557
0.48447350382182336 189.9009040385457
0.49708590060588265 177.13168822772073
0.509636135379828 172.10936040855208
0.5222277017157808 164.85730980665227
0.5348355227589733 155.29601548422644
0.5474920039788604 153.04650259214125
0.5601365361534072 145.23321191917623
0.5727270239485885 140.90600568343686
0.5852520646971218 135.13216676785703
0.5977898476833488 127.67591286263907
0.6103996074847232 125.04483454702059
0.6230020924267451 118.51982900141039
0.6356030860286774 115.51802701512709
0.648230198028244 110.58480060883637
0.660849546399432 107.14185964113318
0.6734744173918971 102.09008857446047
0.6860022567240287 99.64904562232313
0.6985809637891249 95.65407366236289
0.7111908491771021 91.93060414623669
0.7237149565943718 89.25990314816555
0.7363081577644064 86.1884003645949
0.7489074805118825 83.06440768077412
0.7615319556341386 80.15783428980555
0.7741323050847894 76.86254525941555
0.7866754473434118 74.79903094754042
0.7993235825500538 72.60908850128986
0.8119084864763891 69.59826056993812
0.8245003008650958 67.07868551798067
0.8371030476789408 65.80570276909651
0.8496433960979559 63.232459286014404
0.8622716392224965 60.589000534598135
0.874881414055139 58.76255067713476
0.8874320306379383 56.92142818349067
0.8999827699152761 55.304310765831005
0.9125618598383717 53.209959779603636
0.9252292314560236 51.89516138063626
0.9378544149867087 50.298330226203475
0.9504457821018744 47.98211570427883
0.9630431388995854 46.837219254576155
0.9755988646043351 45.41831493285687
0.9881575396632196 43.7100230133869
1.000742624580499 42.75977685132193
1.0132961828208296 41.286961367355296
1.0258723107356602 39.61185537890517
1.0385360311261842 38.45737200684077
1.051151951320784 37.2074061718246
1.0637085884787125 35.96556429711802
1.0762949902025578 34.75020982135607
1.0889194251788539 33.8637688998073
1.1015128135865675 32.72166072511959
1.1140372123598734 31.55828741940934
1.1266438572582114 30.71790969701309
1.1392985127936883 29.66701774091307
1.1518802725229718 28.64527551296485
1.1644525285109717 27.945052062092433
1.1770445539533498 27.053409168645864
1.1896240437944698 26.255092907723437
1.2022063409730048 24.955124234046146
1.214770890664545 24.457911696406956
1.2273521312637652 23.61247105167218
1.2399769911738836 22.994262490799258
1.25256672200959 22.169573764908606
1.2651332198084133 21.435553501586494
1.27775165905547 20.882142393244894
1.2903456750126325 20.05408143532062
1.30293436382214 19.556255249189043
1.3155376929046887 19.024847278516155
1.3281174714819137 18.387192953328444
1.340703861812707 17.836970152172686
1.3533039956323605 17.204747455778705
1.3658801979009805 16.784735044504853
1.3784547377610992 16.27525093638723
1.3910282284727484 15.540769584201428
1.4036176088634325 15.161372451418744
1.416230726684578 14.860589662485175
1.4288327238231269 14.390909394271587
1.4414357605605028 13.973478709444954
1.4540420662985782 13.513862925408315
1.4666290001310243 13.124588944781193
1.479223233927606 12.812836819781705
1.4917979405670876 12.439354116957967
1.5043420725912178 12.065408589514309
1.5169427293249702 11.684641323380612
1.5295424653470122 11.495919514032211
1.542129970460578 11.150928126011214
1.554739552003127 10.759697738522751
1.5673496087201588 10.583223246413699
1.5799699879730114 10.284817613738392
1.592509385412439 10.046215233301817
1.6050513674379796 9.764089384927852
1.617648660017442 9.514402250423208
1.6302445001949606 9.187263437799984
1.6428527694112174 8.86064144244593
1.6554322216394572 8.552845273481706
1.6680440255859084 8.256474775270727
1.6806789206890425 7.917981849070839
1.693233131593898 7.642378971961209
1.7057845975195347 7.395506464822982
1.7183896309732467 7.140286780526336
1.7309874185440746 6.901282746507562
1.7435623448937623 6.6527268867338565
1.7561426634640445 6.391328957672087
1.7687458921757868 6.201142092279424
1.7813334782050274 5.9959951808341865
1.7938985526958322 5.790935969062585
1.8064980806819688 5.571411382404743
1.8190945363690483 5.369436641209338
1.8316935397102847 5.221742180153348
1.8442938066535388 5.007663909748819
1.8568876791935847 4.858051837643317
1.8694996979258007 4.664501583922278
1.8820874678435309 4.515732420471374
1.8946480071290845 4.362274932796823
1.9072244238241236 4.233647475794553
1.9197955083167038 4.099958765346016
1.9324077190392521 3.958968146791134
1.9450267994293557 3.834092828533604
1.9575901294986922 3.7036594151670914
1.970167723362535 3.5964169916858046
1.9827403283412781 3.4451417569282192
1.9953314743596473 3.344344791416591
2.00794783466437 3.293975601752213
2.0205022754362645 3.1385343059706425
2.0330913752296524 3.059184258540669
2.0457223504519155 2.970058479941809
2.0582763462883613 2.8796652777580993
2.070869909095242 2.7837747748967483
2.0835199499115684 2.7138500740643288
2.096097125641402 2.6152966892530625
2.108627206088834 2.5586022776570694
2.1211870915125446 2.4618918681437556
2.1338231323869605 2.404719969498654
2.14641028737712 2.335459279468984
2.158963563085559 2.2610908201485103
2.1715722325463047 2.1898980654991194
2.1842062325035747 2.1211976092965497
2.1967582541876407 2.095427957701515
2.2093298486834083 2.009985133583454
2.2219259092398045 1.9597348598258417
2.234489591332644 1.905255556422898
2.2470405345948814 1.8189336095638964
2.2596241003144355 1.7424298677501486
2.2722295314965835 1.6703867897603835
2.284834822222923 1.6079500602719736
2.297400038677992 1.5302454945830588
2.3099677799709757 1.468650623173102
2.322578483572132 1.4295917683747543
2.335159521230413 1.37410459875014
2.3476935649899966 1.3299813446610669
2.3603433164871555 1.280327978414206
2.3730332994737626 1.2384567991911026
2.3855678635589745 1.209206276508644
2.398060143366856 1.1342261369599376
2.410778968531102 1.1135596899787445
2.4234531099437686 1.0818306811235119
2.4358311952097167 1.0600684549997812
2.4484709440435815 1.0036581198023014
2.46128480539345 1.0031206884873585
2.473794880423968 0.9577604560358898
2.4861107686591266 0.9412370034244824
2.4987555116598035 0.9234814704992824
2.5115847832453255 0.8835044084788992
2.524093324138884 0.87756641796923
2.536562701110747 0.829036580615716
2.549307751622641 0.7961165976082035
2.5619784398313032 0.8202691126018529
2.574212755798334 0.7977208809348942
2.5867319401348765 0.7564743099279234
2.599886904080169 0.7353240537215181
2.6126019917307035 0.7207208773181243
2.6241685674096096 0.7258979325189258
2.6366174310925032 0.6902166151135454
2.6502878476251523 0.66674329237155
2.663341593133413 0.6700726819243653
2.6741769121319585 0.69628828315601
2.686549260713731 0.6458726229516771
2.7007770451010327 0.655948197083666
2.714588441641008 0.5979503956957678
2.7248746414473333 0.6959930006805354
2.7364378284531035 0.683809177700539
2.7506817507001813 0.6469086134528668
2.7647976990557974 0.604858238509832
2.7766321634107602 0.49688125445601006
2.785694055607792 0.35965240727035735
