0.017832091871975025 8410.915526589019
0.03021383503078693 6542.499094087358
0.042974873576784096 4520.603156954434
0.05577583798436816 4225.689326794284
0.06882863412500538 3895.349693018281
0.08110696464570487 2619.0068832811457
0.09370674553631753 2320.5266835782227
0.10636019509318774 1686.477908961963
0.11912643058557944 1682.5922030035126
0.13176693543452636 1396.1511631592314
0.14419796924510336 1262.5577954806274
0.1568458002803931 1012.883274307499
0.16972024869412106 910.3643048453831
0.1822724571065709 816.7510659787433
0.19477416222977517 817.7427734952356
0.20733408359476663 631.845395852522
0.21991992144750117 589.3072843919091
0.23253646283801305 524.0879127991532
0.24518505143884048 479.50403199175565
0.25783785074606697 427.47167579206496
0.27039766737784715 387.06185684772623
0.2829104411759602 358.3933874240036
0.29557053798041844 317.8750964388913
0.3081399642793123 306.79408858606746
0.32072160731469535 277.8663397545306
0.3334116808196782 261.67553599392403
0.34607587720379734 241.95648119862582
0.3586128576244029 227.98777032111016
0.3711536269502737 213.66281175798727
0.38366727025124037 197.15278689982418
0.3963071427257877 182.7729579948695
0.40893995931531224 175.04267432146838
0.42156349890919753 160.10529262118212
0.4341807950257207 153.52036589960758
0.4467620576802394 141.81596114786444
0.4593692028514961 132.38824085296585
0.4718965482805617 125.84444762683901
0.4844735038218241 119.76042870500214
0.49708590060588337 111.87859291052493
0.5096361353798288 106.64373750913406
0.5222277017157816 101.37945832073176
0.5348355227589741 95.07905895562942
0.5474920039788613 91.00356759637103
0.560136536153408 85.50378250476766
0.5727270239485894 82.2102884721493
0.5852520646971227 77.97309406946674
0.5977898476833496 73.27090337968667
0.6103996074847242 70.2140614551794
0.6230020924267461 66.02599206190551
0.6356030860286784 63.649063321065015
0.648230198028245 60.374461167915506
0.660849546399433 57.28335512794352
0.6734744173918981 54.56758276709987
0.6860022567240297 52.58894788248153
0.698580963789126 49.99299263185021
0.7111908491771032 47.846247913996784
0.7237149565943728 45.63609458075382
0.7363081577644075 43.66381007425894
0.7489074805118836 41.40388428883016
0.7615319556341397 39.50242527975508
0.7741323050847905 37.90137818566325
0.7866754473434129 36.30411875576878
0.799323582550055 34.987232837244825
0.8119084864763904 33.144489897760245
0.8245003008650972 31.46715469140443
0.8371030476789422 30.59282663025155
0.8496433960979571 29.25513266611825
0.8622716392224978 27.782101680069186
0.8748814140551403 26.49859378979615
0.8874320306379397 25.420727830249806
0.8999827699152775 24.735421111405053
0.9125618598383731 23.315078608232852
0.925229231456025 22.62637718956945
0.9378544149867102 21.645288641146827
0.9504457821018758 20.51995332234598
0.9630431388995868 19.851670562903895
0.9755988646043365 19.028163329585674
0.9881575396632211 18.22779049258681
1.0007426245805005 17.670979297983536
1.0132961828208311 16.88210844578902
1.0258723107356618 16.116260148492536
1.0385360311261858 15.462233229869886
1.0511519513207856 14.899714015492577
1.063708588478714 14.231736595340683
1.0762949902025596 13.818129738131733
1.0889194251788554 13.242462643666713
1.1015128135865693 12.666225624990497
1.114037212359875 12.194084234358774
1.126643857258213 11.71902009335398
1.13929851279369 11.267794005150652
1.1518802725229735 10.868721464982318
1.1644525285109735 10.421650594920763
1.1770445539533516 9.988979189538059
1.1896240437944716 9.692166303677254
1.2022063409730066 9.299835822640699
1.2147708906645467 8.986420435506444
1.227352131263767 8.565772734911102
1.2399769911738854 8.333334469214984
1.252566722009592 7.953076181654278
1.265133219808415 7.664586191624703
1.277751659055472 7.423241261672015
1.2903456750126345 7.135270918554576
1.302934363822142 6.88289182011004
1.3155376929046907 6.63885044697327
1.3281174714819157 6.401753736720495
1.340703861812709 6.167150495038755
1.3533039956323625 5.953562396090403
1.3658801979009825 5.774453665102818
1.3784547377611012 5.536384098269313
1.3910282284727504 5.33916245961569
1.4036176088634345 5.147233599482036
1.41623072668458 5.016001982349184
1.4288327238231289 4.854018762139488
1.441435760560505 4.673743556644899
1.4540420662985805 4.511073027950348
1.4666290001310265 4.3514305851667885
1.4792232339276081 4.227690638137275
1.4917979405670898 4.12345761328421
1.5043420725912202 3.979117063968878
1.5169427293249724 3.8511533411869867
1.5295424653470144 3.7391107890041506
1.5421299704605804 3.643279581811492
1.5547395520031293 3.5156679575873877
1.5673496087201613 3.443962867993488
1.5799699879730138 3.332727075768573
1.5925093854124415 3.2351826214940616
1.605051367437982 3.15781220449548
1.6176486600174445 3.067256955400225
1.630244500194963 2.9198526227485564
1.64285276941122 2.801592632280481
1.6554322216394597 2.6817414616789144
1.6680440255859108 2.5642707612791176
1.680678920689045 2.465728574119676
1.6932331315939004 2.3610112630087974
1.7057845975195374 2.252370830381041
1.7183896309732494 2.1873360929276555
1.7309874185440772 2.1000419751568704
1.743562344893765 2.0177020561050285
1.7561426634640471 1.936303427455286
1.7687458921757895 1.8765848308923663
1.7813334782050303 1.8026200708737958
1.7938985526958349 1.7330316174930749
1.8064980806819715 1.6757638010875497
1.8190945363690512 1.6231257214898114
1.8316935397102874 1.5642627467031827
1.8442938066535417 1.5065191656178303
1.8568876791935875 1.4573427568527513
1.8694996979258036 1.4008069872722442
1.8820874678435338 1.352794191477329
1.8946480071290874 1.3151461361232561
1.9072244238241265 1.2705213769003774
1.9197955083167066 1.2348620016715246
1.932407719039255 1.1890449322216097
1.9450267994293589 1.150208761153836
1.957590129498695 1.1118863295342922
1.970167723362538 1.0779513163015346
1.9827403283412812 1.0443342007336607
1.9953314743596504 1.0106181109188126
2.0079478346643733 0.9846526020494485
2.020502275436267 0.9555300821835773
2.0330913752296556 0.9324208524443275
2.0457223504519186 0.9021281232257977
2.0582763462883644 0.8730922318608865
2.070869909095245 0.8552868280374202
2.0835199499115715 0.8279727228184638
2.096097125641405 0.8014966483063451
2.108627206088837 0.7812687835742604
2.1211870915125477 0.7523264573454781
2.1338231323869636 0.7408234673719352
2.146410287377123 0.7133649526661114
2.158963563085562 0.6944251716061514
2.171572232546308 0.6775289180079169
2.1842062325035783 0.6514330670570017
2.1967582541876443 0.6409126475894451
2.209329848683412 0.6123772812480768
2.221925909239808 0.6000604423487305
2.2344895913326477 0.5746181562658792
2.247040534594885 0.5539522518897109
2.2596241003144386 0.5309567271307847
2.272229531496587 0.5007604583623251
2.2848348222229267 0.48156023462437453
2.297400038677995 0.46123949841407397
2.3099677799709792 0.4433408468599406
2.3225784835721357 0.4268854268512519
2.3351595212304166 0.409296260062546
2.34769356499 0.3944205778043073
2.360343316487159 0.37993500164537464
2.3730332994737666 0.374904904865609
2.385567863558978 0.3598678405354201
2.39806014336686 0.3458393549430911
2.4107789685311056 0.33792185499158783
2.423453109943772 0.33334384997853533
2.4358311952097202 0.32234365159894784
2.448470944043585 0.313454035300925
2.4612848053934537 0.30318515595845663
2.4737948804239713 0.299118610243124
2.4861107686591306 0.28639091994521026
2.498755511659807 0.2908939133964557
2.5115847832453295 0.27740746714393727
2.524093324138888 0.27439364164915125
2.536562701110751 0.271395128351742
2.549307751622645 0.2545114812669213
2.5619784398313072 0.2594626811620896
2.5742127557983374 0.2595687977871463
2.5867319401348805 0.24917365598747077
2.599886904080173 0.25123666916805865
2.6126019917307075 0.24568509546206357
2.6241685674096136 0.24683249542077398
2.6366174310925072 0.23801132227004929
2.6502878476251563 0.2380995592534744
2.663341593133417 0.22827462588222533
2.6741769121319625 0.23085323344963624
2.686549260713735 0.22403610603117538
2.7007770451010367 0.23403500535729688
2.714588441641012 0.23116896933326006
2.7248746414473377 0.2374430759324655
2.736437828453108 0.22389387721375836
2.7506817507001853 0.2098431748400447
2.764797699055802 0.22821076132432422
2.7766321634107642 0.23030201779265427
2.7856940556077965 0.07071466690986611
