17.799282449393914 3.018504571319409e-09
30.158244330131165 1.428322683712577e-09
42.895803729136745 1.4487135457441832e-09
55.673215529785544 1.1520501986600803e-09
68.70199571606824 9.441654644941832e-10
80.95773522851493 9.110999883910164e-10
93.53433367151361 8.917869387390078e-10
106.16450203531906 8.522403350592306e-10
118.90724881881184 9.56481113234403e-10
131.52449629177588 9.270756095206668e-10
143.93265813397477 8.702053338081329e-10
156.55721831376698 9.156003931853001e-10
169.40797891669084 9.264368184763654e-10
181.93709241054745 9.791847351417602e-10
194.4157955366043 9.240400998588299e-10
206.95260779187333 9.199456754021672e-10
219.51528885091187 9.143646277670119e-10
232.10861695601872 9.400620021830768e-10
244.73393330749713 9.08388642393309e-10
257.36345261805883 9.364628297670503e-10
269.9001603328162 9.125282919610547e-10
282.38991176842956 9.2083405543275e-10
295.0267151494937 9.12504949937665e-10
307.5730148504538 8.976779423335905e-10
320.13150881022216 8.922789596930559e-10
332.7982337374162 9.220099193152398e-10
345.43912915528864 9.019442120388085e-10
357.953042675417 8.957029487853516e-10
370.4707381295705 9.001169330955618e-10
382.96135746823154 9.148931608501999e-10
395.57797373030724 9.169048766496112e-10
408.187547089545 9.19790153898767e-10
420.7878605219693 9.196882130086723e-10
433.38194196446045 9.132305665795521e-10
445.9400562432305 8.741330459300071e-10
458.52400541726854 8.994670625627534e-10
471.0283016733626 8.931957972374893e-10
483.5821167635719 8.916597705515764e-10
496.171307887924 8.993786537234114e-10
508.698451374591 8.733061101629865e-10
521.2668503769611 8.90602446043152e-10
533.8514741793923 8.895748039507772e-10
546.4846686282312 8.88453951454187e-10
559.1059360168833 8.877570531341228e-10
571.6732584628988 8.647774763435618e-10
584.1752542788624 8.832495769673651e-10
596.6899688879647 8.845348078898925e-10
609.2765278814396 8.792078754714007e-10
621.8558254006396 8.708815655619189e-10
634.4336343236798 8.634024880262185e-10
647.0375135888847 8.709615612936018e-10
659.6336435100793 8.753118000788151e-10
672.2352858914314 8.629213296046275e-10
684.740075141855 8.749063059035522e-10
697.2956385332541 8.596998276294839e-10
709.8823228822637 8.593956755575923e-10
722.3833870842083 8.518070342107599e-10
734.9534179127147 8.584314167321663e-10
747.5295590555185 8.556550220095112e-10
760.1308062950267 8.437833023566448e-10
772.7079722519649 8.37587225472038e-10
785.2280362728902 8.429852909732836e-10
797.8529000643871 8.365642474752317e-10
810.4146489153659 8.436570631813551e-10
822.9832955140956 8.390560395935439e-10
835.5628544232984 8.327156604142755e-10
848.0801297450264 8.306771037418318e-10
860.6851380540387 8.284812867853651e-10
873.2717120511254 8.267414741386927e-10
885.7992366441529 8.132076912064593e-10
898.3268837059721 8.21708617299472e-10
910.8828292509468 8.092461173960597e-10
923.5268940602119 8.02519305001816e-10
936.1288484047424 8.06826768967737e-10
948.6970485528734 7.987782987829892e-10
961.2712273630802 8.010940898977435e-10
973.8038516777397 8.043882873981006e-10
986.3394199199914 7.986730541773013e-10
998.9013494289073 7.969906522241934e-10
1011.4318102670845 7.887782889958542e-10
1023.9847992536193 7.876131606051661e-10
1036.6252195536815 7.833648913434913e-10
1049.2179276058203 7.841196302783861e-10
1061.7514616966675 7.77152808311408e-10
1074.3147055893455 7.746927572540701e-10
1086.9159127567586 7.751829251975767e-10
1099.4861304784438 7.689017181247197e-10
1111.987485500356 7.687858608724838e-10
1124.5709353219318 7.641275443145483e-10
1137.2023074454535 7.640342913953771e-10
1149.7609178844161 7.507577457875248e-10
1162.3100420681121 7.55499284407146e-10
1174.878899332194 7.481994597786077e-10
1187.4352440593802 7.402770870369705e-10
1199.9943909587366 7.378093877425092e-10
1212.5358230248557 7.338282375643158e-10
1225.0939152889073 7.353585316823332e-10
1237.6955466083032 7.331230836326355e-10
1250.26211348758 7.232741107472414e-10
1262.8054900766424 7.279799147738198e-10
1275.4007125464113 7.15980364393829e-10
1287.9715566629116 7.137737066603615e-10
1300.5370834332227 7.115189788108303e-10
1313.117223539808 7.033740687457956e-10
1325.6738564718512 7.06775902352569e-10
1338.237088992439 7.043749839597693e-10
1350.8140397151215 6.975549838268625e-10
1363.3671029186414 6.943620181099113e-10
1375.91850677234 6.940102167999971e-10
1388.4688634079066 6.876996875712274e-10
1401.035080486948 6.819217631621086e-10
1413.6249913217437 6.800441984525997e-10
1426.2038019349848 6.791789613916517e-10
1438.7836502342857 6.737780486284836e-10
1451.366761519623 6.677104416461636e-10
1463.9305365418704 6.643996119762438e-10
1476.501598096985 6.598313696869002e-10
1489.0531684231878 6.556634701696252e-10
1501.5742203885427 6.477678431998997e-10
1514.1516930632097 6.463922383266813e-10
1526.7282467201917 6.42537559226482e-10
1539.2925919724537 6.413558518511601e-10
1551.8789730350832 6.364678785769735e-10
1564.4658283979177 6.284652403845501e-10
1577.0629873040484 6.298314925230883e-10
1589.5793133959048 6.233107431330312e-10
1602.0982193184714 6.198444877300574e-10
1614.6728123454727 6.154854572097486e-10
1627.2458976747735 6.133757426258907e-10
1639.8305997922077 6.080309293229788e-10
1652.3905272785582 6.057635494143945e-10
1664.9794140160814 6.015468315402932e-10
1677.591861842156 5.959712717544383e-10
1690.1269279406094 5.939712136228134e-10
1702.65657351253 5.914956744636614e-10
1715.2396527804024 5.865397649624647e-10
1727.8116954124835 5.835293346412721e-10
1740.3677490975201 5.746020544313405e-10
1752.928219215054 5.725909009423074e-10
1765.5007746799474 5.680775661784989e-10
1778.0665536787742 5.629473438667457e-10
1790.6168494226258 5.608399485390304e-10
1803.1913043334196 5.568214991185036e-10
1815.7666656189663 5.551373138678819e-10
1828.3488212639732 5.481125391099546e-10
1840.9261635435234 5.439324905627992e-10
1853.4868830529429 5.430968547841671e-10
1866.064839470986 5.40549840055239e-10
1878.6531571147761 5.346265309916193e-10
1891.19496207964 5.3190704528252e-10
1903.7320037090349 5.274400222082509e-10
1916.2826511063681 5.224969691055118e-10
1928.8701890218217 5.205985995365698e-10
1941.4711267136504 5.175630985289693e-10
1954.0161536900064 5.094110592214009e-10
1966.5646650726833 5.060592892200765e-10
1979.1139383933353 5.031748549327757e-10
1991.691260384222 5.002982059885108e-10
2004.272421487675 4.951391688846531e-10
2016.8096506702714 4.920649746680508e-10
2029.3882996724874 4.886573266588259e-10
2041.985110874595 4.860328886054601e-10
2054.547960874789 4.81811662225041e-10
2067.118363792035 4.776580184656792e-10
2079.6951147851905 4.72816710000547e-10
2092.253949886611 4.704180061616334e-10
2104.8068736220575 4.676079667117349e-10
2117.361409303218 4.6335315432018756e-10
2129.928666131579 4.5889249166344003e-10
2142.5135548816716 4.5507209246642146e-10
2155.0880976021567 4.5237976507215215e-10
2167.6496403760875 4.470199913584101e-10
2180.216047885634 4.4608875102755133e-10
2192.779331913287 4.415194900444278e-10
2205.3622641176835 4.3742830150638847e-10
2217.9260951897604 4.338467864245424e-10
2230.450856927519 4.294127210220022e-10
2243.0042552295363 4.280534263504598e-10
2255.5851476495845 4.240183473880811e-10
2268.1791053367665 4.2104571264608846e-10
2280.7280993008126 4.174636426426678e-10
2293.27836064196 4.13720209594726e-10
2305.8848259833003 4.100168770052717e-10
2318.457813502158 4.0466588640671874e-10
2331.017443774537 4.03193618056128e-10
2343.586152512421 3.984459307045002e-10
2356.1748727393183 3.958040588677957e-10
2368.7353085030545 3.927877611010974e-10
2381.269284598534 3.8971300888242203e-10
2393.824417668802 3.8656902455835926e-10
2406.4031547082927 3.842107344659593e-10
2418.9736888834123 3.814218658536046e-10
2431.5278041496204 3.753894815134524e-10
2444.0995103422943 3.72599013278704e-10
2456.6812332429745 3.6959802268152543e-10
2469.2659731538665 3.6818456581124067e-10
2481.8044943537134 3.6457145564071563e-10
2494.349678289376 3.6132234479333865e-10
2506.9309198668852 3.585708487409353e-10
2519.4999037843572 3.555426511971663e-10
2532.0642862545083 3.520680987861101e-10
2544.6325769440136 3.4874608191099807e-10
2557.2083101172434 3.460759471132827e-10
2569.773177867188 3.4137042154292696e-10
2582.350840133167 3.3959498992796856e-10
2594.931452747545 3.370156009944176e-10
2607.483654023889 3.3468308859176346e-10
2620.034645845524 3.320361407037462e-10
2632.602895325774 3.280155099865287e-10
2645.173520726607 3.2557011367633466e-10
2657.7309849057497 3.228345883101429e-10
2670.2896099091117 3.2004346225010096e-10
2682.8810325445506 3.183950118350554e-10
2695.4617368341897 3.1441683860794795e-10
2708.0031799897556 3.1248753673379854e-10
2720.565218595558 3.08431997615369e-10
2733.131372915196 3.0668050836831326e-10
2745.702996964866 3.05050599152065e-10
2758.2707458588043 3.0209304376393233e-10
2770.819134298115 2.9882976337979475e-10
2783.3972824385996 2.9596866126540636e-10
2795.9689028789426 2.935600630667004e-10
2808.5357668183647 2.915513511252573e-10
2821.109558969739 2.900259553701646e-10
2833.6756670949317 2.8719011982386506e-10
2846.236354374275 2.8398435595053873e-10
2858.7956023284805 2.816597167964209e-10
2871.373843645575 2.799687842904358e-10
2883.9542435385997 2.773310561627947e-10
2896.5073357066653 2.7452597593267917e-10
2909.064697944346 2.723717896970801e-10
2921.6386383037607 2.7124924127859173e-10
2934.2207288040536 2.687634799763393e-10
2946.785817897925 2.659045186473717e-10
2959.3399304871987 2.638084721017328e-10
2971.912289205688 2.6201079269491216e-10
2984.467221526231 2.598924267891311e-10
2997.004940759961 2.5738471749839084e-10
3009.571504102366 2.561842323136816e-10
3022.151983789153 2.5373466092128423e-10
3034.723269970325 2.5145782744751396e-10
3047.297141938262 2.508151419996689e-10
3059.876071431785 2.4824615834737136e-10
3072.4603538277847 2.4560683031503477e-10
3085.021437558777 2.4413398705660875e-10
3097.567926165961 2.4261048557708627e-10
3110.1461395593033 2.40599137447545e-10
3122.7146498544685 2.388407547127311e-10
3135.258242106283 2.367019123000934e-10
3147.827394808766 2.355149684401945e-10
3160.407090461749 2.3325814172613777e-10
3172.9707868690766 2.3167859480509696e-10
3185.520028526012 2.3063364179916562e-10
3198.0928727893424 2.2900563324569247e-10
3210.6842732749587 2.2678528165931827e-10
3223.2395367271 2.2526774573005386e-10
3235.794336704777 2.2182255937269868e-10
3248.365417080095 2.2032856058846766e-10
3260.9281598919265 2.175931726759273e-10
3273.4964936633683 2.1528111108020194e-10
3286.060276536927 2.1240445058793858e-10
3298.616161266459 2.1029247286689558e-10
3311.184497268826 2.0817830268640245e-10
3323.756551966342 2.048987729584e-10
3336.336479870556 2.034466837477489e-10
3348.899122208906 2.0097491289710128e-10
3361.4427712621427 1.985319513783513e-10
3374.0243084776253 1.962764041128436e-10
3386.614961597869 1.9415134639256168e-10
3399.161286069731 1.9211123776537058e-10
3411.7235868879698 1.8948969400586401e-10
3424.3034483758656 1.876755690365992e-10
3436.8707723403422 1.856676605909673e-10
3449.4368938720904 1.8383484687177515e-10
3461.989836872098 1.8124534100356912e-10
3474.572720638133 1.7942380949745477e-10
3487.132605150921 1.7725878376597485e-10
3499.6720155540065 1.7498830278877425e-10
3512.2465573827926 1.7315124689766558e-10
3524.8212321125143 1.7109420854140876e-10
3537.3871579181027 1.6898518138636405e-10
3549.953496774212 1.6734427505206808e-10
3562.527243212823 1.6489739885750912e-10
3575.0914952116013 1.6287948828565325e-10
3587.654584597486 1.6164859813387723e-10
3600.2154434833074 1.5983527035046245e-10
3612.781827813575 1.5770307419861021e-10
3625.3490285486687 1.5566604513370315e-10
3637.9072704701125 1.5445557444895093e-10
3650.4770058173217 1.5241710378787668e-10
3663.0473724016215 1.5038779900104862e-10
3675.6208179613177 1.4905072644872543e-10
3688.192852242158 1.4718665061574886e-10
3700.753843005957 1.4566151479730305e-10
3713.3214918772574 1.4379063832528303e-10
3725.887196175251 1.4250072125794433e-10
3738.4440983479294 1.404381765588035e-10
3751.01562714596 1.3955457754201053e-10
3763.589990131671 1.3704260097411568e-10
3776.1556262750005 1.357227601733251e-10
3788.704890031491 1.3428928012438957e-10
3801.2759377020548 1.3258105671962062e-10
3813.856674457176 1.3151769048901168e-10
3826.404431717056 1.2990253798743054e-10
3838.9644689081933 1.2826298917511524e-10
3851.5402114943627 1.2657353968739098e-10
3864.129820703727 1.2571504722000515e-10
3876.6814230240834 1.2431689468035442e-10
3889.216572251871 1.2314917902820172e-10
3901.793722804894 1.2146006982989908e-10
3914.376239464567 1.2002675320765904e-10
3926.9501841476354 1.1901218520418134e-10
3939.5106562038677 1.176329641464469e-10
3952.0827549930923 1.1595028767123885e-10
3964.665206729851 1.1504427383674462e-10
3977.223438611205 1.1373308278928257e-10
3989.77585737685 1.1230252465694713e-10
4002.346082688935 1.1141771441600136e-10
4014.9052449751175 1.1013423780266962e-10
4027.454437240129 1.0874563657444867e-10
4040.0221607705075 1.0802624702398988e-10
4052.6081056616154 1.0671073766351002e-10
4065.174716554539 1.051829459619594e-10
4077.7220075380296 1.0468846449420067e-10
4090.2897990210045 1.0349892504788114e-10
4102.873672523346 1.0211145703394964e-10
4115.447644068687 1.0108934809153713e-10
4128.008926808099 1.0035239168719394e-10
4140.585568421014 9.905446693656597e-11
4153.169437051885 9.792435531414384e-11
4165.7084861356325 9.670880728596851e-11
4178.245182757475 9.585315743823056e-11
4190.83460355679 9.500345553012659e-11
4203.406089276481 9.421737861168217e-11
4215.945466732011 9.301567494279425e-11
4228.511593513914 9.196442127445736e-11
4241.075779699396 9.105178362123729e-11
4253.641501584356 9.007487700985698e-11
4266.213404082922 8.93647612700203e-11
4278.80023846219 8.818998469194658e-11
4291.378797171947 8.746036343681996e-11
4303.915793648461 8.651629207191824e-11
4316.480666938705 8.526065507296038e-11
4329.0609618407825 8.479079798495955e-11
4341.634336575266 8.380707073267936e-11
4354.1982598609875 8.32089394900971e-11
4366.753480533253 8.186619121809045e-11
4379.309052921207 8.141289798973256e-11
4391.876283675791 8.016693995235505e-11
4404.434457339896 8.007161921067506e-11
4416.997001697698 7.894609843229802e-11
4429.587449292497 7.774578476603908e-11
4442.151636687612 7.667072645679201e-11
4454.676243985359 7.522250656273615e-11
4467.255845270075 7.477728501826849e-11
4479.857579406586 7.42194211209209e-11
4492.401684454411 7.255905036572373e-11
4504.962144407179 7.184364056375316e-11
4517.519866020666 7.047696330098537e-11
4530.075533354579 7.019374642779555e-11
4542.607822888877 6.864829671056835e-11
4555.179456440053 6.736794088828752e-11
4567.796610844847 6.633716969030382e-11
4580.340024503759 6.493049906882886e-11
4592.907148036287 6.452387494598776e-11
4605.5074570415345 6.326505018810559e-11
4618.066519715287 6.259935010692097e-11
4630.613480983532 6.160270383274967e-11
4643.169806111599 6.054280369303092e-11
4655.751697596686 5.995726192727325e-11
4668.310875988916 5.929694337739234e-11
4680.838737422434 5.851063127437285e-11
4693.414201365949 5.800616554333359e-11
4706.00658319843 5.678019578151005e-11
4718.579788898698 5.587565768198931e-11
4731.107753982313 5.548048835824225e-11
4743.651571426618 5.45649968515516e-11
4756.281806400869 5.3973733430601416e-11
4768.8561851736695 5.319374925496696e-11
4781.385164866603 5.32786926678717e-11
4793.976276771282 5.1970807596373844e-11
4806.60709685494 5.1343726574331306e-11
4819.146147308175 5.06782120708458e-11
4831.661602769961 5.065684987923947e-11
4844.287713525819 4.946023559311032e-11
4856.860115107403 4.9004370018017914e-11
4869.355537556236 4.870366111763511e-11
4881.940425155443 4.804849530289918e-11
4894.597962536947 4.7564590120763356e-11
4907.138236911917 4.7101777164321376e-11
4919.600076288736 4.629196998956033e-11
4932.218469809502 4.5720316706614476e-11
4944.82861457926 4.511300563920898e-11
4957.32710337937 4.5477934814025375e-11
4969.868632558521 4.431523455195882e-11
4982.485662226759 4.4008065752710433e-11
4995.110752516738 4.3453321919177204e-11
5007.607580415343 4.328320556893482e-11
5020.100906721772 4.269597327483795e-11
5032.7763067142305 4.221632241677073e-11
5045.393898578724 4.169433066800255e-11
5057.824235954896 4.1973569056656945e-11
5070.38990195461 4.1269231780264394e-11
5083.106030184286 4.101427893978605e-11
5095.667197680153 4.0660334261647914e-11
5108.055452463852 4.022522901062374e-11
5120.671439914533 4.007381491706052e-11
5133.447634936116 3.9297236115691164e-11
5145.895026810738 3.9838807539802795e-11
5158.225050612828 3.951068963750874e-11
5170.950992243762 3.909011831287438e-11
5183.700390094106 3.841369092100781e-11
5196.118642963538 3.853132955140579e-11
5208.594319785778 3.8234641179249506e-11
5221.348995023269 3.732985962736862e-11
5233.865668366422 3.776008842009947e-11
5246.0170900391195 3.7400394009265085e-11
5258.795061897153 3.7167200876637746e-11
5271.821151415859 3.7290024054959704e-11
5284.059572485597 3.687700936095539e-11
5296.079024382073 3.608004169092146e-11
5309.081924588615 3.6401247420807607e-11
5322.360565152118 3.6338318445805307e-11
5334.3902949176845 3.5115630511409436e-11
5346.18180201052 3.592057930311696e-11
5359.463528890979 3.6068588947770295e-11
5372.933862046458 3.5651723406105976e-11
5384.39671293968 3.5333194348045256e-11
5395.929354426923 3.6104820903233725e-11
5409.783878738566 3.631560833144666e-11
5423.640526297938 3.5476521910148875e-11
5434.195806773828 3.6295729173684486e-11
5445.572893198797 3.484855271322826e-11
5459.895693738758 3.49610947646378e-11
5474.130575610971 3.315783963981459e-11
5484.976407817416 3.2102505355345776e-11
5495.74663674392 3.304569234844981e-11
5510.086276689806 3.2896331237551123e-11
5524.398688742834 4.069770799311037e-11
5535.785576374822 4.422443149710965e-11
5545.663964936542 3.1561825844485715e-11
5559.3116234423605 2.102314262942398e-11
5571.991646927519 4.2519939372561265e-11
