0.01783209187197498 8550.328616701621
0.030213835030786854 6601.6940086307995
0.04297487357678398 4532.748212735919
0.05577583798436801 4233.317331005127
0.0688286341250052 3908.8668245349045
0.08110696464570466 2616.1475034501163
0.09370674553631728 2324.0646211221115
0.10636019509318746 1689.1830483482022
0.11912643058557913 1698.4693926027971
0.131766935434526 1413.4915580399356
0.14419796924510297 1278.8871343414216
0.1568458002803927 1034.0397575342317
0.1697202486941206 939.1531296957455
0.18227245710657042 853.3137067413528
0.19477416222977464 858.0094610286704
0.20733408359476607 666.7805066188351
0.2199199214475006 628.8445504244058
0.23253646283801246 561.5729574089374
0.24518505143883984 521.8274656455277
0.2578378507460663 467.3963958479766
0.27039766737784643 427.49267730249875
0.2829104411759595 401.1894107594652
0.29557053798041766 358.55044407480773
0.3081399642793115 349.81372935088564
0.3207216073146945 317.8752140928515
0.33341168081967737 300.857999602527
0.34607587720379646 283.4004244842084
0.358612857624402 268.38194034762245
0.3711536269502727 253.6843638815187
0.38366727025123937 236.42735206499526
0.39630714272578665 220.76091732334265
0.40893995931531113 212.65563206124799
0.4215634989091964 196.853588647488
0.4341807950257196 189.48081171383032
0.44676205768023824 177.5344299054604
0.4593692028514949 166.04330189656378
0.4718965482805605 159.65740381678168
0.4844735038218228 153.59716097504554
0.4970859006058821 143.85554613341193
0.5096361353798274 138.72881810075998
0.5222277017157803 132.70301061161152
0.5348355227589726 124.66196459646275
0.5474920039788599 121.59371768231556
0.5601365361534065 115.01050701409746
0.572727023948588 111.11490093329365
0.5852520646971211 106.1202742425579
0.5977898476833481 100.14694471226521
0.6103996074847226 97.2041541689905
0.6230020924267444 91.9984840136555
0.6356030860286768 89.30088592522947
0.6482301980282433 85.13233741169
0.6608495463994313 81.98981287318428
0.6734744173918963 77.99557189392658
0.6860022567240279 75.96116787636024
0.6985809637891242 72.60570105054063
0.7111908491771013 69.79191516191865
0.7237149565943709 67.31278018908564
0.7363081577644056 64.63722031417419
0.7489074805118817 62.08425154900979
0.7615319556341377 59.57832032264699
0.7741323050847885 57.280466206413486
0.7866754473434109 55.423703933515995
0.7993235825500529 53.74047985249988
0.8119084864763882 51.320370054961636
0.824500300865095 49.1561679562695
0.83710304767894 48.10163372601567
0.8496433960979549 46.17600669311657
0.8622716392224956 44.028403238541806
0.874881414055138 42.52276830283141
0.8874320306379374 40.9678719865928
0.8999827699152751 39.96348941809828
0.9125618598383707 38.08110769477359
0.9252292314560226 37.03925532743544
0.9378544149867077 35.8196975145076
0.9504457821018734 34.08458336647499
0.9630431388995843 33.2356249412702
0.975598864604334 32.02088688771531
0.9881575396632185 30.82030294799705
1.0007426245804978 30.027003330474574
1.0132961828208285 28.90410964543523
1.025872310735659 27.75492865385681
1.038536031126183 26.762777273693317
1.051151951320783 25.853683371349828
1.0637085884787114 24.914465173936414
1.0762949902025567 24.154502260638978
1.0889194251788525 23.400991799811802
1.1015128135865664 22.466550047991415
1.114037212359872 21.677927880832197
1.12664385725821 21.0205187879448
1.1392985127936872 20.338213220331163
1.1518802725229706 19.628103986565797
1.1644525285109704 19.018779081856042
1.1770445539533485 18.37828333700977
1.1896240437944685 17.83929098302433
1.2022063409730035 17.058441805552434
1.2147708906645436 16.608456037661863
1.2273521312637639 15.938772992342049
1.2399769911738823 15.57566698266685
1.2525667220095886 14.960777878159442
1.2651332198084118 14.419877233932224
1.2777516590554687 14.036618492402154
1.2903456750126312 13.534040531467884
1.3029343638221387 13.129544431088092
1.3155376929046874 12.714778338597371
1.3281174714819122 12.310118987482353
1.3407038618127054 11.910947517782235
1.353303995632359 11.514314175876763
1.365880197900979 11.215796775541074
1.3784547377610976 10.811237534597444
1.3910282284727469 10.366420061645414
1.403617608863431 10.091647586372321
1.4162307266845764 9.886201804780887
1.4288327238231253 9.580693103267258
1.4414357605605013 9.280547027895937
1.4540420662985767 8.985998037886768
1.4666290001310227 8.671627326764483
1.4792232339276041 8.445188166752
1.491797940567086 8.258703018305223
1.5043420725912162 7.985585754141098
1.5169427293249684 7.756428746992499
1.5295424653470104 7.586734148872779
1.5421299704605764 7.3797338646349075
1.5547395520031253 7.136691394912025
1.567349608720157 7.015801326477681
1.5799699879730096 6.797875158623467
1.5925093854124373 6.621919263578802
1.6050513674379778 6.447296620845723
1.6176486600174402 6.2946425982059795
1.6302445001949588 6.0412087218579105
1.6428527694112156 5.858067692333593
1.6554322216394555 5.623416884681146
1.6680440255859066 5.403998120340689
1.6806789206890405 5.191420157546795
1.693233131593896 5.0086697664367215
1.705784597519533 4.824873765147858
1.718389630973245 4.6709087468030415
1.7309874185440728 4.510692954135086
1.7435623448937603 4.351905940041053
1.7561426634640425 4.176758272996248
1.7687458921757848 4.049734818657667
1.7813334782050256 3.915390445099249
1.7938985526958302 3.7735410323303182
1.8064980806819668 3.650820006702215
1.8190945363690463 3.5197145545921167
1.8316935397102825 3.4096852073757886
1.8442938066535368 3.2864760361312686
1.8568876791935827 3.1893910600280027
1.8694996979257987 3.065371532979897
1.8820874678435286 2.96627585344818
1.8946480071290825 2.882444380911878
1.9072244238241214 2.7924597258670634
1.9197955083167018 2.7185860756485267
1.93240771903925 2.61896270853037
1.9450267994293537 2.5393054987022565
1.95759012949869 2.454936142314254
1.9701677233625328 2.3926423547308393
1.9827403283412761 2.2857393595048685
1.995331474359645 2.225071932935134
2.007947834664368 2.172092105501872
2.0205022754362623 2.095411391758015
2.03309137522965 2.0485307303624976
2.0457223504519133 1.9850062737997554
2.058276346288359 1.9276358498922477
2.0708699090952396 1.8810226369029959
2.083519949911566 1.820394350977903
2.0960971256413994 1.7612328576819658
2.1086272060888316 1.7168822759079019
2.121187091512542 1.6502665952993942
2.1338231323869583 1.613665463757891
2.146410287377117 1.5626895824882112
2.1589635630855564 1.525796144527321
2.171572232546302 1.483054351655285
2.1842062325035725 1.436250380797878
2.1967582541876385 1.414642371524808
2.2093298486834057 1.35432839050617
2.2219259092398023 1.3226191571681316
2.234489591332642 1.2768438987824762
2.247040534594879 1.2263859509465946
2.259624100314433 1.175286095508401
2.2722295314965812 1.1161609985198202
2.2848348222229204 1.0771344207284141
2.2974000386779894 1.028499716512761
2.309967779970973 0.9896268209835176
2.3225784835721295 0.9562155570435685
2.3351595212304104 0.9166986234704106
2.347693564989994 0.8872854484418146
2.360343316487153 0.8547204230402343
2.3730332994737604 0.8296527834694403
2.385567863558972 0.8057070352463149
2.3980601433668536 0.7724349758525554
2.4107789685310994 0.7582129511597617
2.423453109943766 0.7339063922530282
2.435831195209714 0.7155384459455826
2.448470944043579 0.6817567914085483
2.4612848053934475 0.668878064442364
2.473794880423965 0.6646465270062178
2.486110768659124 0.6399686007626054
2.498755511659801 0.6302856599529476
2.511584783245323 0.6086301420858207
2.524093324138881 0.6109474753570815
2.5365627011107446 0.5842984095547119
2.549307751622638 0.5486883899601566
2.5619784398313006 0.5661635895220086
2.5742127557983308 0.5382359941226476
2.586731940134874 0.5159362217085467
2.5998869040801664 0.5252142668596164
2.612601991730701 0.5185074145776034
2.624168567409607 0.5241840877510412
2.6366174310925 0.4822006829074258
2.6502878476251492 0.4881135032132946
2.6633415931334103 0.47915972448685556
2.6741769121319554 0.4979312402911469
2.686549260713728 0.45359347132124034
2.7007770451010296 0.4919634308020828
2.714588441641005 0.45873787159947765
2.7248746414473306 0.49616437820564957
2.7364378284531004 0.4785929598057649
2.750681750700178 0.4145566243652587
2.7647976990557943 0.5397472762767082
2.776632163410757 0.34648389527433665
2.785694055607789 0.3815455449078552
