0.017832091871975046 8479.659558279194
0.030213835030786965 6515.56148509529
0.042974873576784145 4393.793425742386
0.05577583798436822 3995.989801080884
0.06882863412500546 3599.9564678180204
0.08110696464570497 2348.981046975422
0.09370674553631762 2024.633699145125
0.10636019509318785 1424.3380818752933
0.11912643058557958 1400.5032257261175
0.1317669354345265 1148.1609974937105
0.1441979692451035 1020.6781563911477
0.15684580028039327 808.7203348605925
0.16972024869412125 718.0563435344327
0.1822724571065711 645.6256463958385
0.19477416222977537 642.2069494829758
0.20733408359476685 494.0951499363805
0.21991992144750142 459.0080858058303
0.23253646283801332 403.95651400331917
0.24518505143884076 370.814232347042
0.25783785074606724 330.4926648296905
0.2703976673778475 297.89825395229775
0.28291044117596054 276.7903053499112
0.29557053798041877 245.2710434249179
0.3081399642793126 236.16581210499805
0.32072160731469573 212.78885371865695
0.3334116808196786 200.0692988761727
0.34607587720379773 186.579938390675
0.3586128576244033 175.31112531985133
0.3711536269502741 164.33359914910216
0.3836672702512408 151.79622426409804
0.3963071427257881 140.64203449060028
0.4089399593153127 134.49142208732528
0.421563498909198 123.50529548568268
0.4341807950257212 117.66832250289363
0.4467620576802399 109.61995089268996
0.45936920285149657 101.74153785000634
0.4718965482805622 96.99769357439715
0.48447350382182464 92.70310255984892
0.4970859006058839 86.23744840682157
0.5096361353798293 82.48964786636633
0.5222277017157821 78.340602459822
0.5348355227589746 72.90683987101485
0.5474920039788619 70.94922420493697
0.5601365361534086 66.49684507471899
0.5727270239485901 63.837768149159025
0.5852520646971233 60.521205536884615
0.5977898476833503 56.79225924258471
0.6103996074847249 54.64622587827995
0.6230020924267468 51.45263935398401
0.6356030860286791 49.637479341536576
0.6482301980282457 47.081895804809164
0.6608495463994337 44.94176186690696
0.6734744173918988 42.603655675092796
0.6860022567240305 41.150810300656545
0.6985809637891268 39.15544174419046
0.711190849177104 37.404933023536586
0.7237149565943737 35.9444095615762
0.7363081577644083 34.30205974920472
0.7489074805118845 32.76350870368111
0.7615319556341406 31.239597464277313
0.7741323050847914 29.904652942109745
0.7866754473434138 28.6284035446596
0.7993235825500559 27.746172700960095
0.8119084864763912 26.458151061985692
0.8245003008650981 25.077499788450154
0.8371030476789431 24.391110677040317
0.8496433960979581 23.29750634944598
0.8622716392224988 22.182587610077775
0.8748814140551413 21.253310514361477
0.8874320306379406 20.36498018149926
0.8999827699152785 19.800287168278324
0.9125618598383741 18.70557026655451
0.9252292314560261 18.164082781722428
0.9378544149867112 17.449589363835955
0.9504457821018769 16.59719241304778
0.9630431388995879 16.06321203162932
0.9755988646043376 15.418798823399008
0.9881575396632222 14.778488232430993
1.0007426245805016 14.317032350293454
1.0132961828208322 13.723455257769235
1.0258723107356629 13.132548890624363
1.038536031126187 12.625738575186029
1.051151951320787 12.160675200221181
1.0637085884787152 11.654884254978942
1.0762949902025607 11.252701322780325
1.0889194251788568 10.877262187170533
1.1015128135865704 10.389526741225026
1.1140372123598763 10.001769720888381
1.1266438572582143 9.659615420976264
1.1392985127936914 9.28373151705145
1.1518802725229749 8.95178367985517
1.1644525285109746 8.614401642183012
1.177044553953353 8.291458618327786
1.189624043794473 8.020585370715796
1.202206340973008 7.686317034872665
1.214770890664548 7.445432418980969
1.2273521312637683 7.108904085556458
1.239976991173887 6.940310266868701
1.2525667220095933 6.61965788062424
1.2651332198084164 6.387553187786127
1.2777516590554734 6.156109596206071
1.2903456750126359 5.966587845263003
1.3029343638221436 5.73429219717721
1.3155376929046922 5.526129390420296
1.328117471481917 5.35466676727131
1.3407038618127105 5.135159131903898
1.353303995632364 4.970903968029922
1.365880197900984 4.815263746085259
1.3784547377611027 4.634451800383158
1.391028228472752 4.434426919029096
1.403617608863436 4.309981067761858
1.4162307266845815 4.194660287425805
1.4288327238231306 4.064613548783003
1.4414357605605066 3.9218021411515918
1.454042066298582 3.781851607109778
1.4666290001310283 3.638851188889185
1.4792232339276097 3.53740234467628
1.4917979405670916 3.4527879834609405
1.5043420725912218 3.322827472485173
1.5169427293249742 3.215887061456605
1.5295424653470162 3.1310544667874582
1.5421299704605822 3.041430219449516
1.554739552003131 2.9467756332063013
1.567349608720163 2.8780964822188153
1.5799699879730156 2.790818238060207
1.592509385412443 2.7146157494255325
1.6050513674379838 2.6389771784648555
1.6176486600174462 2.5706513283603125
1.6302445001949648 2.4563443790518535
1.6428527694112218 2.3669962254366577
1.6554322216394617 2.270737483851519
1.6680440255859128 2.1811391484789895
1.6806789206890467 2.096365391981008
1.6932331315939024 2.018150041195291
1.7057845975195391 1.9325922850115442
1.7183896309732511 1.8729807400946237
1.7309874185440792 1.7993613505791102
1.743562344893767 1.733569642643906
1.7561426634640491 1.66905910459236
1.7687458921757915 1.6068966360037467
1.781333478205032 1.5532392185899493
1.7938985526958369 1.4956385930674607
1.8064980806819735 1.448395747670451
1.8190945363690532 1.3948740086444966
1.8316935397102894 1.3462934664277832
1.8442938066535437 1.2937958023746312
1.8568876791935895 1.2569077146299885
1.8694996979258056 1.2055961379504507
1.8820874678435358 1.165345906343444
1.8946480071290897 1.1328982334092454
1.9072244238241285 1.0928644677917587
1.9197955083167089 1.0601634615580182
1.932407719039257 1.0170673559881374
1.9450267994293609 0.9907045655913732
1.9575901294986973 0.9565730814093285
1.97016772336254 0.9285989440899505
1.9827403283412834 0.8943299552053279
1.9953314743596526 0.8683113219823291
2.0079478346643755 0.8398451923849586
2.0205022754362694 0.8113484907368554
2.0330913752296578 0.7915109378973575
2.045722350451921 0.7669439591013114
2.0582763462883666 0.746291443362683
2.070869909095247 0.7256399288389331
2.0835199499115737 0.7056115230778859
2.0960971256414074 0.6820438018201619
2.108627206088839 0.6630862289163922
2.12118709151255 0.6391083498253438
2.1338231323869663 0.6236114433351002
2.146410287377125 0.6015738995541658
2.1589635630855644 0.5857837933473565
2.1715722325463105 0.5706491853752019
2.1842062325035805 0.5548470670723373
2.1967582541876465 0.5377323897234624
2.209329848683414 0.5163093113833389
2.2219259092398103 0.5041284736584954
2.23448959133265 0.48621879759584724
2.247040534594887 0.4661300880384377
2.2596241003144413 0.4427231333306813
2.2722295314965897 0.42319316124157974
2.284834822222929 0.4110530569136153
2.297400038677998 0.3906030660596807
2.309967779970982 0.3763637848717944
2.3225784835721384 0.35770151684910706
2.3351595212304193 0.3458008309377632
2.347693564990003 0.33133822597147483
2.3603433164871617 0.31636235133263274
2.373033299473769 0.31129070691335636
2.3855678635589808 0.30057487639196795
2.3980601433668625 0.2885255066533956
2.4107789685311083 0.28287984239084046
2.423453109943775 0.27818150320498564
2.435831195209723 0.2659049190817013
2.448470944043588 0.26059522333354534
2.4612848053934564 0.250595511244727
2.473794880423974 0.25155285387710874
2.4861107686591333 0.2387348072577921
2.4987555116598097 0.23588981017381672
2.511584783245332 0.226687672534932
2.5240933241388905 0.22182444666729742
2.536562701110754 0.22435957796448133
2.5493077516226474 0.20311098717691056
2.5619784398313104 0.21031042236561495
2.5742127557983405 0.2006097430593801
2.5867319401348836 0.19642677158588842
2.599886904080176 0.19641870678625678
2.6126019917307106 0.1968678298875534
2.6241685674096167 0.19700753999750356
2.6366174310925103 0.1867120427987544
2.6502878476251595 0.1865480566795716
2.66334159313342 0.1736853264252569
2.6741769121319656 0.19175782357290175
2.6865492607137376 0.180312161674278
2.7007770451010398 0.19619079425086514
2.7145884416410153 0.17382565936065694
2.724874641447341 0.19214715593014753
2.7364378284531106 0.17236383287978208
2.7506817507001884 0.1387284118303279
2.764797699055805 0.18069035535931594
2.7766321634107674 0.1641728395209588
2.7856940556077996 0.07436402440783864
