0.01783209187197507 8514.99743569864
0.030213835030787006 6622.932067759475
0.0429748735767842 4575.2918557726025
0.0557758379843683 4276.393914026027
0.06882863412500556 3942.8679331373473
0.08110696464570508 2650.962519890269
0.09370674553631775 2349.4903517356684
0.106360195093188 1707.538165758223
0.11912643058557974 1703.6585245116025
0.1317669354345267 1414.0133173360794
0.14419796924510372 1279.2252262433399
0.1568458002803935 1026.5617180770603
0.16972024869412147 923.1732954649345
0.18227245710657136 828.5144786763167
0.19477416222977564 829.5671883372797
0.20733408359476713 641.3219011367011
0.21991992144750172 598.5468723178301
0.23253646283801363 532.3722206314557
0.2451850514388411 487.3208166621618
0.2578378507460676 434.5170024537221
0.2703976673778478 393.7483118053851
0.2829104411759609 364.72445480634786
0.29557053798041916 323.61252778666864
0.30813996427931306 312.4955987851097
0.3207216073146962 283.0889131484025
0.33341168081967903 266.6144592349294
0.34607587720379823 246.68715056772876
0.3586128576244038 232.56517290828623
0.3711536269502746 217.98239764295812
0.3836672702512413 201.25595580345572
0.39630714272578865 186.5595604919732
0.40893995931531324 178.7341725500408
0.4215634989091986 163.55482765831158
0.4341807950257218 156.85249322128416
0.4467620576802405 144.918651424203
0.45936920285149724 135.2957303905428
0.4718965482805629 128.66206119070873
0.4844735038218253 122.46493990655703
0.4970859006058846 114.3896109019648
0.5096361353798301 109.03599732365349
0.5222277017157829 103.69062245298485
0.5348355227589754 97.22903959015811
0.5474920039788627 93.04713052295551
0.5601365361534094 87.46243195565006
0.5727270239485909 84.08806866057068
0.5852520646971241 79.73787004727154
0.5977898476833511 74.91756879688279
0.6103996074847257 71.81896527987794
0.6230020924267476 67.51364324784598
0.63560308602868 65.07294370753392
0.6482301980282466 61.7363976997186
0.6608495463994346 58.56778778546654
0.6734744173918997 55.78425563675767
0.6860022567240314 53.76548115650699
0.6985809637891277 51.08422402691401
0.711190849177105 48.87246658065343
0.7237149565943747 46.60365102531198
0.7363081577644094 44.60086984767395
0.7489074805118855 42.27112267815457
0.7615319556341416 40.3441141958487
0.7741323050847925 38.69759447481069
0.7866754473434149 37.053602295567536
0.7993235825500569 35.708411092182395
0.8119084864763924 33.81894168134386
0.8245003008650992 32.11021398854572
0.8371030476789442 31.215691301733255
0.8496433960979592 29.84475610986247
0.8622716392224999 28.34474659752945
0.8748814140551424 27.03820329400037
0.8874320306379418 25.92451261026685
0.8999827699152797 25.22126210295142
0.9125618598383753 23.776702790824796
0.9252292314560273 23.062773567641386
0.9378544149867125 22.067971735600175
0.9504457821018781 20.91796090537471
0.9630431388995893 20.233433983408414
0.975598864604339 19.394188304093174
0.9881575396632235 18.580497762093497
1.000742624580503 18.01161049036916
1.0132961828208336 17.206189827289666
1.0258723107356642 16.420304965620996
1.0385360311261884 15.761197649592573
1.0511519513207883 15.187513470845756
1.0637085884787167 14.500613951336506
1.0762949902025623 14.089967637458342
1.088919425178858 13.496995101724414
1.101512813586572 12.915838452108762
1.1140372123598778 12.44064892113332
1.1266438572582158 11.943108663111826
1.139298512793693 11.493299178008936
1.1518802725229764 11.079158307351593
1.1644525285109764 10.629733957539374
1.1770445539533545 10.1891679182312
1.1896240437944745 9.886523355108155
1.2022063409730095 9.48148358797937
1.2147708906645498 9.160401193214026
1.22735213126377 8.738330595957393
1.2399769911738885 8.496733743244405
1.252566722009595 8.117884027502164
1.2651332198084182 7.82220916108116
1.2777516590554752 7.573012440506906
1.2903456750126376 7.280575792499972
1.3029343638221453 7.024117142620384
1.315537692904694 6.776474494090572
1.328117471481919 6.536293015927595
1.3407038618127123 6.297262431019238
1.353303995632366 6.079923537682239
1.3658801979009858 5.895887478084714
1.3784547377611047 5.6554709875433495
1.391028228472754 5.450951879924427
1.403617608863438 5.256274833446501
1.4162307266845835 5.122988263755106
1.4288327238231324 4.958361213136544
1.4414357605605086 4.775933102130092
1.454042066298584 4.606354636938457
1.4666290001310303 4.445811935761225
1.4792232339276117 4.3212428051107
1.4917979405670936 4.214196195498477
1.5043420725912238 4.066338220776884
1.5169427293249762 3.935651488077625
1.5295424653470182 3.823635966660628
1.5421299704605842 3.7241318120070894
1.5547395520031333 3.593598805044009
1.567349608720165 3.5223212392557537
1.5799699879730176 3.4074919063195948
1.5925093854124452 3.309631943925851
1.605051367437986 3.229484799493244
1.6176486600174484 3.1368494282495925
1.630244500194967 2.98609381533729
1.642852769411224 2.863964053833545
1.655432221639464 2.742047395169631
1.668044025585915 2.6216917412033873
1.6806789206890491 2.520617693196143
1.6932331315939047 2.4135457770069446
1.7057845975195416 2.301799345774556
1.7183896309732536 2.234455473227473
1.7309874185440814 2.1453889374643924
1.7435623448937692 2.0612703158687995
1.7561426634640516 1.9788998594648148
1.768745892175794 1.9167401153631585
1.7813334782050347 1.8410486861891686
1.7938985526958393 1.770508858283592
1.806498080681976 1.7111359695805237
1.8190945363690556 1.6581242812236148
1.831693539710292 1.5967720609259177
1.8442938066535461 1.5383270454625906
1.8568876791935922 1.48816689255706
1.8694996979258083 1.4290888084995794
1.8820874678435384 1.3820362981449954
1.894648007129092 1.3424637007870492
1.9072244238241312 1.2963320087918664
1.9197955083167115 1.2602395380763907
1.9324077190392597 1.2139013644541583
1.9450267994293635 1.1738384250289757
1.9575901294987 1.1349753108188856
1.970167723362543 1.100244023133518
1.982740328341286 1.0650400373669129
1.9953314743596553 1.030779885638645
2.007947834664378 1.0047255108106201
2.0205022754362725 0.9747494743107273
2.0330913752296604 0.9513713485278
2.0457223504519235 0.9192728600527276
2.0582763462883693 0.8899417099714444
2.07086990909525 0.8722460448262167
2.083519949911577 0.8433907399590999
2.09609712564141 0.8164465764304673
2.1086272060888422 0.7970771353009092
2.121187091512553 0.7654255714193443
2.133823132386969 0.7543491589543274
2.1464102873771282 0.7264953410736026
2.1589635630855675 0.7077049536432715
2.171572232546313 0.6896726412912139
2.1842062325035836 0.663018086272591
2.1967582541876496 0.6521101182815041
2.209329848683417 0.6232036919778244
2.2219259092398134 0.6102754807595941
2.234489591332653 0.5839714966242733
2.2470405345948903 0.5631026720186045
2.2596241003144444 0.539930718371703
2.272229531496593 0.5090643554739482
2.284834822222932 0.4892303478990303
2.297400038678001 0.4681252129087902
2.309967779970985 0.4502430350191638
2.3225784835721415 0.43343939612945587
2.3351595212304224 0.4151520055248726
2.347693564990006 0.4000676650214641
2.3603433164871648 0.38521233961052487
2.3730332994737724 0.3804530152469343
2.385567863558984 0.3653372590461971
2.3980601433668656 0.3508895311008258
2.4107789685311114 0.3423423614825548
2.4234531099437784 0.33703576699465354
2.4358311952097265 0.3272055911125669
2.4484709440435912 0.3172271137661276
2.46128480539346 0.3070082949767582
2.4737948804239775 0.30302712844292223
2.486110768659137 0.2906533556213579
2.4987555116598132 0.2940399806190408
2.5115847832453357 0.2812327550717223
2.524093324138894 0.2772313287323221
2.5365627011107574 0.2741506073811563
2.549307751622651 0.25728495930498385
2.561978439831314 0.2630700936274369
2.574212755798344 0.26184838977349806
2.586731940134887 0.2519813353761221
2.5998869040801798 0.254000217227521
2.612601991730714 0.24739898707747074
2.6241685674096202 0.24890010741791835
2.636617431092514 0.2425195263537562
2.650287847625163 0.2387012416843981
2.6633415931334237 0.23177378053420739
2.674176912131969 0.23499189618711327
2.6865492607137416 0.22565465874541552
2.7007770451010433 0.2371796963779277
2.714588441641019 0.2334137332911061
2.7248746414473444 0.23905325133215946
2.7364378284531146 0.22750826632438248
2.7506817507001924 0.20986655501300303
2.7647976990558085 0.23437419773641122
2.7766321634107713 0.24179144676266387
2.785694055607803 0.09013369530281337
