0.017832091871975025 8330.677320866725
0.03021383503078693 6479.394328109233
0.042974873576784096 4476.752431789525
0.05577583798436816 4183.749398036192
0.06882863412500538 3855.2735977741013
0.08110696464570487 2591.0047189690476
0.09370674553631753 2293.7580355274354
0.10636019509318774 1666.0973679805202
0.11912643058557944 1661.0191957266688
0.13176693543452636 1376.954641583585
0.14419796924510336 1243.4680343141843
0.1568458002803931 996.1238840202541
0.16972024869412106 893.5411372519673
0.1822724571065709 800.7288327770148
0.19477416222977517 800.3201403116752
0.20733408359476663 617.1365048777673
0.21991992144750117 574.2576137697329
0.23253646283801305 509.5845181539491
0.24518505143884048 465.03619892386325
0.25783785074606697 413.6854569374861
0.27039766737784715 373.44498163418353
0.2829104411759602 344.88786958246885
0.29557053798041844 304.8376602727147
0.3081399642793123 293.2887346473352
0.32072160731469535 264.9253924946313
0.3334116808196782 248.5610913904191
0.34607587720379734 228.89600861314196
0.3586128576244029 215.00206637731574
0.3711536269502737 200.85316735350435
0.38366727025124037 184.676502111862
0.3963071427257877 170.57922391661617
0.40893995931531224 162.56174844792582
0.42156349890919753 148.1892471870452
0.4341807950257207 141.52127156513413
0.4467620576802394 130.20548661520883
0.4593692028514961 121.04977490538603
0.4718965482805617 114.57728258585811
0.4844735038218241 108.67367433886893
0.49708590060588337 101.02797872415651
0.5096361353798288 95.90809078904095
0.5222277017157816 90.79883506334009
0.5348355227589741 84.74471728124246
0.5474920039788613 80.84388702670401
0.560136536153408 75.59224744355949
0.5727270239485894 72.41486417869967
0.5852520646971227 68.38431069183126
0.5977898476833496 63.96520074833573
0.6103996074847242 61.06979032307105
0.6230020924267461 57.22683181059938
0.6356030860286784 54.92106495441648
0.648230198028245 51.96752260336214
0.660849546399433 49.044230899979006
0.6734744173918981 46.50591440182676
0.6860022567240297 44.7022676686944
0.698580963789126 42.299873220075526
0.7111908491771032 40.261735141627746
0.7237149565943728 38.25537028123895
0.7363081577644075 36.562680414796716
0.7489074805118836 34.484463061706265
0.7615319556341397 32.819780867274794
0.7741323050847905 31.36849725402798
0.7866754473434129 29.916351023791552
0.799323582550055 28.789196219620273
0.8119084864763904 27.179273532236053
0.8245003008650972 25.71313772316051
0.8371030476789422 24.90655041485018
0.8496433960979571 23.748317829331857
0.8622716392224978 22.519690121189893
0.8748814140551403 21.387143227456907
0.8874320306379397 20.461705975749876
0.8999827699152775 19.85729128389059
0.9125618598383731 18.667429684180355
0.925229231456025 18.07449704536334
0.9378544149867102 17.245773742623662
0.9504457821018758 16.317169863679606
0.9630431388995868 15.739026120847063
0.9755988646043365 15.04801680747666
0.9881575396632211 14.399010030250185
1.0007426245805005 13.910379540925932
1.0132961828208311 13.288229292026791
1.0258723107356618 12.626247527035316
1.0385360311261858 12.12110488796282
1.0511519513207856 11.65416410032688
1.063708588478714 11.099513847615027
1.0762949902025596 10.775960725917113
1.0889194251788554 10.308251181799678
1.1015128135865693 9.862009558876892
1.114037212359875 9.483349530070567
1.126643857258213 9.06213604764145
1.13929851279369 8.716240248648825
1.1518802725229735 8.389250808581158
1.1644525285109735 8.043252598325262
1.1770445539533516 7.682212376764588
1.1896240437944716 7.445608268156779
1.2022063409730066 7.128958698763712
1.2147708906645467 6.877334681610438
1.227352131263767 6.5626820459671285
1.2399769911738854 6.359299372209244
1.252566722009592 6.075696442191531
1.265133219808415 5.847492324161634
1.277751659055472 5.6461490776431935
1.2903456750126345 5.428844816687827
1.302934363822142 5.224902740825567
1.3155376929046907 5.030482984372907
1.3281174714819157 4.852156539768708
1.340703861812709 4.661335212161442
1.3533039956323625 4.498237750990917
1.3658801979009825 4.349773327495299
1.3784547377611012 4.172700075289524
1.3910282284727504 4.013378086238922
1.4036176088634345 3.860360030726013
1.41623072668458 3.760708048241705
1.4288327238231289 3.6379485167389505
1.441435760560505 3.495003502158196
1.4540420662985805 3.361434498651183
1.4666290001310265 3.2466337678416073
1.4792232339276081 3.148659914739931
1.4917979405670898 3.06509512755326
1.5043420725912202 2.95581826961423
1.5169427293249724 2.858306292555292
1.5295424653470144 2.7685871994688425
1.5421299704605804 2.6927762979870384
1.5547395520031293 2.5962826556886025
1.5673496087201613 2.5409239876098435
1.5799699879730138 2.458363659684114
1.5925093854124415 2.384334010903903
1.605051367437982 2.325230823220195
1.6176486600174445 2.2526237384590115
1.630244500194963 2.138783460670292
1.64285276941122 2.0418283992369335
1.6554322216394597 1.9528016031836817
1.6680440255859108 1.8649730467048318
1.680678920689045 1.7888885390314964
1.6932331315939004 1.7111748738947006
1.7057845975195374 1.6303386165029878
1.7183896309732494 1.5783512929764965
1.7309874185440772 1.5145337329580442
1.743562344893765 1.449890172541234
1.7561426634640471 1.3931063299212325
1.7687458921757895 1.347336472750462
1.7813334782050303 1.2920779971390948
1.7938985526958349 1.2419858963218937
1.8064980806819715 1.1999636950891002
1.8190945363690512 1.161582787488378
1.8316935397102874 1.117833470975277
1.8442938066535417 1.0757520104438298
1.8568876791935875 1.0396514462487987
1.8694996979258036 0.9967715757657309
1.8820874678435338 0.9651750554238995
1.8946480071290874 0.9366798384063215
1.9072244238241265 0.9036211068626819
1.9197955083167066 0.8769535467633157
1.932407719039255 0.8428768728816556
1.9450267994293589 0.8173429148742495
1.957590129498695 0.7887752212577182
1.970167723362538 0.7644716722197616
1.9827403283412812 0.7382226946685515
1.9953314743596504 0.7161084426818545
2.0079478346643733 0.6975926425359982
2.020502275436267 0.6756536436720361
2.0330913752296556 0.6607238737536189
2.0457223504519186 0.6369081652381012
2.0582763462883644 0.6154180493803767
2.070869909095245 0.6037493371938408
2.0835199499115715 0.582797038529412
2.096097125641405 0.5645357552010705
2.108627206088837 0.5508409530425489
2.1211870915125477 0.528853794568326
2.1338231323869636 0.5208878785020984
2.146410287377123 0.5011868042998888
2.158963563085562 0.4884603289152887
2.171572232546308 0.474574775331721
2.1842062325035783 0.4565048376461519
2.1967582541876443 0.4473151104939256
2.209329848683412 0.42979950455560073
2.221925909239808 0.41868874489049984
2.2344895913326477 0.3975386005911057
2.247040534594885 0.38520595819519116
2.2596241003144386 0.3702493393966963
2.272229531496587 0.3467595501301464
2.2848348222229267 0.3315896339888089
2.297400038677995 0.3179555299861266
2.3099677799709792 0.30484636163555967
2.3225784835721357 0.2932827393971477
2.3351595212304166 0.28068772157837857
2.34769356499 0.27185100955209957
2.360343316487159 0.2610441001119437
2.3730332994737666 0.2581805213556681
2.385567863558978 0.24851519941484543
2.39806014336686 0.23814496164149573
2.4107789685311056 0.2316093686660938
2.423453109943772 0.227449200840064
2.4358311952097202 0.2224990774810417
2.448470944043585 0.21664292147024916
2.4612848053934537 0.2083455591302024
2.4737948804239713 0.20555355160996552
2.4861107686591306 0.19864996173609245
2.498755511659807 0.19919550874525493
2.5115847832453295 0.19256773398188384
2.524093324138888 0.18728223825725324
2.536562701110751 0.18766577490787983
2.549307751622645 0.1745392031992931
2.5619784398313072 0.17877188143590814
2.5742127557983374 0.1793057688250083
2.5867319401348805 0.17523225870301543
2.599886904080173 0.17706970458676982
2.6126019917307075 0.16964966691402697
2.6241685674096136 0.17114111242167035
2.6366174310925072 0.1694054140631135
2.6502878476251563 0.16344804677197447
2.663341593133417 0.1580971366584375
2.6741769121319625 0.16241580996135427
2.686549260713735 0.15521544720341746
2.7007770451010367 0.16385536314744473
2.714588441641012 0.16529798372835042
2.7248746414473377 0.1675341026517211
2.736437828453108 0.15682447552973838
2.7506817507001853 0.156518272899644
2.764797699055802 0.1678153641116444
2.7766321634107642 0.17878312877189959
2.7856940556077965 0.03435803710360073
