0.017832091871975098 8398.657987264645
0.030213835030787055 6526.76831343693
0.04297487357678427 4495.753772967997
0.055775837984368394 4198.8107310431005
0.06882863412500567 3880.647618940446
0.08110696464570522 2604.6365812686495
0.09370674553631791 2318.737317455154
0.10636019509318817 1682.576626277657
0.11912643058557994 1689.5208797240061
0.1317669354345269 1407.3971954373903
0.14419796924510395 1275.7494745244442
0.15684580028039374 1032.5169113585232
0.16972024869412175 935.7610283847872
0.18227245710657164 849.4574466635087
0.19477416222977598 854.1877335304414
0.2073340835947675 664.5197031227581
0.21991992144750208 626.6247640034139
0.23253646283801402 558.2608370047823
0.2451850514388415 518.2348415907495
0.257837850746068 463.7841504988913
0.27039766737784826 424.0927031165557
0.28291044117596137 397.8150379788487
0.29557053798041966 354.6540036971536
0.30813996427931356 345.51039967979557
0.3207216073146967 313.4957749168293
0.3334116808196796 296.00810699451057
0.3460758772037988 278.54522175622265
0.35861285762440437 263.20978376183325
0.3711536269502752 248.47626481342738
0.383667270251242 231.17000333827752
0.3963071427257893 215.50798961623462
0.4089399593153139 206.8409778866525
0.42156349890919925 191.35056346642938
0.43418079502572254 183.65245882807992
0.4467620576802413 171.76819728172435
0.45936920285149796 160.20521296106406
0.47189654828056365 153.7352551948774
0.4844735038218261 147.8014038901881
0.4970859006058854 137.91131997043178
0.5096361353798309 132.72838160206254
0.5222277017157837 126.69163210142344
0.5348355227589763 118.68817094183555
0.5474920039788636 115.66576286650597
0.5601365361534103 109.07095136039857
0.5727270239485918 105.20587694725965
0.5852520646971251 100.26249808446318
0.5977898476833521 94.39630205638584
0.6103996074847267 91.44978123990022
0.6230020924267486 86.42557566044479
0.6356030860286811 83.68145865747346
0.6482301980282477 79.73946175511134
0.6608495463994357 76.57646190829178
0.6734744173919008 72.65749369146701
0.6860022567240325 70.701359306039
0.6985809637891289 67.39581405336114
0.7111908491771061 64.56915461568438
0.7237149565943758 62.18033836233722
0.7363081577644106 59.73298022258438
0.7489074805118867 57.23003136594276
0.7615319556341429 54.89000858696618
0.7741323050847937 52.63966376984574
0.7866754473434162 50.802531419494244
0.7993235825500582 49.28848589048051
0.8119084864763937 46.979130592522075
0.8245003008651005 44.95572853988364
0.8371030476789456 43.89861324719828
0.8496433960979607 42.09492888751685
0.8622716392225014 40.11311005536328
0.8748814140551439 38.69639136045063
0.8874320306379434 37.22680558371868
0.8999827699152813 36.26351310941284
0.9125618598383769 34.532723242127496
0.9252292314560289 33.56808358766287
0.9378544149867141 32.43934000276173
0.9504457821018798 30.847607732440547
0.9630431388995908 30.02103867505082
0.9755988646043405 28.91285164133977
0.9881575396632252 27.81550166041597
1.0007426245805047 27.052469027736596
1.0132961828208351 26.06484744878099
1.025872310735666 24.959788203565505
1.0385360311261902 24.11612160169174
1.05115195132079 23.258229095122505
1.0637085884787185 22.389047457776876
1.076294990202564 21.69372720058879
1.0889194251788599 21.01866405082609
1.1015128135865737 20.190804609456766
1.1140372123598796 19.478459187332426
1.1266438572582176 18.84744770900277
1.1392985127936948 18.228041716702197
1.1518802725229784 17.580652589891645
1.1644525285109781 17.056126644369428
1.1770445539533565 16.463313698242313
1.1896240437944765 15.956615397977115
1.2022063409730115 15.225594908939252
1.2147708906645518 14.819871230718418
1.227352131263772 14.246933058837278
1.2399769911738905 13.886733508068904
1.252566722009597 13.361236950687566
1.2651332198084204 12.865755456495853
1.2777516590554772 12.50864865234935
1.2903456750126399 12.057791722520864
1.3029343638221476 11.687970313768613
1.3155376929046962 11.321561353020213
1.328117471481921 10.960465817419976
1.3407038618127145 10.604566269315995
1.3533039956323683 10.249239804827516
1.365880197900988 9.965310919882636
1.378454737761107 9.614202593907141
1.3910282284727562 9.19656860027959
1.4036176088634402 8.941493662261582
1.416230726684586 8.757585351144552
1.4288327238231349 8.492998470099893
1.441435760560511 8.21798526468817
1.4540420662985865 7.943583254210273
1.4666290001310327 7.67081171115131
1.4792232339276141 7.474262735592429
1.491797940567096 7.293230207167392
1.5043420725912264 7.047111629984296
1.5169427293249786 6.8440136875626765
1.5295424653470209 6.689426535796222
1.5421299704605869 6.503761869373156
1.5547395520031357 6.283733193496606
1.5673496087201677 6.174115258857356
1.5799699879730202 5.98393676527837
1.592509385412448 5.830009198582276
1.6050513674379887 5.670369383921122
1.6176486600174511 5.528370911253673
1.6302445001949697 5.307869596175028
1.6428527694112267 5.135757459300411
1.6554322216394666 4.936158198467844
1.668044025585918 4.740363239536154
1.6806789206890518 4.547245028951279
1.6932331315939075 4.385754974489194
1.7057845975195445 4.225211681509744
1.7183896309732565 4.084395080106322
1.7309874185440843 3.9420101267057914
1.743562344893772 3.797008737365276
1.7561426634640545 3.65037251967588
1.7687458921757968 3.533789734865193
1.7813334782050376 3.418867137454622
1.7938985526958424 3.2900481603500267
1.806498080681979 3.1824563930716567
1.8190945363690587 3.0674973128325123
1.831693539710295 2.970801508070658
1.8442938066535493 2.8620248758421223
1.856887679193595 2.773931209699498
1.8694996979258114 2.6616459069042344
1.8820874678435415 2.5783382824947036
1.8946480071290952 2.5020997036434545
1.9072244238241343 2.4205484515864413
1.9197955083167146 2.3555618161215826
1.932407719039263 2.2674158078631375
1.9450267994293668 2.1967978524302567
1.9575901294987033 2.1241409181545237
1.970167723362546 2.0720268756694824
1.9827403283412894 1.9714245422614367
1.9953314743596586 1.9214099743612074
2.0079478346643818 1.878746375503507
2.0205022754362756 1.8089295467224358
2.033091375229664 1.765580919801264
2.045722350451927 1.707740105901394
2.058276346288373 1.660860272674401
2.0708699090952534 1.6158563513675892
2.08351994991158 1.5634567444798526
2.0960971256414136 1.5118546878327848
2.108627206088846 1.476154395328209
2.1211870915125566 1.4155985409156093
2.1338231323869725 1.3833067007778532
2.146410287377132 1.339019933241321
2.158963563085571 1.3080721335308354
2.1715722325463167 1.2659608999915737
2.184206232503587 1.2304615535759988
2.196758254187653 1.2075739183926795
2.2093298486834207 1.1571682820831761
2.221925909239817 1.1292438304923462
2.234489591332657 1.088654932829022
2.2470405345948943 1.0444437901062495
2.2596241003144484 1.0003258542874174
2.2722295314965963 0.9516135611814376
2.284834822222936 0.9162959606468409
2.297400038678005 0.8725390663379161
2.309967779970989 0.8383551383389981
2.322578483572145 0.8090072326747964
2.3351595212304264 0.7772212962251388
2.34769356499001 0.7499152278163776
2.3603433164871688 0.7223980559111916
2.3730332994737764 0.702235867352619
2.385567863558988 0.6800943255754018
2.3980601433668696 0.6517047816802399
2.4107789685311154 0.6395374500860085
2.4234531099437824 0.6150970502863201
2.4358311952097305 0.6020137726791047
2.448470944043595 0.572137502202624
2.461284805393464 0.5651890085157173
2.4737948804239815 0.558868521895588
2.486110768659141 0.537868616294207
2.4987555116598177 0.5290723591760643
2.5115847832453397 0.5123087608301988
2.524093324138898 0.5117485018087403
2.5365627011107614 0.4907593090152442
2.5493077516226554 0.45786167300611397
2.561978439831318 0.47310913006507754
2.574212755798348 0.4536084073501641
2.586731940134891 0.43366828383193806
2.5998869040801837 0.4367588298985201
2.6126019917307186 0.43032311705564447
2.6241685674096247 0.43917309597800747
2.6366174310925183 0.40825832011297336
2.6502878476251674 0.4023051659962188
2.663341593133428 0.40236988007886576
2.6741769121319736 0.42043922459326166
2.686549260713746 0.38041097628985004
2.7007770451010478 0.4206918970958262
2.7145884416410233 0.3915640558556168
2.724874641447349 0.4230572961645454
2.736437828453119 0.40793949228708115
2.750681750700197 0.3588623228976995
2.764797699055813 0.4526674140869567
2.776632163410776 0.328666963504738
2.785694055607808 0.2756992227992191
