0.01783209187197505 8453.20281764961
0.03021383503078697 6525.060586785237
0.04297487357678415 4476.616530713672
0.055775837984368234 4180.246399823955
0.06882863412500548 3862.160371388089
0.08110696464570498 2583.851073801461
0.09370674553631765 2298.064498789632
0.10636019509318788 1669.8319239566913
0.1191264305855796 1682.641551685906
0.13176693543452653 1402.0832844961112
0.14419796924510356 1269.5271197908412
0.15684580028039333 1029.253629273391
0.1697202486941213 937.157894444844
0.18227245710657114 854.5648334459519
0.19477416222977542 860.731428916922
0.2073340835947669 670.3779218120821
0.21991992144750147 634.1105804411677
0.23253646283801338 566.8429663626886
0.2451850514388408 528.885404677037
0.2578378507460673 474.426481179479
0.27039766737784754 435.2279237048533
0.2829104411759606 409.78499189070254
0.2955705379804188 366.9734943987837
0.30813996427931273 358.87217666182477
0.3207216073146958 326.4252792425309
0.3334116808196787 309.34485191245216
0.34607587720379784 292.72118908468343
0.3586128576244034 277.43842088912356
0.3711536269502742 262.8298713082644
0.3836672702512409 245.44988620825333
0.3963071427257882 229.6843228626625
0.4089399593153128 221.33800583337086
0.4215634989091981 205.5602925118648
0.4341807950257213 197.90798739744739
0.44676205768024 186.15402244331713
0.45936920285149674 174.15959211044375
0.4718965482805624 167.78517966401745
0.48447350382182475 161.94697158353785
0.49708590060588403 151.64017744929185
0.5096361353798295 146.661597443208
0.5222277017157823 140.39927676859625
0.5348355227589748 131.9650554584076
0.5474920039788621 129.2852142822387
0.5601365361534087 122.42653619656433
0.5727270239485902 118.40754382435041
0.5852520646971234 113.27781814344388
0.5977898476833504 106.98245257523563
0.610399607484725 104.14964318174246
0.623002092426747 98.67354933819368
0.6356030860286793 95.91565452198701
0.6482301980282459 91.54217100928037
0.6608495463994339 88.41845602981824
0.6734744173918991 84.11786566996767
0.6860022567240306 82.03967532107711
0.6985809637891269 78.55907645461009
0.7111908491771041 75.53856951301458
0.7237149565943738 73.04522763940989
0.7363081577644085 70.21730227366209
0.7489074805118847 67.61469526393128
0.7615319556341408 64.98038626590984
0.7741323050847916 62.452328278381536
0.786675447343414 60.58963732606544
0.7993235825500561 58.79386565213431
0.8119084864763915 56.25367631197058
0.8245003008650983 53.98704897265421
0.8371030476789433 52.862850699996116
0.8496433960979584 50.78087822139788
0.862271639222499 48.472492867683044
0.8748814140551415 46.90638437004512
0.887432030637941 45.28161780817242
0.8999827699152788 44.158318971207315
0.9125618598383743 42.20431631863567
0.9252292314560263 41.080164631936405
0.9378544149867115 39.790450191310974
0.9504457821018771 37.876899984788324
0.9630431388995881 36.98958870149031
0.9755988646043379 35.70514103584988
0.9881575396632225 34.36826906994144
1.0007426245805018 33.526032716070404
1.0132961828208324 32.31373522702202
1.025872310735663 31.045249145029324
1.0385360311261873 29.979556881376446
1.0511519513207872 28.98478832806946
1.0637085884787156 27.985709112174952
1.076294990202561 27.096335826076995
1.088919425178857 26.324548829732272
1.1015128135865706 25.316119513144745
1.1140372123598765 24.41392590397193
1.1266438572582145 23.723002062829895
1.1392985127936917 22.967302253898215
1.151880272522975 22.172197492867593
1.164452528510975 21.529398350310466
1.1770445539533532 20.833973654275965
1.1896240437944732 20.21299230483163
1.2022063409730082 19.294527562311682
1.2147708906645485 18.829036653644113
1.2273521312637687 18.108270367236347
1.2399769911738872 17.684641443268635
1.2525667220095937 17.022070177646913
1.2651332198084169 16.411379811340066
1.2777516590554738 15.984497544082826
1.2903456750126363 15.401322388940429
1.3029343638221438 14.969553024456607
1.3155376929046927 14.525950438462072
1.3281174714819175 14.051296915614763
1.3407038618127107 13.603732723554693
1.3533039956323645 13.152112540117084
1.3658801979009842 12.819523467112955
1.3784547377611032 12.368310053762823
1.3910282284727524 11.847045100763362
1.4036176088634365 11.542925814150992
1.416230726684582 11.330486473609662
1.4288327238231309 10.977699608657158
1.441435760560507 10.641660704159332
1.4540420662985825 10.310009265656213
1.4666290001310285 9.960430144962816
1.4792232339276101 9.701939382970194
1.491797940567092 9.471465012897497
1.5043420725912222 9.182828151437384
1.5169427293249744 8.911795627673383
1.5295424653470167 8.736305437326832
1.5421299704605824 8.483431604504611
1.5547395520031315 8.207232738397757
1.5673496087201635 8.059889581919498
1.579969987973016 7.822790922095564
1.5925093854124435 7.625661447571828
1.6050513674379843 7.420192404139855
1.6176486600174467 7.243041359510479
1.6302445001949653 6.962560778320504
1.6428527694112223 6.756653634191732
1.6554322216394621 6.4971742456856
1.6680440255859132 6.246822940619467
1.6806789206890473 5.996683726320574
1.6932331315939029 5.787291071651926
1.7057845975195398 5.589576035406516
1.7183896309732518 5.404291056218694
1.7309874185440797 5.227916588158326
1.7435623448937674 5.04475300425413
1.7561426634640496 4.838317195252537
1.768745892175792 4.694780409563521
1.7813334782050327 4.539209170537931
1.7938985526958373 4.37711815132306
1.8064980806819741 4.233439053114771
1.8190945363690536 4.08006983899392
1.8316935397102898 3.9561490277753477
1.8442938066535441 3.81449159932393
1.85688767919359 3.6971268495989458
1.8694996979258063 3.5504728143865663
1.8820874678435362 3.43890409675995
1.89464800712909 3.3369015871280876
1.9072244238241292 3.2371189477385167
1.9197955083167093 3.150456886563892
1.9324077190392577 3.0336816707425496
1.9450267994293615 2.938420545728112
1.9575901294986977 2.8433311185740457
1.9701677233625408 2.7685729551800753
1.9827403283412839 2.641620389902918
1.995331474359653 2.576938856910026
2.007947834664376 2.5183306062064448
2.0205022754362703 2.4221268538826806
2.033091375229658 2.3697011042940725
2.0457223504519213 2.2971227398261282
2.058276346288367 2.2269231065300277
2.0708699090952476 2.170169705072215
2.083519949911574 2.0985136554125297
2.096097125641408 2.0342678386418243
2.10862720608884 1.9813153416577196
2.121187091512551 1.9050380285467656
2.1338231323869667 1.8629792531327503
2.146410287377126 1.806345361550265
2.1589635630855653 1.7593581305472388
2.171572232546311 1.7085422509894597
2.184206232503581 1.655742059052789
2.1967582541876474 1.63285027513858
2.2093298486834145 1.5652466174201036
2.221925909239811 1.5275542755608345
2.234489591332651 1.4775005947763917
2.247040534594888 1.4126604126751816
2.259624100314442 1.3571143582631426
2.27222953149659 1.2921562996859146
2.2848348222229298 1.248458094524387
2.2974000386779987 1.1914596421787518
2.3099677799709823 1.1378419020467523
2.322578483572139 1.1047297217201855
2.3351595212304197 1.0603458153102523
2.3476935649900033 1.0306649243766686
2.360343316487162 0.9892293609051348
2.3730332994737697 0.9579672535118544
2.385567863558981 0.9314507947410735
2.398060143366863 0.8889024734225238
2.4107789685311087 0.8773775956584328
2.4234531099437757 0.8379529268269351
2.435831195209724 0.8226388075027689
2.4484709440435886 0.782976575027427
2.4612848053934573 0.773900861384836
2.473794880423975 0.7631291242544026
2.486110768659134 0.7377415546865341
2.4987555116598106 0.7273394245333572
2.511584783245333 0.6988030232978449
2.5240933241388914 0.6978123454662818
2.5365627011107548 0.6682146901869591
2.5493077516226483 0.6323777580500443
2.561978439831311 0.6480147012474697
2.574212755798341 0.6273270358001258
2.586731940134884 0.5934062301822549
2.5998869040801766 0.6002583504915323
2.6126019917307115 0.5949816224856312
2.624168567409617 0.5975851860494941
2.636617431092511 0.5514008580443686
2.65028784762516 0.5565654837540988
2.663341593133421 0.5486621474758065
2.674176912131966 0.5616149448260138
2.6865492607137385 0.5173845925611787
2.70077704510104 0.5452666416084927
2.7145884416410158 0.5299357088520745
2.7248746414473413 0.5703668393378017
2.7364378284531115 0.5539685125855066
2.7506817507001893 0.4934532670751442
2.7647976990558054 0.5594020682180778
2.7766321634107682 0.3982850765799797
2.7856940556078005 0.4734750768804949
