17.799282449393914 3.734926943662205e-09
30.158244330131165 1.291636254364666e-09
42.895803729136745 1.2393952218841422e-09
55.673215529785544 9.636436288412387e-10
68.70199571606824 8.764576153476576e-10
80.95773522851493 8.170700286509578e-10
93.53433367151361 9.430223765850367e-10
106.16450203531906 8.979973336720241e-10
118.90724881881184 9.60629424159742e-10
131.52449629177588 9.33226251142758e-10
143.93265813397477 9.217100344106062e-10
156.55721831376698 9.24720908257393e-10
169.40797891669084 9.122919053723099e-10
181.93709241054745 9.694542161241646e-10
194.4157955366043 9.468849847839532e-10
206.95260779187333 9.399809123417622e-10
219.51528885091187 9.221661336623323e-10
232.10861695601872 9.47425837945296e-10
244.73393330749713 9.057372429229625e-10
257.36345261805883 9.277207979848292e-10
269.9001603328162 9.00266734781384e-10
282.38991176842956 9.073752247394223e-10
295.0267151494937 9.1725042562456e-10
307.5730148504538 9.23503921599246e-10
320.13150881022216 9.26011418876741e-10
332.7982337374162 8.874234871869366e-10
345.43912915528864 8.850608342203716e-10
357.953042675417 9.20922573521059e-10
370.4707381295705 9.380447922495254e-10
382.96135746823154 9.004304577302882e-10
395.57797373030724 9.202400807872777e-10
408.187547089545 9.184686766413161e-10
420.7878605219693 9.069881753271295e-10
433.38194196446045 9.008175911264037e-10
445.9400562432305 9.051763910186528e-10
458.52400541726854 9.196544870842162e-10
471.0283016733626 9.311535802715802e-10
483.5821167635719 8.956059014919739e-10
496.171307887924 8.89768347659244e-10
508.698451374591 8.888764791700776e-10
521.2668503769611 8.909632417764006e-10
533.8514741793923 8.932357360366914e-10
546.4846686282312 8.761283383626473e-10
559.1059360168833 8.940608399777463e-10
571.6732584628988 8.741673909309346e-10
584.1752542788624 8.758391691098251e-10
596.6899688879647 8.690007816481011e-10
609.2765278814396 8.835014585605086e-10
621.8558254006396 8.784146035248002e-10
634.4336343236798 8.674054531638396e-10
647.0375135888847 8.781968626229403e-10
659.6336435100793 8.699782511605472e-10
672.2352858914314 8.552792754747101e-10
684.740075141855 8.68371775212316e-10
697.2956385332541 8.588421247085129e-10
709.8823228822637 8.513114144211283e-10
722.3833870842083 8.574482068237654e-10
734.9534179127147 8.522951477380224e-10
747.5295590555185 8.501787156163394e-10
760.1308062950267 8.549593329352778e-10
772.7079722519649 8.603436596786173e-10
785.2280362728902 8.418556748855299e-10
797.8529000643871 8.521445427478346e-10
810.4146489153659 8.374359459342047e-10
822.9832955140956 8.359385181888944e-10
835.5628544232984 8.273949171356715e-10
848.0801297450264 8.253988978895688e-10
860.6851380540387 8.325905259718161e-10
873.2717120511254 8.203265602952955e-10
885.7992366441529 8.274490684299962e-10
898.3268837059721 8.218790937403815e-10
910.8828292509468 8.217796303056898e-10
923.5268940602119 8.104763881951365e-10
936.1288484047424 8.116148435787091e-10
948.6970485528734 8.063522816126273e-10
961.2712273630802 8.102988185183704e-10
973.8038516777397 7.996858169849502e-10
986.3394199199914 7.851264393490053e-10
998.9013494289073 7.972361306126561e-10
1011.4318102670845 7.913241201189767e-10
1023.9847992536193 7.910043242439802e-10
1036.6252195536815 7.811483752880927e-10
1049.2179276058203 7.838975705867097e-10
1061.7514616966675 7.85794986191232e-10
1074.3147055893455 7.712436694515194e-10
1086.9159127567586 7.750160916071657e-10
1099.4861304784438 7.720825627673505e-10
1111.987485500356 7.614996680051274e-10
1124.5709353219318 7.622018947695353e-10
1137.2023074454535 7.620252921511115e-10
1149.7609178844161 7.460794098993963e-10
1162.3100420681121 7.537934744554971e-10
1174.878899332194 7.453628934312581e-10
1187.4352440593802 7.445624774805378e-10
1199.9943909587366 7.426690994677305e-10
1212.5358230248557 7.408687271228288e-10
1225.0939152889073 7.300742303823677e-10
1237.6955466083032 7.291111101679493e-10
1250.26211348758 7.233009894223615e-10
1262.8054900766424 7.243966752944945e-10
1275.4007125464113 7.13330931387101e-10
1287.9715566629116 7.18460751861744e-10
1300.5370834332227 7.13399343465533e-10
1313.117223539808 7.104932343118778e-10
1325.6738564718512 7.076342970091903e-10
1338.237088992439 6.991590419207972e-10
1350.8140397151215 6.994666176706033e-10
1363.3671029186414 6.94728997459213e-10
1375.91850677234 6.881195259139659e-10
1388.4688634079066 6.842093102851037e-10
1401.035080486948 6.814451283314791e-10
1413.6249913217437 6.799917552144853e-10
1426.2038019349848 6.750320913665163e-10
1438.7836502342857 6.728839191872808e-10
1451.366761519623 6.703271496138635e-10
1463.9305365418704 6.671385341821634e-10
1476.501598096985 6.583665038309783e-10
1489.0531684231878 6.507892302430623e-10
1501.5742203885427 6.555869231274836e-10
1514.1516930632097 6.460982632604425e-10
1526.7282467201917 6.434626665915792e-10
1539.2925919724537 6.405231493385165e-10
1551.8789730350832 6.344122660792778e-10
1564.4658283979177 6.328024832207947e-10
1577.0629873040484 6.285078585622041e-10
1589.5793133959048 6.238996152725626e-10
1602.0982193184714 6.191304898440066e-10
1614.6728123454727 6.163664678607645e-10
1627.2458976747735 6.088957607435133e-10
1639.8305997922077 6.088760630588153e-10
1652.3905272785582 6.034113272607354e-10
1664.9794140160814 6.035362185769254e-10
1677.591861842156 5.947478080606999e-10
1690.1269279406094 5.958737418027519e-10
1702.65657351253 5.910374833734192e-10
1715.2396527804024 5.866555511964444e-10
1727.8116954124835 5.808228971153252e-10
1740.3677490975201 5.779138421767547e-10
1752.928219215054 5.739411625451955e-10
1765.5007746799474 5.676321650787238e-10
1778.0665536787742 5.669423317339601e-10
1790.6168494226258 5.625510586351426e-10
1803.1913043334196 5.571024176040574e-10
1815.7666656189663 5.522540422558065e-10
1828.3488212639732 5.509867590355915e-10
1840.9261635435234 5.466146314899924e-10
1853.4868830529429 5.435175095362851e-10
1866.064839470986 5.377574168474773e-10
1878.6531571147761 5.326971647352378e-10
1891.19496207964 5.310962929381236e-10
1903.7320037090349 5.270009441062244e-10
1916.2826511063681 5.238127873640859e-10
1928.8701890218217 5.199601971344912e-10
1941.4711267136504 5.175350062554868e-10
1954.0161536900064 5.123766082434768e-10
1966.5646650726833 5.088768735436351e-10
1979.1139383933353 5.016208908411347e-10
1991.691260384222 5.015760334898284e-10
2004.272421487675 4.951708664979912e-10
2016.8096506702714 4.915926199178209e-10
2029.3882996724874 4.885229870521467e-10
2041.985110874595 4.861225982921925e-10
2054.547960874789 4.811528392997847e-10
2067.118363792035 4.77112699910148e-10
2079.6951147851905 4.76504445722314e-10
2092.253949886611 4.700791279056508e-10
2104.8068736220575 4.670211233885762e-10
2117.361409303218 4.610240140158954e-10
2129.928666131579 4.587709864484849e-10
2142.5135548816716 4.56368435237285e-10
2155.0880976021567 4.5188597313976023e-10
2167.6496403760875 4.4889584273180585e-10
2180.216047885634 4.442545383261033e-10
2192.779331913287 4.408410096720024e-10
2205.3622641176835 4.3624287807549916e-10
2217.9260951897604 4.339181493719771e-10
2230.450856927519 4.313317224324312e-10
2243.0042552295363 4.2737315897268935e-10
2255.5851476495845 4.2419985087998994e-10
2268.1791053367665 4.1929896832484537e-10
2280.7280993008126 4.1636619114484787e-10
2293.27836064196 4.134363384708503e-10
2305.8848259833003 4.1047074923851015e-10
2318.457813502158 4.070143194632332e-10
2331.017443774537 4.034400127257737e-10
2343.586152512421 4.0073910541640794e-10
2356.1748727393183 3.96767661031831e-10
2368.7353085030545 3.9301359849082177e-10
2381.269284598534 3.9050516811209247e-10
2393.824417668802 3.8729995037399067e-10
2406.4031547082927 3.82307472848088e-10
2418.9736888834123 3.791684261419216e-10
2431.5278041496204 3.765491476002189e-10
2444.0995103422943 3.7313417500731793e-10
2456.6812332429745 3.709820044450383e-10
2469.2659731538665 3.682849007178123e-10
2481.8044943537134 3.643909015973633e-10
2494.349678289376 3.6068840823092094e-10
2506.9309198668852 3.5782817109960253e-10
2519.4999037843572 3.5554336063166057e-10
2532.0642862545083 3.5222732701634054e-10
2544.6325769440136 3.496912633106145e-10
2557.2083101172434 3.451746487093669e-10
2569.773177867188 3.440481712021266e-10
2582.350840133167 3.3978819230027573e-10
2594.931452747545 3.3641476296657257e-10
2607.483654023889 3.3309440117750953e-10
2620.034645845524 3.3195459690963596e-10
2632.602895325774 3.2853151874619737e-10
2645.173520726607 3.259202855755219e-10
2657.7309849057497 3.2300302590945133e-10
2670.2896099091117 3.205161768869121e-10
2682.8810325445506 3.17078137237634e-10
2695.4617368341897 3.1484670170674537e-10
2708.0031799897556 3.1108632729409136e-10
2720.565218595558 3.097149398578994e-10
2733.131372915196 3.072965289376777e-10
2745.702996964866 3.0416777409903204e-10
2758.2707458588043 3.014924609546001e-10
2770.819134298115 2.9889281430036347e-10
2783.3972824385996 2.9540799755487355e-10
2795.9689028789426 2.9430858746723233e-10
2808.5357668183647 2.917073087220684e-10
2821.109558969739 2.894669770486717e-10
2833.6756670949317 2.863895903287804e-10
2846.236354374275 2.849940845700171e-10
2858.7956023284805 2.818306335418322e-10
2871.373843645575 2.8018674109351767e-10
2883.9542435385997 2.778426814215917e-10
2896.5073357066653 2.7543953076045677e-10
2909.064697944346 2.7283745402448946e-10
2921.6386383037607 2.707418399905566e-10
2934.2207288040536 2.677187192352622e-10
2946.785817897925 2.65905700088659e-10
2959.3399304871987 2.6394952127120753e-10
2971.912289205688 2.6144471302516413e-10
2984.467221526231 2.5923938150622394e-10
2997.004940759961 2.5776953277427326e-10
3009.571504102366 2.558059313043292e-10
3022.151983789153 2.539628841437643e-10
3034.723269970325 2.521409548527574e-10
3047.297141938262 2.495858664605746e-10
3059.876071431785 2.4829282808957806e-10
3072.4603538277847 2.459847243873251e-10
3085.021437558777 2.440661987944425e-10
3097.567926165961 2.4207982329595867e-10
3110.1461395593033 2.4017985513028836e-10
3122.7146498544685 2.3931442864452085e-10
3135.258242106283 2.370821606122048e-10
3147.827394808766 2.354005924839954e-10
3160.407090461749 2.3333599598909273e-10
3172.9707868690766 2.3178053973319967e-10
3185.520028526012 2.3058456421702734e-10
3198.0928727893424 2.285746646144348e-10
3210.6842732749587 2.270554260366128e-10
3223.2395367271 2.2548037925511462e-10
3235.794336704777 2.2243937204496498e-10
3248.365417080095 2.2004045731733587e-10
3260.9281598919265 2.182337184901602e-10
3273.4964936633683 2.156318544773513e-10
3286.060276536927 2.1267520455867547e-10
3298.616161266459 2.1069795583937235e-10
3311.184497268826 2.0806207658795622e-10
3323.756551966342 2.0569748331866495e-10
3336.336479870556 2.0393364357887477e-10
3348.899122208906 2.0139370092857169e-10
3361.4427712621427 1.989081731617116e-10
3374.0243084776253 1.973865026864194e-10
3386.614961597869 1.9435336115224425e-10
3399.161286069731 1.9237305781237225e-10
3411.7235868879698 1.902404852494165e-10
3424.3034483758656 1.8772845031979304e-10
3436.8707723403422 1.8516029458646473e-10
3449.4368938720904 1.834012831035589e-10
3461.989836872098 1.8132738730523748e-10
3474.572720638133 1.7979254641659743e-10
3487.132605150921 1.769299404142918e-10
3499.6720155540065 1.754381356765105e-10
3512.2465573827926 1.7299070543427148e-10
3524.8212321125143 1.7111989967894894e-10
3537.3871579181027 1.6921194862977361e-10
3549.953496774212 1.6736936153464397e-10
3562.527243212823 1.6508037496996316e-10
3575.0914952116013 1.6359500432220372e-10
3587.654584597486 1.620996370057262e-10
3600.2154434833074 1.598189514431118e-10
3612.781827813575 1.5814972770635912e-10
3625.3490285486687 1.5617689139498246e-10
3637.9072704701125 1.5405676296978126e-10
3650.4770058173217 1.5237321955878143e-10
3663.0473724016215 1.5083882455276353e-10
3675.6208179613177 1.4931605807058575e-10
3688.192852242158 1.47037276857773e-10
3700.753843005957 1.4565138563591358e-10
3713.3214918772574 1.436087762429695e-10
3725.887196175251 1.4202471334676615e-10
3738.4440983479294 1.404732981697985e-10
3751.01562714596 1.3900150889243118e-10
3763.589990131671 1.375250515357744e-10
3776.1556262750005 1.3635742559646961e-10
3788.704890031491 1.3461638540284352e-10
3801.2759377020548 1.3290177771757612e-10
3813.856674457176 1.317053680155276e-10
3826.404431717056 1.297575833356666e-10
3838.9644689081933 1.2859727751449225e-10
3851.5402114943627 1.266221839237867e-10
3864.129820703727 1.2558720396136378e-10
3876.6814230240834 1.2398638160940355e-10
3889.216572251871 1.227590397035571e-10
3901.793722804894 1.2131793716560897e-10
3914.376239464567 1.1999406825213816e-10
3926.9501841476354 1.1907573211392478e-10
3939.5106562038677 1.1739444069593553e-10
3952.0827549930923 1.1625816531204361e-10
3964.665206729851 1.1490693825608846e-10
3977.223438611205 1.1316893002089996e-10
3989.77585737685 1.1250225220450028e-10
4002.346082688935 1.1140211488871728e-10
4014.9052449751175 1.1007905431112654e-10
4027.454437240129 1.0914695158968753e-10
4040.0221607705075 1.0793864859342409e-10
4052.6081056616154 1.0675405288958628e-10
4065.174716554539 1.0558047542779251e-10
4077.7220075380296 1.0420441139576438e-10
4090.2897990210045 1.0370888811833067e-10
4102.873672523346 1.0218378183997886e-10
4115.447644068687 1.0093880907345862e-10
4128.008926808099 1.0015351320894028e-10
4140.585568421014 9.958040886816572e-11
4153.169437051885 9.822235634199643e-11
4165.7084861356325 9.706850348377616e-11
4178.245182757475 9.580828494178086e-11
4190.83460355679 9.526161581474677e-11
4203.406089276481 9.421059586199352e-11
4215.945466732011 9.259026267851366e-11
4228.511593513914 9.230010632562477e-11
4241.075779699396 9.102909774849818e-11
4253.641501584356 9.030551304206152e-11
4266.213404082922 8.902541804940876e-11
4278.80023846219 8.834420431334881e-11
4291.378797171947 8.722883682800926e-11
4303.915793648461 8.645206986164864e-11
4316.480666938705 8.554185260219018e-11
4329.0609618407825 8.493393813364449e-11
4341.634336575266 8.381559068195803e-11
4354.1982598609875 8.289606578474152e-11
4366.753480533253 8.208353300613929e-11
4379.309052921207 8.117819940661601e-11
4391.876283675791 8.021977424843322e-11
4404.434457339896 7.940037641430096e-11
4416.997001697698 7.857518817605905e-11
4429.587449292497 7.788751490603123e-11
4442.151636687612 7.646412800908511e-11
4454.676243985359 7.549649605988549e-11
4467.255845270075 7.473867733015064e-11
4479.857579406586 7.369193882291274e-11
4492.401684454411 7.284469738611214e-11
4504.962144407179 7.166441113809552e-11
4517.519866020666 7.066278673269349e-11
4530.075533354579 6.993402012503275e-11
4542.607822888877 6.842528945874309e-11
4555.179456440053 6.712476759921061e-11
4567.796610844847 6.611955756190774e-11
4580.340024503759 6.500819151598229e-11
4592.907148036287 6.451402645252923e-11
4605.5074570415345 6.325218414514861e-11
4618.066519715287 6.242236497424915e-11
4630.613480983532 6.149891685686916e-11
4643.169806111599 6.069501383753634e-11
4655.751697596686 5.983061307697266e-11
4668.310875988916 5.885826530169167e-11
4680.838737422434 5.824106124779149e-11
4693.414201365949 5.7469310363546104e-11
4706.00658319843 5.6626408333630385e-11
4718.579788898698 5.586610237869078e-11
4731.107753982313 5.5118103269080816e-11
4743.651571426618 5.472829340386905e-11
4756.281806400869 5.388888577898894e-11
4768.8561851736695 5.286031252644699e-11
4781.385164866603 5.25591371185343e-11
4793.976276771282 5.230874254650433e-11
4806.60709685494 5.137174208647942e-11
4819.146147308175 5.094803956418392e-11
4831.661602769961 5.035025857749735e-11
4844.287713525819 4.9762170219003224e-11
4856.860115107403 4.855597873455105e-11
4869.355537556236 4.8423924967863274e-11
4881.940425155443 4.801934352048747e-11
4894.597962536947 4.771285557839721e-11
4907.138236911917 4.7257680787624136e-11
4919.600076288736 4.636820351159908e-11
4932.218469809502 4.573267969452965e-11
4944.82861457926 4.5284396842963854e-11
4957.32710337937 4.4674320429901945e-11
4969.868632558521 4.43880048269129e-11
4982.485662226759 4.3741589296633845e-11
4995.110752516738 4.353917042794615e-11
5007.607580415343 4.318597327599104e-11
5020.100906721772 4.261085713790526e-11
5032.7763067142305 4.219491585872665e-11
5045.393898578724 4.2083204059733775e-11
5057.824235954896 4.223364958328931e-11
5070.38990195461 4.1901946902774934e-11
5083.106030184286 4.076550760969161e-11
5095.667197680153 4.086428615257375e-11
5108.055452463852 4.060839578003853e-11
5120.671439914533 3.9691197904489966e-11
5133.447634936116 3.992550691493992e-11
5145.895026810738 3.9520548279340705e-11
5158.225050612828 3.8860886698329024e-11
5170.950992243762 3.9345430072152364e-11
5183.700390094106 3.819544800497041e-11
5196.118642963538 3.8302866675366817e-11
5208.594319785778 3.7464558670131946e-11
5221.348995023269 3.818443763322867e-11
5233.865668366422 3.799267674288218e-11
5246.0170900391195 3.7313568089743077e-11
5258.795061897153 3.741871014152075e-11
5271.821151415859 3.668193729120975e-11
5284.059572485597 3.690455840131776e-11
5296.079024382073 3.6390690487556545e-11
5309.081924588615 3.657486023019424e-11
5322.360565152118 3.6484522309633335e-11
5334.3902949176845 3.508097344561384e-11
5346.18180201052 3.6924698517688955e-11
5359.463528890979 3.45751003834073e-11
5372.933862046458 3.6625116471606175e-11
5384.39671293968 3.4310734978250016e-11
5395.929354426923 3.397112532061482e-11
5409.783878738566 3.622036741621829e-11
5423.640526297938 3.445402047969312e-11
5434.195806773828 3.477085038628256e-11
5445.572893198797 3.433959958163178e-11
5459.895693738758 3.477640904844013e-11
5474.130575610971 3.620728418663402e-11
5484.976407817416 3.1586832065631564e-11
5495.74663674392 3.6781444673928855e-11
5510.086276689806 3.2144897100473895e-11
5524.398688742834 3.4763511589293435e-11
5535.785576374822 3.472425002300797e-11
5545.663964936542 3.37818315910557e-11
5559.3116234423605 4.3367125209518796e-11
5571.991646927519 6.710313427697287e-14
