0.01783209187197508 8472.483412937825
0.030213835030787027 6577.886173127085
0.04297487357678423 4516.835942749309
0.05577583798436834 4214.926583491199
0.0688286341250056 3906.077228794276
0.08110696464570513 2618.705276981702
0.09370674553631782 2342.5121307671584
0.10636019509318807 1698.4913594052025
0.11912643058557981 1718.1860811304161
0.13176693543452678 1439.3066979600032
0.1441979692451038 1311.1306754298203
0.1568458002803936 1072.481111054221
0.16972024869412158 982.5199695777593
0.18227245710657147 903.9678371334555
0.19477416222977578 914.8215367285799
0.20733408359476727 719.3582552750905
0.21991992144750186 686.5692653343131
0.2325364628380138 614.4514317033152
0.24518505143884126 579.2379140065317
0.2578378507460678 521.5135817649327
0.27039766737784804 483.4755448927377
0.2829104411759611 458.68139770839036
0.2955705379804194 412.74443934506314
0.3081399642793133 405.8253751753392
0.3207216073146964 370.10505377301456
0.33341168081967926 351.73746241233135
0.34607587720379845 336.8316242396142
0.35861285762440404 320.35571093534617
0.3711536269502749 304.67822380533437
0.3836672702512416 285.9410599831248
0.39630714272578893 268.9524212263796
0.4089399593153135 259.1794358096321
0.42156349890919886 243.10970824368397
0.4341807950257221 233.86140034177043
0.44676205768024085 222.09345509223104
0.4593692028514975 208.17365448234966
0.4718965482805632 201.58742717255237
0.48447350382182564 196.06282340084957
0.4970859006058849 183.26072075652016
0.5096361353798304 178.3669465143178
0.5222277017157833 171.04154873001008
0.5348355227589757 161.35115204610796
0.547492003978863 159.25755751910398
0.5601365361534097 151.3674453103313
0.5727270239485912 146.9784884106866
0.5852520646971245 141.18735750995518
0.5977898476833515 133.5469121582308
0.6103996074847261 131.0574898486913
0.6230020924267481 124.28855820169537
0.6356030860286804 121.30468244835279
0.648230198028247 116.12941877728043
0.6608495463994352 112.78760669018622
0.6734744173919003 107.61217706160261
0.6860022567240319 105.11575895009771
0.6985809637891283 101.07502368917017
0.7111908491771054 97.31965577021226
0.7237149565943751 94.62715110149212
0.7363081577644098 91.29274252330724
0.748907480511886 88.17489885640263
0.7615319556341421 85.14629651584572
0.774132305084793 81.7556662711197
0.7866754473434154 79.70164796038243
0.7993235825500574 77.32860499714621
0.8119084864763929 74.24408028646435
0.8245003008650997 71.60739901499056
0.8371030476789448 70.30952721640294
0.8496433960979599 67.63881833077829
0.8622716392225006 64.82853396851715
0.8748814140551431 62.92940786192481
0.8874320306379425 61.00126070167328
0.8999827699152804 59.347859713690134
0.912561859838376 57.15352102723604
0.925229231456028 55.732281824327615
0.9378544149867132 54.0848558510682
0.9504457821018788 51.60300765931846
0.9630431388995899 50.42619494678464
0.9755988646043396 48.94203657455971
0.9881575396632243 47.117452611359866
1.0007426245805036 46.133820403975626
1.0132961828208342 44.5418371794747
1.0258723107356649 42.78829915251513
1.038536031126189 41.5043957975092
1.051151951320789 40.20874148634632
1.0637085884787174 38.894766514185015
1.076294990202563 37.58516651076619
1.088919425178859 36.64444154455605
1.1015128135865726 35.40107650712662
1.1140372123598785 34.13896687614234
1.1266438572582165 33.25912618925347
1.1392985127936937 32.16262035231062
1.1518802725229773 31.081631462214418
1.164452528510977 30.30194299029448
1.1770445539533554 29.353479011472704
1.1896240437944754 28.524339199454282
1.2022063409730104 27.119396197175263
1.2147708906645507 26.58349886692575
1.227352131263771 25.6630046852721
1.2399769911738894 25.02784801314038
1.252566722009596 24.12272922152706
1.265133219808419 23.341596388708453
1.277751659055476 22.75898238285959
1.2903456750126385 21.845998597512118
1.3029343638221462 21.332691901199492
1.315537692904695 20.755021739686796
1.32811747148192 20.05724920752806
1.3407038618127132 19.45261815710207
1.353303995632367 18.785091074328914
1.3658801979009867 18.33577687375677
1.3784547377611056 17.77240817240887
1.3910282284727549 17.004895459516046
1.403617608863439 16.58782918722453
1.4162307266845844 16.26625670125725
1.4288327238231335 15.750247281432397
1.4414357605605095 15.305895311067154
1.4540420662985851 14.82162996312926
1.4666290001310311 14.385632362926263
1.4792232339276128 14.0482998559672
1.4917979405670947 13.649560155977952
1.5043420725912249 13.265054666124252
1.5169427293249773 12.839255043391258
1.5295424653470193 12.634863196557479
1.5421299704605853 12.247826069863319
1.5547395520031342 11.834102965066158
1.5673496087201662 11.641389917428429
1.5799699879730187 11.3146149487934
1.5925093854124464 11.047700354311134
1.6050513674379872 10.752798684995502
1.6176486600174496 10.47387966440852
1.6302445001949681 10.115812447481229
1.6428527694112252 9.768551233362523
1.655432221639465 9.430402299616155
1.6680440255859161 9.108410855047085
1.6806789206890502 8.733916899593693
1.6932331315939058 8.432318932869727
1.7057845975195427 8.169731722447855
1.7183896309732547 7.89702103126769
1.7309874185440828 7.636696059452748
1.7435623448937705 7.359252136354503
1.7561426634640527 7.070461071871953
1.7687458921757953 6.860293811728372
1.7813334782050358 6.63691821898188
1.7938985526958406 6.418011785945033
1.8064980806819773 6.178361326225401
1.819094536369057 5.95422160703687
1.8316935397102931 5.788719865721528
1.8442938066535475 5.560482938609403
1.8568876791935933 5.395786535686028
1.8694996979258096 5.186591398993239
1.8820874678435398 5.023234573752099
1.8946480071290934 4.853904175456169
1.9072244238241325 4.71562127182367
1.9197955083167129 4.567437477932011
1.932407719039261 4.408087947805653
1.9450267994293648 4.2738535916828875
1.9575901294987013 4.1296084752147335
1.9701677233625443 4.007471033297622
1.9827403283412874 3.8474203867952834
1.9953314743596566 3.733184314411616
2.0079478346643795 3.6738802616059685
2.020502275436274 3.5057002915313795
2.0330913752296618 3.420923559630489
2.045722350451925 3.320718383852708
2.058276346288371 3.216441404239795
2.0708699090952516 3.1209875598357115
2.083519949911578 3.0375720416052583
2.096097125641412 2.927043428498672
2.1086272060888436 2.8613102022051953
2.1211870915125544 2.7561680124482506
2.1338231323869707 2.695248685372637
2.1464102873771296 2.617473520766454
2.158963563085569 2.531748255292154
2.171572232546315 2.463559511480598
2.184206232503585 2.381202619691271
2.1967582541876514 2.354336566622821
2.2093298486834185 2.2596587330545286
2.221925909239815 2.2008940612223316
2.234489591332655 2.1427787633379416
2.247040534594892 2.045516170052853
2.259624100314446 1.9617811319580085
2.272229531496594 1.8826419388074047
2.2848348222229338 1.809589787631429
2.2974000386780027 1.7240581097935808
2.309967779970987 1.6536263909272857
2.322578483572143 1.6170327899889498
2.335159521230424 1.5507208620459139
2.3476935649900077 1.5031420453094675
2.3603433164871666 1.4484886356686182
2.3730332994737737 1.4024161990054296
2.3855678635589856 1.370838614712731
2.3980601433668673 1.2911419056665192
2.410778968531113 1.2659759022694337
2.42345310994378 1.2239646076228705
2.4358311952097282 1.1970701593849604
2.448470944043593 1.1369046269312837
2.4612848053934617 1.1369105551227976
2.4737948804239793 1.0908390947502251
2.4861107686591386 1.0693229407572225
2.498755511659815 1.0527632650039942
2.5115847832453375 1.003651779753259
2.524093324138896 0.9919117196931629
2.536562701110759 0.9423345135944592
2.5493077516226528 0.9071879610949323
2.5619784398313157 0.9323082248150693
2.574212755798346 0.9170896766488845
2.586731940134889 0.8654699191829711
2.5998869040801815 0.8477877593123521
2.612601991730716 0.8194844183462011
2.624168567409622 0.8230213162894071
2.6366174310925157 0.779529614772695
2.650287847625165 0.7598540197688114
2.6633415931334254 0.7619753886114808
2.674176912131971 0.8004134808442679
2.6865492607137433 0.7356919884135027
2.700777045101045 0.7620522084344812
2.7145884416410206 0.6901761208219448
2.724874641447346 0.8184181380344314
2.7364378284531163 0.7720624506017818
2.750681750700194 0.728306700463134
2.7647976990558103 0.7186393663956672
2.776632163410773 0.62782996525846
2.7856940556078054 0.37519631188729413
