17.799282449393914 3.276351473394845e-09
30.158244330131165 1.5404131312550546e-09
42.895803729136745 9.283362943045194e-10
55.673215529785544 9.033467562431746e-10
68.70199571606824 9.921215540185408e-10
80.95773522851493 9.319339541820717e-10
93.53433367151361 9.099140163506734e-10
106.16450203531906 9.484140515167675e-10
118.90724881881184 1.0201365245740794e-09
131.52449629177588 9.340005123225981e-10
143.93265813397477 8.772978160183799e-10
156.55721831376698 9.060578099733797e-10
169.40797891669084 9.163248415206306e-10
181.93709241054745 9.376301814166187e-10
194.4157955366043 9.424253926064672e-10
206.95260779187333 9.393020305433898e-10
219.51528885091187 9.111338846360464e-10
232.10861695601872 9.052007810641262e-10
244.73393330749713 9.06487426790686e-10
257.36345261805883 9.309258091837925e-10
269.9001603328162 9.362117488723102e-10
282.38991176842956 9.100947748314097e-10
295.0267151494937 9.106565442792985e-10
307.5730148504538 9.131776118383412e-10
320.13150881022216 9.142471962125003e-10
332.7982337374162 9.262963659979066e-10
345.43912915528864 9.380177950176165e-10
357.953042675417 9.017820658873369e-10
370.4707381295705 9.224426489495712e-10
382.96135746823154 8.904103040349474e-10
395.57797373030724 9.194487765377864e-10
408.187547089545 8.945350152935451e-10
420.7878605219693 8.925388803914327e-10
433.38194196446045 9.041702831118521e-10
445.9400562432305 9.05416092567864e-10
458.52400541726854 8.917067917000485e-10
471.0283016733626 8.904364193654735e-10
483.5821167635719 8.92194318677525e-10
496.171307887924 8.943141250177545e-10
508.698451374591 8.898185745911343e-10
521.2668503769611 8.987891072188598e-10
533.8514741793923 9.02700908395264e-10
546.4846686282312 8.846660905667465e-10
559.1059360168833 8.767929092109796e-10
571.6732584628988 8.940134792663558e-10
584.1752542788624 8.805047672227086e-10
596.6899688879647 8.871392727316572e-10
609.2765278814396 8.659981666812134e-10
621.8558254006396 8.84115760547344e-10
634.4336343236798 8.755714254338936e-10
647.0375135888847 8.658515057301119e-10
659.6336435100793 8.687019665132498e-10
672.2352858914314 8.66300939143959e-10
684.740075141855 8.65172400683167e-10
697.2956385332541 8.65968456967305e-10
709.8823228822637 8.636246049231274e-10
722.3833870842083 8.626452530311452e-10
734.9534179127147 8.566966375306979e-10
747.5295590555185 8.58493456263144e-10
760.1308062950267 8.567898035304344e-10
772.7079722519649 8.495799370270761e-10
785.2280362728902 8.50964880996794e-10
797.8529000643871 8.379310713651115e-10
810.4146489153659 8.425879428937156e-10
822.9832955140956 8.519038550603372e-10
835.5628544232984 8.306484338939781e-10
848.0801297450264 8.262428029143407e-10
860.6851380540387 8.266562185965735e-10
873.2717120511254 8.260354855646503e-10
885.7992366441529 8.236968950164351e-10
898.3268837059721 8.218312620925581e-10
910.8828292509468 8.104557015253524e-10
923.5268940602119 8.19304578077591e-10
936.1288484047424 8.101538839630805e-10
948.6970485528734 8.160670479617422e-10
961.2712273630802 8.030805338128974e-10
973.8038516777397 8.060755798015587e-10
986.3394199199914 7.96902757603711e-10
998.9013494289073 7.982312921679129e-10
1011.4318102670845 7.898960969354419e-10
1023.9847992536193 7.926895266594022e-10
1036.6252195536815 7.830947118057684e-10
1049.2179276058203 7.78566708745953e-10
1061.7514616966675 7.761462438036418e-10
1074.3147055893455 7.745788648272858e-10
1086.9159127567586 7.757211957772987e-10
1099.4861304784438 7.674071975106847e-10
1111.987485500356 7.638089072574756e-10
1124.5709353219318 7.618925251849358e-10
1137.2023074454535 7.563658318931536e-10
1149.7609178844161 7.550951422712868e-10
1162.3100420681121 7.488845338982506e-10
1174.878899332194 7.49454996071397e-10
1187.4352440593802 7.428079117949457e-10
1199.9943909587366 7.394601546636397e-10
1212.5358230248557 7.388351813516333e-10
1225.0939152889073 7.371128107747047e-10
1237.6955466083032 7.314281631991668e-10
1250.26211348758 7.252641410908265e-10
1262.8054900766424 7.222770479256529e-10
1275.4007125464113 7.166867808116108e-10
1287.9715566629116 7.129248428332918e-10
1300.5370834332227 7.144843164973381e-10
1313.117223539808 7.101012018188346e-10
1325.6738564718512 7.117994881516978e-10
1338.237088992439 6.978162059405261e-10
1350.8140397151215 6.973677406685776e-10
1363.3671029186414 6.909037149563275e-10
1375.91850677234 6.888740825911355e-10
1388.4688634079066 6.894482336512281e-10
1401.035080486948 6.791182512223266e-10
1413.6249913217437 6.818621712363707e-10
1426.2038019349848 6.744143364455583e-10
1438.7836502342857 6.736780457341227e-10
1451.366761519623 6.673766545231396e-10
1463.9305365418704 6.645794507704128e-10
1476.501598096985 6.609702989486355e-10
1489.0531684231878 6.517137518030623e-10
1501.5742203885427 6.561462466550694e-10
1514.1516930632097 6.527021958665842e-10
1526.7282467201917 6.444847675525706e-10
1539.2925919724537 6.403009862053435e-10
1551.8789730350832 6.374873022468449e-10
1564.4658283979177 6.344738932098557e-10
1577.0629873040484 6.241301712415922e-10
1589.5793133959048 6.256634099744062e-10
1602.0982193184714 6.207939210883584e-10
1614.6728123454727 6.158637631879566e-10
1627.2458976747735 6.128434693325937e-10
1639.8305997922077 6.097786281247651e-10
1652.3905272785582 6.021143129725209e-10
1664.9794140160814 6.005118167859727e-10
1677.591861842156 5.988730733566209e-10
1690.1269279406094 5.949336895251823e-10
1702.65657351253 5.881977962346192e-10
1715.2396527804024 5.839492211289992e-10
1727.8116954124835 5.812671806135264e-10
1740.3677490975201 5.782602946017468e-10
1752.928219215054 5.730278892123824e-10
1765.5007746799474 5.736348894914596e-10
1778.0665536787742 5.67031815833003e-10
1790.6168494226258 5.629672571160618e-10
1803.1913043334196 5.591216466160643e-10
1815.7666656189663 5.563931499931195e-10
1828.3488212639732 5.494245597729164e-10
1840.9261635435234 5.455242011061517e-10
1853.4868830529429 5.421709205481516e-10
1866.064839470986 5.400739197764019e-10
1878.6531571147761 5.357450234256782e-10
1891.19496207964 5.307244943818525e-10
1903.7320037090349 5.284732126756565e-10
1916.2826511063681 5.24933782844735e-10
1928.8701890218217 5.209733145831425e-10
1941.4711267136504 5.152725241970156e-10
1954.0161536900064 5.099889186231734e-10
1966.5646650726833 5.092790127110238e-10
1979.1139383933353 5.034237349755058e-10
1991.691260384222 5.014091771742907e-10
2004.272421487675 4.974777361703738e-10
2016.8096506702714 4.931865662229957e-10
2029.3882996724874 4.883046231543757e-10
2041.985110874595 4.844156561496506e-10
2054.547960874789 4.805344077114101e-10
2067.118363792035 4.788967282235107e-10
2079.6951147851905 4.75764873861354e-10
2092.253949886611 4.703562748360928e-10
2104.8068736220575 4.685676450735933e-10
2117.361409303218 4.64756657632964e-10
2129.928666131579 4.579718660588983e-10
2142.5135548816716 4.5497448585953915e-10
2155.0880976021567 4.5153025312160207e-10
2167.6496403760875 4.471958486803129e-10
2180.216047885634 4.4406972665348226e-10
2192.779331913287 4.423071480862381e-10
2205.3622641176835 4.381886586237962e-10
2217.9260951897604 4.349109616521107e-10
2230.450856927519 4.3006914578799977e-10
2243.0042552295363 4.2806991246206464e-10
2255.5851476495845 4.2299137126479897e-10
2268.1791053367665 4.1904639069159637e-10
2280.7280993008126 4.1779391682559824e-10
2293.27836064196 4.124913557601951e-10
2305.8848259833003 4.0966340767454285e-10
2318.457813502158 4.0706475904633075e-10
2331.017443774537 4.0412554602129724e-10
2343.586152512421 4.003122216592032e-10
2356.1748727393183 3.9677369588700964e-10
2368.7353085030545 3.9328203821582477e-10
2381.269284598534 3.8943898289327704e-10
2393.824417668802 3.8609876906445965e-10
2406.4031547082927 3.8398330656960064e-10
2418.9736888834123 3.793462123612002e-10
2431.5278041496204 3.760937471136117e-10
2444.0995103422943 3.7372053492729417e-10
2456.6812332429745 3.712001161279311e-10
2469.2659731538665 3.6742012878267367e-10
2481.8044943537134 3.662432425998158e-10
2494.349678289376 3.5962352015704485e-10
2506.9309198668852 3.586230766036922e-10
2519.4999037843572 3.55954317802995e-10
2532.0642862545083 3.494139356731552e-10
2544.6325769440136 3.4826298410040754e-10
2557.2083101172434 3.4513121260157375e-10
2569.773177867188 3.4268436330815033e-10
2582.350840133167 3.402151983942238e-10
2594.931452747545 3.367291668844053e-10
2607.483654023889 3.337673568555669e-10
2620.034645845524 3.313832224035706e-10
2632.602895325774 3.288881102063573e-10
2645.173520726607 3.2615328142977723e-10
2657.7309849057497 3.228101100942237e-10
2670.2896099091117 3.195984203603737e-10
2682.8810325445506 3.17665029365051e-10
2695.4617368341897 3.1415151574197767e-10
2708.0031799897556 3.1203043309682696e-10
2720.565218595558 3.095863642364029e-10
2733.131372915196 3.072649503187401e-10
2745.702996964866 3.042194863362866e-10
2758.2707458588043 3.0209136161344716e-10
2770.819134298115 2.9937399096732596e-10
2783.3972824385996 2.969482075097149e-10
2795.9689028789426 2.9346028204780487e-10
2808.5357668183647 2.920142890787691e-10
2821.109558969739 2.8874887609572393e-10
2833.6756670949317 2.8686376340316686e-10
2846.236354374275 2.8476685712051383e-10
2858.7956023284805 2.821668648770304e-10
2871.373843645575 2.7974950823121584e-10
2883.9542435385997 2.7737165767917475e-10
2896.5073357066653 2.7460545351851794e-10
2909.064697944346 2.7272376126270513e-10
2921.6386383037607 2.6986491619362944e-10
2934.2207288040536 2.674332005211037e-10
2946.785817897925 2.6597515270316105e-10
2959.3399304871987 2.6384428658877956e-10
2971.912289205688 2.6191651492527483e-10
2984.467221526231 2.597573324664977e-10
2997.004940759961 2.5833640883919355e-10
3009.571504102366 2.557475878091021e-10
3022.151983789153 2.5448540218483815e-10
3034.723269970325 2.523682811007751e-10
3047.297141938262 2.492494658788427e-10
3059.876071431785 2.4731617629484253e-10
3072.4603538277847 2.4672261652514105e-10
3085.021437558777 2.447321147374628e-10
3097.567926165961 2.4227543989763585e-10
3110.1461395593033 2.4026967690738656e-10
3122.7146498544685 2.3940722886741916e-10
3135.258242106283 2.3658894258100745e-10
3147.827394808766 2.355604518628313e-10
3160.407090461749 2.3355983159967387e-10
3172.9707868690766 2.3236857757696904e-10
3185.520028526012 2.3037176295878667e-10
3198.0928727893424 2.2813546988657403e-10
3210.6842732749587 2.2663828055140712e-10
3223.2395367271 2.2498551672464947e-10
3235.794336704777 2.2337598730852219e-10
3248.365417080095 2.1984940293278027e-10
3260.9281598919265 2.1743931717152855e-10
3273.4964936633683 2.1563266755912488e-10
3286.060276536927 2.132275395320309e-10
3298.616161266459 2.1016212850625936e-10
3311.184497268826 2.0790605257527357e-10
3323.756551966342 2.0571320701053973e-10
3336.336479870556 2.033361603524108e-10
3348.899122208906 2.0083970379169872e-10
3361.4427712621427 1.9902123316969797e-10
3374.0243084776253 1.9608677782220914e-10
3386.614961597869 1.944597091603672e-10
3399.161286069731 1.919265588796648e-10
3411.7235868879698 1.9031711055230888e-10
3424.3034483758656 1.8714818016721973e-10
3436.8707723403422 1.8535909406049195e-10
3449.4368938720904 1.8372007250286127e-10
3461.989836872098 1.805746266995238e-10
3474.572720638133 1.7947402076347946e-10
3487.132605150921 1.7715224807116856e-10
3499.6720155540065 1.7508986031731458e-10
3512.2465573827926 1.7324700772440625e-10
3524.8212321125143 1.707939821256866e-10
3537.3871579181027 1.695888540512941e-10
3549.953496774212 1.673207622759177e-10
3562.527243212823 1.6559349191937227e-10
3575.0914952116013 1.6356860542463327e-10
3587.654584597486 1.6121159060582336e-10
3600.2154434833074 1.5969037738432455e-10
3612.781827813575 1.5784584940542834e-10
3625.3490285486687 1.566097483243431e-10
3637.9072704701125 1.5399039064415885e-10
3650.4770058173217 1.5251389859607978e-10
3663.0473724016215 1.5077392938051978e-10
3675.6208179613177 1.4868428329788376e-10
3688.192852242158 1.469108020962473e-10
3700.753843005957 1.4578192108135454e-10
3713.3214918772574 1.4351995341177134e-10
3725.887196175251 1.4246563872890494e-10
3738.4440983479294 1.409770187656197e-10
3751.01562714596 1.3926081795665851e-10
3763.589990131671 1.3725586142789568e-10
3776.1556262750005 1.360988259275456e-10
3788.704890031491 1.3419479027968718e-10
3801.2759377020548 1.3277972574695833e-10
3813.856674457176 1.310551732264547e-10
3826.404431717056 1.2984941311042937e-10
3838.9644689081933 1.28228522636506e-10
3851.5402114943627 1.2676436705339829e-10
3864.129820703727 1.2555717265394692e-10
3876.6814230240834 1.2398210419438183e-10
3889.216572251871 1.2307292238521753e-10
3901.793722804894 1.2169948027060716e-10
3914.376239464567 1.2000926848687111e-10
3926.9501841476354 1.1856719071255885e-10
3939.5106562038677 1.1751495128889098e-10
3952.0827549930923 1.1597549573778901e-10
3964.665206729851 1.1480970202873845e-10
3977.223438611205 1.133738683972491e-10
3989.77585737685 1.1250382701223068e-10
4002.346082688935 1.1133396621471227e-10
4014.9052449751175 1.1017482412947164e-10
4027.454437240129 1.0883719837278242e-10
4040.0221607705075 1.0776393221880962e-10
4052.6081056616154 1.0658437263584399e-10
4065.174716554539 1.056562700664032e-10
4077.7220075380296 1.0408511008425016e-10
4090.2897990210045 1.0344377712879427e-10
4102.873672523346 1.018918278493934e-10
4115.447644068687 1.0076157207523118e-10
4128.008926808099 9.96733272327492e-11
4140.585568421014 9.908149285009406e-11
4153.169437051885 9.773941422717108e-11
4165.7084861356325 9.668150862702638e-11
4178.245182757475 9.587878084363359e-11
4190.83460355679 9.526121414490815e-11
4203.406089276481 9.389490483957591e-11
4215.945466732011 9.326327825049648e-11
4228.511593513914 9.206548975218232e-11
4241.075779699396 9.070060629097891e-11
4253.641501584356 9.056741346445016e-11
4266.213404082922 8.878996354725603e-11
4278.80023846219 8.847880450160315e-11
4291.378797171947 8.74631401753373e-11
4303.915793648461 8.659187004514163e-11
4316.480666938705 8.537956120882285e-11
4329.0609618407825 8.480292539285728e-11
4341.634336575266 8.418581917720966e-11
4354.1982598609875 8.309908324483428e-11
4366.753480533253 8.2198243309589e-11
4379.309052921207 8.134775818614915e-11
4391.876283675791 7.995846755171895e-11
4404.434457339896 7.971203551364993e-11
4416.997001697698 7.835741692518559e-11
4429.587449292497 7.744267640316902e-11
4442.151636687612 7.710676067901595e-11
4454.676243985359 7.600772755421559e-11
4467.255845270075 7.505999974899968e-11
4479.857579406586 7.36135471364849e-11
4492.401684454411 7.269250198856723e-11
4504.962144407179 7.213294869508454e-11
4517.519866020666 7.057889536923747e-11
4530.075533354579 7.007358267248435e-11
4542.607822888877 6.822499275493825e-11
4555.179456440053 6.698647688363131e-11
4567.796610844847 6.599646706791468e-11
4580.340024503759 6.493463885704556e-11
4592.907148036287 6.421094759889036e-11
4605.5074570415345 6.338499344564319e-11
4618.066519715287 6.242159667894399e-11
4630.613480983532 6.155180983338628e-11
4643.169806111599 6.06178344628482e-11
4655.751697596686 5.96839162293316e-11
4668.310875988916 5.946883404202602e-11
4680.838737422434 5.827313145205097e-11
4693.414201365949 5.7191309843737115e-11
4706.00658319843 5.6843118313016444e-11
4718.579788898698 5.5816584232745224e-11
4731.107753982313 5.49931862761558e-11
4743.651571426618 5.471367076834292e-11
4756.281806400869 5.39325649454739e-11
4768.8561851736695 5.311751412785816e-11
4781.385164866603 5.2769044966906126e-11
4793.976276771282 5.186435794583151e-11
4806.60709685494 5.1674777726633545e-11
4819.146147308175 5.081421877927383e-11
4831.661602769961 5.0035126168319784e-11
4844.287713525819 4.950746257302909e-11
4856.860115107403 4.939482746649787e-11
4869.355537556236 4.7864330973188856e-11
4881.940425155443 4.781479623921804e-11
4894.597962536947 4.743779978923048e-11
4907.138236911917 4.656159039982436e-11
4919.600076288736 4.627358662614946e-11
4932.218469809502 4.555108787791555e-11
4944.82861457926 4.553618280835705e-11
4957.32710337937 4.5294409358371314e-11
4969.868632558521 4.468535274589744e-11
4982.485662226759 4.419919849502994e-11
4995.110752516738 4.390608354147044e-11
5007.607580415343 4.3092661935244975e-11
5020.100906721772 4.2877567318247584e-11
5032.7763067142305 4.219026474553154e-11
5045.393898578724 4.1651018509573145e-11
5057.824235954896 4.181129234330715e-11
5070.38990195461 4.139493523975834e-11
5083.106030184286 4.105856367199216e-11
5095.667197680153 4.010226240193933e-11
5108.055452463852 4.046174751772533e-11
5120.671439914533 4.014929254285258e-11
5133.447634936116 3.9926298262726457e-11
5145.895026810738 3.9276523405330354e-11
5158.225050612828 3.884712047105951e-11
5170.950992243762 3.8539874275934516e-11
5183.700390094106 3.8497236242141625e-11
5196.118642963538 3.825857687361325e-11
5208.594319785778 3.816142696145794e-11
5221.348995023269 3.8039702089586214e-11
5233.865668366422 3.710512981914186e-11
5246.0170900391195 3.693572159117266e-11
5258.795061897153 3.661624051835508e-11
5271.821151415859 3.657101744884418e-11
5284.059572485597 3.685535562377747e-11
5296.079024382073 3.684020871896025e-11
5309.081924588615 3.696144036446571e-11
5322.360565152118 3.628439948192302e-11
5334.3902949176845 3.612891014763887e-11
5346.18180201052 3.6405449275834494e-11
5359.463528890979 3.5529859453042584e-11
5372.933862046458 3.533766126419089e-11
5384.39671293968 3.545952270964298e-11
5395.929354426923 3.533621740752325e-11
5409.783878738566 3.588094702002878e-11
5423.640526297938 3.493478847600318e-11
5434.195806773828 3.423516106135018e-11
5445.572893198797 3.397700810609006e-11
5459.895693738758 3.4771433525820944e-11
5474.130575610971 3.550941687602844e-11
5484.976407817416 3.543762377083915e-11
5495.74663674392 3.2344448687094064e-11
5510.086276689806 3.569441123852903e-11
5524.398688742834 3.31430727671721e-11
5535.785576374822 2.8059606908245004e-11
5545.663964936542 3.6933632842474605e-11
5559.3116234423605 2.2431830734739473e-11
5571.991646927519 2.1534366667839635e-13
