17.799282449393914 2.311692448283439e-09
30.158244330131165 1.6730048312870042e-09
42.895803729136745 9.84264023811475e-10
55.673215529785544 1.0535219736750143e-09
68.70199571606824 9.756521695272084e-10
80.95773522851493 8.753239940418287e-10
93.53433367151361 9.106299444225973e-10
106.16450203531906 9.39179023293345e-10
118.90724881881184 9.711907506279784e-10
131.52449629177588 9.285325447483042e-10
143.93265813397477 8.836457333031332e-10
156.55721831376698 9.123265703120796e-10
169.40797891669084 9.419780533018474e-10
181.93709241054745 9.085573319656785e-10
194.4157955366043 9.428335723024876e-10
206.95260779187333 9.444895320834526e-10
219.51528885091187 9.345315074347845e-10
232.10861695601872 9.032981020127727e-10
244.73393330749713 9.08107349816043e-10
257.36345261805883 9.15824389602417e-10
269.9001603328162 9.188235869605412e-10
282.38991176842956 9.481870450648638e-10
295.0267151494937 8.749738454766214e-10
307.5730148504538 9.026680151659524e-10
320.13150881022216 9.196184101266511e-10
332.7982337374162 8.916380342986956e-10
345.43912915528864 9.213423961665892e-10
357.953042675417 9.085877143654147e-10
370.4707381295705 8.925033802052548e-10
382.96135746823154 9.188121157919076e-10
395.57797373030724 8.93011278288519e-10
408.187547089545 9.081112806967131e-10
420.7878605219693 8.932610571269866e-10
433.38194196446045 9.107713016171188e-10
445.9400562432305 8.939677356502981e-10
458.52400541726854 9.052218676185821e-10
471.0283016733626 9.011148565345219e-10
483.5821167635719 8.787540823693131e-10
496.171307887924 9.200451070866876e-10
508.698451374591 8.946955988564008e-10
521.2668503769611 8.954661025957222e-10
533.8514741793923 8.975557539414627e-10
546.4846686282312 8.89424910781233e-10
559.1059360168833 8.896715526479327e-10
571.6732584628988 8.751300694236172e-10
584.1752542788624 8.74377564159326e-10
596.6899688879647 8.845788833844991e-10
609.2765278814396 8.732430151623327e-10
621.8558254006396 8.704478311805337e-10
634.4336343236798 8.806808966119511e-10
647.0375135888847 8.70462871489181e-10
659.6336435100793 8.724139407221816e-10
672.2352858914314 8.709126025833423e-10
684.740075141855 8.656680147196218e-10
697.2956385332541 8.569618709747074e-10
709.8823228822637 8.602815936096923e-10
722.3833870842083 8.636455056836331e-10
734.9534179127147 8.56440885731908e-10
747.5295590555185 8.489223889887743e-10
760.1308062950267 8.529764989900402e-10
772.7079722519649 8.488562909969082e-10
785.2280362728902 8.429798100931964e-10
797.8529000643871 8.428613336172408e-10
810.4146489153659 8.447864843551484e-10
822.9832955140956 8.388551793095561e-10
835.5628544232984 8.379992925498801e-10
848.0801297450264 8.400904807424961e-10
860.6851380540387 8.313820035496183e-10
873.2717120511254 8.280071546476596e-10
885.7992366441529 8.185650999153506e-10
898.3268837059721 8.241688275430554e-10
910.8828292509468 8.151540450662436e-10
923.5268940602119 8.139254977626139e-10
936.1288484047424 8.120005334212094e-10
948.6970485528734 8.061751390506368e-10
961.2712273630802 7.970732050423349e-10
973.8038516777397 7.991541743966952e-10
986.3394199199914 8.024354719620966e-10
998.9013494289073 7.945236196536023e-10
1011.4318102670845 7.959324182130555e-10
1023.9847992536193 7.848676193839376e-10
1036.6252195536815 7.885731501566765e-10
1049.2179276058203 7.863202822078798e-10
1061.7514616966675 7.795566673089443e-10
1074.3147055893455 7.767902630378842e-10
1086.9159127567586 7.685334072680818e-10
1099.4861304784438 7.677629781836957e-10
1111.987485500356 7.72180213701605e-10
1124.5709353219318 7.566092725386457e-10
1137.2023074454535 7.571139609112369e-10
1149.7609178844161 7.561488202596171e-10
1162.3100420681121 7.496141837229754e-10
1174.878899332194 7.488422813019679e-10
1187.4352440593802 7.469265488003288e-10
1199.9943909587366 7.423357594413682e-10
1212.5358230248557 7.391626372028393e-10
1225.0939152889073 7.36748552041651e-10
1237.6955466083032 7.279116455680091e-10
1250.26211348758 7.214966161827009e-10
1262.8054900766424 7.267752700898187e-10
1275.4007125464113 7.223286078753983e-10
1287.9715566629116 7.101414902350709e-10
1300.5370834332227 7.142134146559399e-10
1313.117223539808 7.125517662489252e-10
1325.6738564718512 7.065404200601397e-10
1338.237088992439 7.005180434698471e-10
1350.8140397151215 7.014124401570296e-10
1363.3671029186414 6.965981397243905e-10
1375.91850677234 6.933766668317003e-10
1388.4688634079066 6.873030975338138e-10
1401.035080486948 6.821748379172626e-10
1413.6249913217437 6.796963394622205e-10
1426.2038019349848 6.718990291437701e-10
1438.7836502342857 6.713059118765466e-10
1451.366761519623 6.659747585420269e-10
1463.9305365418704 6.598879315171638e-10
1476.501598096985 6.619843788338073e-10
1489.0531684231878 6.524413526666702e-10
1501.5742203885427 6.495199027514821e-10
1514.1516930632097 6.42950475671392e-10
1526.7282467201917 6.45307899285697e-10
1539.2925919724537 6.389301203412714e-10
1551.8789730350832 6.35919502791973e-10
1564.4658283979177 6.348508602665965e-10
1577.0629873040484 6.301282270330967e-10
1589.5793133959048 6.234782221914952e-10
1602.0982193184714 6.240233311444355e-10
1614.6728123454727 6.147762350890319e-10
1627.2458976747735 6.125740771113056e-10
1639.8305997922077 6.045927577532781e-10
1652.3905272785582 6.061953229760056e-10
1664.9794140160814 6.01762451987458e-10
1677.591861842156 5.959899493694474e-10
1690.1269279406094 5.959424004452015e-10
1702.65657351253 5.89420880946555e-10
1715.2396527804024 5.868932502862744e-10
1727.8116954124835 5.819516803287745e-10
1740.3677490975201 5.763644295306735e-10
1752.928219215054 5.743523473479371e-10
1765.5007746799474 5.689915205322907e-10
1778.0665536787742 5.652887625058638e-10
1790.6168494226258 5.60499402500082e-10
1803.1913043334196 5.552632648167606e-10
1815.7666656189663 5.547821413847823e-10
1828.3488212639732 5.484819249395519e-10
1840.9261635435234 5.4282150679727e-10
1853.4868830529429 5.41528158751419e-10
1866.064839470986 5.424341563934189e-10
1878.6531571147761 5.352934245631182e-10
1891.19496207964 5.298772804236786e-10
1903.7320037090349 5.285307453138664e-10
1916.2826511063681 5.242136217478465e-10
1928.8701890218217 5.198447029065766e-10
1941.4711267136504 5.163460599888236e-10
1954.0161536900064 5.117740590903932e-10
1966.5646650726833 5.060831143812247e-10
1979.1139383933353 5.044084941571297e-10
1991.691260384222 5.018090598414773e-10
2004.272421487675 4.977934883598646e-10
2016.8096506702714 4.909143294955369e-10
2029.3882996724874 4.885384151466477e-10
2041.985110874595 4.83221248656816e-10
2054.547960874789 4.791759587219952e-10
2067.118363792035 4.776611468137509e-10
2079.6951147851905 4.743491751951593e-10
2092.253949886611 4.695527433104956e-10
2104.8068736220575 4.658985474985787e-10
2117.361409303218 4.624712936596183e-10
2129.928666131579 4.571307984654983e-10
2142.5135548816716 4.571267166542323e-10
2155.0880976021567 4.528576180630197e-10
2167.6496403760875 4.4751773152090565e-10
2180.216047885634 4.460335041602054e-10
2192.779331913287 4.4084075414725915e-10
2205.3622641176835 4.3842400091659807e-10
2217.9260951897604 4.326541880640107e-10
2230.450856927519 4.3188643727021413e-10
2243.0042552295363 4.2753868822234896e-10
2255.5851476495845 4.233523481302751e-10
2268.1791053367665 4.207267773532987e-10
2280.7280993008126 4.1851099995007375e-10
2293.27836064196 4.134469568707084e-10
2305.8848259833003 4.103492614180235e-10
2318.457813502158 4.0525637528985353e-10
2331.017443774537 4.02109445887199e-10
2343.586152512421 3.9979311879762516e-10
2356.1748727393183 3.9728066637650367e-10
2368.7353085030545 3.934678782686246e-10
2381.269284598534 3.900285115091572e-10
2393.824417668802 3.86019219558985e-10
2406.4031547082927 3.8239856750056814e-10
2418.9736888834123 3.798144895172119e-10
2431.5278041496204 3.768031638046624e-10
2444.0995103422943 3.7372078404517194e-10
2456.6812332429745 3.702484361595476e-10
2469.2659731538665 3.677600544284845e-10
2481.8044943537134 3.6353297601013983e-10
2494.349678289376 3.608013047157078e-10
2506.9309198668852 3.5762792361508753e-10
2519.4999037843572 3.5445236220957077e-10
2532.0642862545083 3.526109083424572e-10
2544.6325769440136 3.486896809337461e-10
2557.2083101172434 3.4651231857686525e-10
2569.773177867188 3.4361765427503264e-10
2582.350840133167 3.396090592143533e-10
2594.931452747545 3.37510957857987e-10
2607.483654023889 3.3271428579363967e-10
2620.034645845524 3.3087336393524527e-10
2632.602895325774 3.2849269685559135e-10
2645.173520726607 3.2654299874292346e-10
2657.7309849057497 3.2313854883211376e-10
2670.2896099091117 3.2089507549700897e-10
2682.8810325445506 3.1785268008222727e-10
2695.4617368341897 3.1520259506288717e-10
2708.0031799897556 3.1202894025191986e-10
2720.565218595558 3.0828017569160333e-10
2733.131372915196 3.0707852559868084e-10
2745.702996964866 3.0394776563285866e-10
2758.2707458588043 3.018603852285908e-10
2770.819134298115 2.990496836281759e-10
2783.3972824385996 2.968872278493248e-10
2795.9689028789426 2.945499878505262e-10
2808.5357668183647 2.914641023881339e-10
2821.109558969739 2.888479403251219e-10
2833.6756670949317 2.876233508597744e-10
2846.236354374275 2.839131134662476e-10
2858.7956023284805 2.8244288998391336e-10
2871.373843645575 2.791267258716405e-10
2883.9542435385997 2.771937409979868e-10
2896.5073357066653 2.7460711117437525e-10
2909.064697944346 2.723559422626656e-10
2921.6386383037607 2.706565534761319e-10
2934.2207288040536 2.682753821255508e-10
2946.785817897925 2.659477954107759e-10
2959.3399304871987 2.641860627151422e-10
2971.912289205688 2.622046829253367e-10
2984.467221526231 2.602466302257446e-10
2997.004940759961 2.577867084975689e-10
3009.571504102366 2.5560426981087195e-10
3022.151983789153 2.53553676437351e-10
3034.723269970325 2.5169964726115036e-10
3047.297141938262 2.496526757252561e-10
3059.876071431785 2.488896757834882e-10
3072.4603538277847 2.464703694600163e-10
3085.021437558777 2.440855305849933e-10
3097.567926165961 2.425878918393047e-10
3110.1461395593033 2.406808701935104e-10
3122.7146498544685 2.3879524465510565e-10
3135.258242106283 2.3649294436487947e-10
3147.827394808766 2.351760787342886e-10
3160.407090461749 2.334108858903106e-10
3172.9707868690766 2.3274729460524694e-10
3185.520028526012 2.31072369260005e-10
3198.0928727893424 2.2820734795391438e-10
3210.6842732749587 2.2730766236655195e-10
3223.2395367271 2.2480848443166875e-10
3235.794336704777 2.2203049332255864e-10
3248.365417080095 2.201899766386511e-10
3260.9281598919265 2.1792332928805007e-10
3273.4964936633683 2.1483029023035504e-10
3286.060276536927 2.132884783353043e-10
3298.616161266459 2.101341447078209e-10
3311.184497268826 2.0803954058596258e-10
3323.756551966342 2.0555933905119932e-10
3336.336479870556 2.035112444203738e-10
3348.899122208906 2.0102508686712252e-10
3361.4427712621427 1.985626160894203e-10
3374.0243084776253 1.9633735667168342e-10
3386.614961597869 1.9430738058471463e-10
3399.161286069731 1.929512360525087e-10
3411.7235868879698 1.894231007924965e-10
3424.3034483758656 1.880053103580857e-10
3436.8707723403422 1.8581894705317443e-10
3449.4368938720904 1.832712605065369e-10
3461.989836872098 1.8183282226766453e-10
3474.572720638133 1.7905693669103913e-10
3487.132605150921 1.7709363529396308e-10
3499.6720155540065 1.7527605129120525e-10
3512.2465573827926 1.731287972652603e-10
3524.8212321125143 1.7090890818950478e-10
3537.3871579181027 1.6972028813933542e-10
3549.953496774212 1.6737240016695087e-10
3562.527243212823 1.6500569945367187e-10
3575.0914952116013 1.6361246957375193e-10
3587.654584597486 1.6116952138612103e-10
3600.2154434833074 1.5966124015805849e-10
3612.781827813575 1.579157472879526e-10
3625.3490285486687 1.5563952370496512e-10
3637.9072704701125 1.5418387352741148e-10
3650.4770058173217 1.520199781853642e-10
3663.0473724016215 1.5050204804762437e-10
3675.6208179613177 1.4904465729179344e-10
3688.192852242158 1.4695710002480152e-10
3700.753843005957 1.455926155034573e-10
3713.3214918772574 1.4405378282614664e-10
3725.887196175251 1.4190233211254392e-10
3738.4440983479294 1.4073623298732034e-10
3751.01562714596 1.3914107715941964e-10
3763.589990131671 1.379304348185512e-10
3776.1556262750005 1.3603839023948612e-10
3788.704890031491 1.3408677422379724e-10
3801.2759377020548 1.3287637770393647e-10
3813.856674457176 1.311384208588451e-10
3826.404431717056 1.2972318122972743e-10
3838.9644689081933 1.2814155096114873e-10
3851.5402114943627 1.2736715313912028e-10
3864.129820703727 1.2593912397262073e-10
3876.6814230240834 1.2417020645005038e-10
3889.216572251871 1.2301957972708287e-10
3901.793722804894 1.213543225559918e-10
3914.376239464567 1.202726766286868e-10
3926.9501841476354 1.1909920669251341e-10
3939.5106562038677 1.1724457503021446e-10
3952.0827549930923 1.1608459533760783e-10
3964.665206729851 1.1498921168201358e-10
3977.223438611205 1.1396333741201226e-10
3989.77585737685 1.1240925221818465e-10
4002.346082688935 1.1108811734796449e-10
4014.9052449751175 1.0990943643538767e-10
4027.454437240129 1.0905604956946825e-10
4040.0221607705075 1.0777452125270178e-10
4052.6081056616154 1.0656841567301491e-10
4065.174716554539 1.0507006975477926e-10
4077.7220075380296 1.0463143897766486e-10
4090.2897990210045 1.0278416486972734e-10
4102.873672523346 1.0229777514143077e-10
4115.447644068687 1.0142124972769772e-10
4128.008926808099 9.969368504063177e-11
4140.585568421014 9.890920985244646e-11
4153.169437051885 9.792875781583317e-11
4165.7084861356325 9.699410087727264e-11
4178.245182757475 9.605287625002848e-11
4190.83460355679 9.474570988899682e-11
4203.406089276481 9.40107972613073e-11
4215.945466732011 9.271942188134816e-11
4228.511593513914 9.215752453954396e-11
4241.075779699396 9.131768759419704e-11
4253.641501584356 9.017577449293176e-11
4266.213404082922 8.898021833685047e-11
4278.80023846219 8.839847208548759e-11
4291.378797171947 8.711649777938882e-11
4303.915793648461 8.656855081847753e-11
4316.480666938705 8.55242373843589e-11
4329.0609618407825 8.48393042395632e-11
4341.634336575266 8.394520775484102e-11
4354.1982598609875 8.312753317744229e-11
4366.753480533253 8.228347597820249e-11
4379.309052921207 8.118932651910387e-11
4391.876283675791 8.054701677544709e-11
4404.434457339896 7.940942688120659e-11
4416.997001697698 7.829387522183476e-11
4429.587449292497 7.735978077983263e-11
4442.151636687612 7.663871316682853e-11
4454.676243985359 7.588084298844127e-11
4467.255845270075 7.519791152991147e-11
4479.857579406586 7.387783396197399e-11
4492.401684454411 7.293624295400098e-11
4504.962144407179 7.195180582149745e-11
4517.519866020666 7.02491875026061e-11
4530.075533354579 6.961662283039907e-11
4542.607822888877 6.847714274589383e-11
4555.179456440053 6.724678154194707e-11
4567.796610844847 6.6301983817895e-11
4580.340024503759 6.527276628280132e-11
4592.907148036287 6.416352477116446e-11
4605.5074570415345 6.301565243152462e-11
4618.066519715287 6.23326839008896e-11
4630.613480983532 6.123815490140436e-11
4643.169806111599 6.058179363444636e-11
4655.751697596686 6.02151038915434e-11
4668.310875988916 5.874298268489381e-11
4680.838737422434 5.843965464895488e-11
4693.414201365949 5.752298228749842e-11
4706.00658319843 5.689234712548452e-11
4718.579788898698 5.613906054122666e-11
4731.107753982313 5.546227717618903e-11
4743.651571426618 5.4604888462778396e-11
4756.281806400869 5.379662367818706e-11
4768.8561851736695 5.3742810078041964e-11
4781.385164866603 5.280029610678411e-11
4793.976276771282 5.169719518003825e-11
4806.60709685494 5.131639686424197e-11
4819.146147308175 5.09773659403348e-11
4831.661602769961 5.014813753616949e-11
4844.287713525819 4.935772364185061e-11
4856.860115107403 4.878595776561837e-11
4869.355537556236 4.856069978909222e-11
4881.940425155443 4.78397491162251e-11
4894.597962536947 4.6943575177297987e-11
4907.138236911917 4.684151019100791e-11
4919.600076288736 4.66118547606846e-11
4932.218469809502 4.5953323069766487e-11
4944.82861457926 4.561778461886137e-11
4957.32710337937 4.503551673091146e-11
4969.868632558521 4.428150459513295e-11
4982.485662226759 4.404941253668667e-11
4995.110752516738 4.36256203956426e-11
5007.607580415343 4.34092224208881e-11
5020.100906721772 4.288566275790149e-11
5032.7763067142305 4.265153533548942e-11
5045.393898578724 4.199765013535012e-11
5057.824235954896 4.2010031393869555e-11
5070.38990195461 4.139755902834887e-11
5083.106030184286 4.114449234751891e-11
5095.667197680153 4.077289708763452e-11
5108.055452463852 4.0531432394442976e-11
5120.671439914533 3.9524986815136584e-11
5133.447634936116 3.9377179703303476e-11
5145.895026810738 3.9231581553474604e-11
5158.225050612828 3.92225923704517e-11
5170.950992243762 3.8792909076709636e-11
5183.700390094106 3.8278755192499677e-11
5196.118642963538 3.863628146883926e-11
5208.594319785778 3.701625285533637e-11
5221.348995023269 3.811211410177909e-11
5233.865668366422 3.727902157051386e-11
5246.0170900391195 3.726649731725958e-11
5258.795061897153 3.68010421838519e-11
5271.821151415859 3.731443088686783e-11
5284.059572485597 3.668043151986514e-11
5296.079024382073 3.704958679620632e-11
5309.081924588615 3.557577311451671e-11
5322.360565152118 3.624751654520749e-11
5334.3902949176845 3.6298179598035106e-11
5346.18180201052 3.584588246404541e-11
5359.463528890979 3.545600455454528e-11
5372.933862046458 3.5157905590520676e-11
5384.39671293968 3.480256524529294e-11
5395.929354426923 3.635911057924283e-11
5409.783878738566 3.5458957769017245e-11
5423.640526297938 3.617573624513782e-11
5434.195806773828 3.422149442490999e-11
5445.572893198797 3.472825048735191e-11
5459.895693738758 3.388490167992483e-11
5474.130575610971 3.6907451399124514e-11
5484.976407817416 3.5870500311344804e-11
5495.74663674392 3.5265073961627535e-11
5510.086276689806 3.558149264643555e-11
5524.398688742834 3.394580917908865e-11
5535.785576374822 3.1815786769357305e-11
5545.663964936542 2.220960350926551e-11
5559.3116234423605 2.6281134263308553e-11
5571.991646927519 1.647807198498139e-11
