0.017832091871974994 8497.214969936236
0.030213835030786878 6597.0333339272265
0.04297487357678402 4533.147873557695
0.05577583798436806 4216.785579709218
0.06882863412500527 3879.7859258152885
0.08110696464570473 2587.0102533036297
0.09370674553631736 2281.530957370843
0.10636019509318755 1636.9087904698206
0.11912643058557923 1623.7353976313148
0.1317669354345261 1335.03360349309
0.14419796924510309 1190.7632978859126
0.15684580028039283 945.2737352061064
0.16972024869412075 837.4321786586312
0.18227245710657058 747.6020089551188
0.1947741622297748 734.2140404590119
0.20733408359476624 558.5699831043133
0.21991992144750078 512.9753220487007
0.23253646283801263 443.3773802394623
0.24518505143884003 400.4842421487717
0.2578378507460665 350.2390303399482
0.2703976673778467 310.8246719192561
0.2829104411759597 283.181131686932
0.2955705379804179 244.32644182445617
0.30813996427931173 231.1244359304101
0.3207216073146948 203.71178768956344
0.33341168081967765 185.77874944819357
0.34607587720379673 169.42860957147053
0.35861285762440226 155.5798515343978
0.37115362695027304 142.67036737752443
0.3836672702512397 129.4142007983034
0.396307142725787 117.4134759048334
0.4089399593153115 108.17162680787443
0.42156349890919675 98.33880069257795
0.43418079502571993 91.32965546367872
0.44676205768023863 83.51734468108414
0.45936920285149524 75.60216578407461
0.4718965482805609 70.74399778151576
0.48447350382182325 66.9181456428068
0.4970859006058825 60.572422359716214
0.5096361353798279 56.8009349279294
0.5222277017157806 52.825213344039106
0.5348355227589731 48.594220100014006
0.5474920039788603 46.335396027983634
0.560136536153407 42.7483125022318
0.5727270239485884 40.3489542756244
0.5852520646971217 37.69116284056284
0.5977898476833485 35.09396300938157
0.6103996074847231 33.04994081869343
0.623002092426745 30.849401266400662
0.6356030860286773 29.351470596343425
0.6482301980282438 27.789707009813604
0.6608495463994318 25.981842055661676
0.6734744173918968 24.380736256468307
0.6860022567240285 23.365512361266422
0.6985809637891247 21.832526748242458
0.7111908491771018 20.559661927279702
0.7237149565943716 19.56153352889964
0.7363081577644062 18.777084912418587
0.7489074805118823 17.6378550648914
0.7615319556341383 16.843969057366476
0.7741323050847891 15.839336554318544
0.7866754473434115 15.035910431291088
0.7993235825500535 14.537106381959521
0.8119084864763889 13.686242094593117
0.8245003008650956 12.973223058222096
0.8371030476789406 12.48209701617381
0.8496433960979557 11.883907519760491
0.8622716392224963 11.355097587823595
0.8748814140551388 10.859591640854653
0.8874320306379381 10.309213094093845
0.8999827699152759 9.917762287731525
0.9125618598383715 9.39051048133022
0.9252292314560233 9.068783486144644
0.9378544149867085 8.672441342495338
0.9504457821018741 8.220045923366726
0.9630431388995851 7.945095992043175
0.9755988646043348 7.564368670098953
0.9881575396632193 7.285618083907247
1.0007426245804987 7.005656666182626
1.0132961828208291 6.714718392004578
1.02587231073566 6.39244193510989
1.038536031126184 6.189862724688905
1.0511519513207839 5.921597911035041
1.0637085884787123 5.646771710128963
1.0762949902025576 5.40585894003836
1.0889194251788534 5.240356424652514
1.1015128135865673 5.007217464179773
1.1140372123598732 4.830889411376816
1.126643857258211 4.610993260389558
1.139298512793688 4.425027352527643
1.1518802725229715 4.261241139342844
1.1644525285109713 4.104739931477201
1.1770445539533496 3.938627879578769
1.1896240437944694 3.796240514921742
1.2022063409730044 3.596754612378573
1.2147708906645445 3.487539499406121
1.2273521312637647 3.3350040437817894
1.2399769911738832 3.2214512661733714
1.2525667220095897 3.0917331615795622
1.2651332198084129 2.975897772256762
1.2777516590554696 2.854384750740361
1.290345675012632 2.757290296326591
1.3029343638221398 2.6369580156031622
1.3155376929046885 2.552924905313396
1.3281174714819133 2.4502813450176713
1.3407038618127065 2.364155261128021
1.3533039956323603 2.260411003149709
1.36588019790098 2.189402086871294
1.3784547377610987 2.116343756263989
1.391028228472748 2.0248368281947418
1.403617608863432 1.9502077715815902
1.4162307266845775 1.8942671910206141
1.4288327238231264 1.8366999540651492
1.4414357605605024 1.7555404018265086
1.4540420662985778 1.693085380614401
1.4666290001310238 1.6319806697997339
1.4792232339276055 1.5856418989300654
1.4917979405670871 1.5304306124781832
1.5043420725912173 1.479563910812603
1.5169427293249698 1.4302445030375268
1.5295424653470118 1.3950949487291286
1.5421299704605775 1.348841986597976
1.5547395520031266 1.3076837092073978
1.5673496087201584 1.2643296905390653
1.579969987973011 1.228039297047909
1.5925093854124386 1.198478781950502
1.6050513674379792 1.1692692299942726
1.6176486600174416 1.1257503940085098
1.6302445001949601 1.0796660559319122
1.642852769411217 1.0316537185567223
1.6554322216394568 0.9909791460361288
1.668044025585908 0.9519919495922413
1.680678920689042 0.9059935999352452
1.6932331315938973 0.8752031144025267
1.7057845975195343 0.8428607404791099
1.7183896309732463 0.8052994820932505
1.7309874185440741 0.7742070859838899
1.7435623448937618 0.7412895167938236
1.756142663464044 0.7148154942210202
1.7687458921757864 0.6851847719261157
1.781333478205027 0.6631321026576266
1.7938985526958318 0.6353810786694951
1.8064980806819684 0.6135745417601018
1.8190945363690478 0.5907700851434591
1.831693539710284 0.5698152691769013
1.8442938066535384 0.5474154080981621
1.8568876791935842 0.5236452747075371
1.8694996979258003 0.5056773891485072
1.8820874678435302 0.48804510276823054
1.894648007129084 0.47063405440474676
1.907224423824123 0.45589906781552847
1.9197955083167033 0.441697225999235
1.9324077190392515 0.42160460794784815
1.9450267994293553 0.40628955090423147
1.9575901294986915 0.39455097661920335
1.9701677233625345 0.38061638871191383
1.9827403283412777 0.3643029769334175
1.9953314743596469 0.352314806398439
2.0079478346643698 0.34138183027627744
2.0205022754362636 0.3288939675172061
2.0330913752296516 0.3178761643487556
2.0457223504519146 0.30619130489166585
2.058276346288361 0.2998165224801138
2.070869909095241 0.289068876731693
2.083519949911568 0.27833100842680625
2.096097125641401 0.2672636796477104
2.1086272060888334 0.2607601618938964
2.1211870915125437 0.25117844219061486
2.13382313238696 0.2450923222737646
2.146410287377119 0.23413424603294597
2.158963563085558 0.23014921429311752
2.171572232546304 0.221367534017746
2.1842062325035743 0.21441157342206796
2.1967582541876403 0.20973266619563544
2.209329848683408 0.19868337435673802
2.221925909239804 0.19490951408762416
2.2344895913326437 0.1862341557029104
2.247040534594881 0.1801530421761367
2.2596241003144346 0.16980938454708666
2.272229531496583 0.16399600174842727
2.2848348222229222 0.15358889868492806
2.297400038677991 0.14862387434769764
2.3099677799709752 0.14188373214737138
2.3225784835721313 0.13606877791503905
2.335159521230412 0.13116896813243584
2.347693564989996 0.1262752767058732
2.3603433164871546 0.12075831941082833
2.373033299473762 0.11807543779743551
2.3855678635589737 0.11512821400494293
2.3980601433668554 0.10992295101315237
2.410778968531101 0.1062381183580034
2.423453109943768 0.10261020448669042
2.4358311952097162 0.10043999814052816
2.448470944043581 0.09652844476201437
2.4612848053934493 0.09409514247973724
2.473794880423967 0.09292796516298249
2.486110768659126 0.08905850118640112
2.4987555116598026 0.08602717838182863
2.511584783245325 0.08333642993551528
2.5240933241388834 0.08203310074387452
2.5365627011107468 0.08153451297448974
2.5493077516226403 0.07636317448487143
2.561978439831303 0.07661526467978018
2.574212755798333 0.07305611130675237
2.586731940134876 0.0720728560666909
2.5998869040801686 0.06807274684148215
2.612601991730703 0.06863864719766344
2.624168567409609 0.06660599193030994
2.6366174310925024 0.06624500654419484
2.6502878476251515 0.06418657972089946
2.6633415931334126 0.061477289839267195
2.6741769121319576 0.06275449040203186
2.68654926071373 0.062255176622446964
2.700777045101032 0.06170823261001154
2.7145884416410073 0.06091572673387542
2.724874641447333 0.06773171643969296
2.7364378284531026 0.06264726145369717
2.7506817507001804 0.06593311124985711
2.764797699055797 0.06356841472299056
2.7766321634107594 0.06554689486299438
2.7856940556077916 0.04717308188727902
