0.017832091871974994 8450.829775782207
0.030213835030786878 6552.966087080704
0.04297487357678402 4495.213658693701
0.05577583798436806 4177.175116992311
0.06882863412500527 3842.2864959468325
0.08110696464570473 2565.5914639236585
0.09370674553631736 2271.0730629898894
0.10636019509318755 1639.0245096456624
0.11912643058557923 1640.1438097739224
0.1317669354345261 1362.999787308896
0.14419796924510309 1232.084275891365
0.15684580028039283 994.1421240576187
0.16972024869412075 898.6742050273568
0.18227245710657058 814.9502217215164
0.1947741622297748 818.8085475930689
0.20733408359476624 636.4689337788514
0.21991992144750078 599.3343640893542
0.23253646283801263 533.6424962203574
0.24518505143884003 495.1490637023085
0.2578378507460665 443.3785558960382
0.2703976673778467 405.1176007069127
0.2829104411759597 380.0100790785967
0.2955705379804179 339.1716041574401
0.30813996427931173 330.3686486256862
0.3207216073146948 299.8708572006105
0.33341168081967765 283.6648759291115
0.34607587720379673 267.11175485321485
0.35861285762440226 252.64871699406748
0.37115362695027304 238.65101616630375
0.3836672702512397 222.2142732500248
0.396307142725787 207.3793159594673
0.4089399593153115 199.51902673729478
0.42156349890919675 184.6556659591628
0.43418079502571993 177.45562835945077
0.44676205768023863 166.29495382949258
0.45936920285149524 155.33066008277544
0.4718965482805609 149.25736893146558
0.48447350382182325 143.55059743030293
0.4970859006058825 134.2980414470613
0.5096361353798279 129.44600139837277
0.5222277017157806 123.71905132536014
0.5348355227589731 116.056869755913
0.5474920039788603 113.32406112857882
0.560136536153407 107.03696768311224
0.5727270239485884 103.34528869519626
0.5852520646971217 98.64501792843743
0.5977898476833485 93.02751526333928
0.6103996074847231 90.23025059450588
0.623002092426745 85.3855782278826
0.6356030860286773 82.80518538018666
0.6482301980282438 78.90892836919524
0.6608495463994318 75.96245446106555
0.6734744173918968 72.20178428637273
0.6860022567240285 70.26899794081812
0.6985809637891247 67.1565888870186
0.7111908491771018 64.4845898224821
0.7237149565943716 62.20758969850738
0.7363081577644062 59.707761512416624
0.7489074805118823 57.3355362960195
0.7615319556341383 54.982945777720694
0.7741323050847891 52.82665606292968
0.7866754473434115 51.066042704441514
0.7993235825500535 49.54118817658318
0.8119084864763889 47.324699347472205
0.8245003008650956 45.27816206653371
0.8371030476789406 44.27178033705152
0.8496433960979557 42.474356274931694
0.8622716392224963 40.49546110962762
0.8748814140551388 39.09325308665395
0.8874320306379381 37.65004198709964
0.8999827699152759 36.708069448553296
0.9125618598383715 34.962822214198916
0.9252292314560233 34.00709119574249
0.9378544149867085 32.86640698993021
0.9504457821018741 31.27130827406423
0.9630431388995851 30.481407339406495
0.9755988646043348 29.36610337913759
0.9881575396632193 28.245189321450084
1.0007426245804987 27.504366787423123
1.0132961828208291 26.479609502386236
1.02587231073566 25.415379041217243
1.038536031126184 24.508978665482726
1.0511519513207839 23.664009419173105
1.0637085884787123 22.80064911445752
1.0762949902025576 22.083722893163927
1.0889194251788534 21.40732166236722
1.1015128135865673 20.54235728478487
1.1140372123598732 19.822287236416802
1.126643857258211 19.219857380564438
1.139298512793688 18.58381510660455
1.1518802725229715 17.929060494045125
1.1644525285109713 17.373028218845004
1.1770445539533496 16.78344845609449
1.1896240437944694 16.276138644825668
1.2022063409730044 15.558047010070572
1.2147708906645445 15.149332994598074
1.2273521312637647 14.539636535612845
1.2399769911738832 14.20518610916579
1.2525667220095897 13.63659390565206
1.2651332198084129 13.144266375179981
1.2777516590554696 12.783145670723554
1.290345675012632 12.339888970898967
1.3029343638221398 11.953465667572916
1.3155376929046885 11.575082242184628
1.3281174714819133 11.205418424580975
1.3407038618127065 10.838189004585129
1.3533039956323603 10.477184578990407
1.36588019790098 10.201517760616527
1.3784547377610987 9.832079893651462
1.391028228472748 9.420033236145768
1.403617608863432 9.170569610031354
1.4162307266845775 8.985636250222502
1.4288327238231264 8.703739699764116
1.4414357605605024 8.4302979261947
1.4540420662985778 8.159971835172605
1.4666290001310238 7.872228631683901
1.4792232339276055 7.663600502129554
1.4917979405670871 7.491560202962648
1.5043420725912173 7.246832588803655
1.5169427293249698 7.0331643505503445
1.5295424653470118 6.877757290166227
1.5421299704605775 6.6894082208679215
1.5547395520031266 6.46926951743557
1.5673496087201584 6.354713723412608
1.579969987973011 6.159031827761331
1.5925093854124386 5.998017609703012
1.6050513674379792 5.836565008460146
1.6176486600174416 5.696329200975139
1.6302445001949601 5.468008634019001
1.642852769411217 5.299653838531426
1.6554322216394568 5.090590665898581
1.668044025585908 4.8894964229561415
1.680678920689042 4.696757442888562
1.6932331315938973 4.533352673279134
1.7057845975195343 4.365521803103099
1.7183896309732463 4.224252196528051
1.7309874185440741 4.0762661451338085
1.7435623448937618 3.934041320171771
1.756142663464044 3.778631886358156
1.7687458921757864 3.6606069553237757
1.781333478205027 3.54173840449731
1.7938985526958318 3.4091483753835736
1.8064980806819684 3.3018255112309824
1.8190945363690478 3.1824298096607584
1.831693539710284 3.082433781752341
1.8442938066535384 2.9714198576269273
1.8568876791935842 2.8829132174191336
1.8694996979258003 2.7694408987918013
1.8820874678435302 2.680198589257575
1.894648007129084 2.6063192166356544
1.907224423824123 2.5237058657006792
1.9197955083167033 2.455556178046734
1.9324077190392515 2.363938111546096
1.9450267994293553 2.29446598639157
1.9575901294986915 2.2182646275571476
1.9701677233625345 2.1628451825302655
1.9827403283412777 2.0656222919715215
1.9953314743596469 2.0102220844958767
2.0079478346643698 1.9609866233102642
2.0205022754362636 1.8914317679829558
2.0330913752296516 1.849300583838991
2.0457223504519146 1.7914508855294473
2.058276346288361 1.7407353986633525
2.070869909095241 1.696791211656581
2.083519949911568 1.6428619489899645
2.096097125641401 1.5889957757028943
2.1086272060888334 1.548590309650078
2.1211870915125437 1.4888254612275158
2.13382313238696 1.4544029886730676
2.146410287377119 1.4083077459410898
2.158963563085558 1.3755457225461174
2.171572232546304 1.3365298845455482
2.1842062325035743 1.295785665717282
2.1967582541876403 1.2737091296306609
2.209329848683408 1.222327196687627
2.221925909239804 1.1916105404209654
2.2344895913326437 1.1495006573826454
2.247040534594881 1.104340612358695
2.2596241003144346 1.0578313949860931
2.272229531496583 1.0039805666100152
2.2848348222229222 0.9702996434053601
2.297400038677991 0.9271279387133913
2.3099677799709752 0.8910276915135316
2.3225784835721313 0.8589749246812176
2.335159521230412 0.8252317395848813
2.347693564989996 0.7974273033013068
2.3603433164871546 0.7673914420843221
2.373033299473762 0.7467750603167093
2.3855678635589737 0.7243733149841357
2.3980601433668554 0.6963838877314568
2.410778968531101 0.6802475909756022
2.423453109943768 0.660620923625928
2.4358311952097162 0.6411722211220009
2.448470944043581 0.6141313981122748
2.4612848053934493 0.6016076098854736
2.473794880423967 0.5996125177561727
2.486110768659126 0.5766007817734599
2.4987555116598026 0.5652715500286565
2.511584783245325 0.5478356180779161
2.5240933241388834 0.5477010870738326
2.5365627011107468 0.5289264339212186
2.5493077516226403 0.4936979565719269
2.561978439831303 0.5084823294071833
2.574212755798333 0.4823814554250538
2.586731940134876 0.4625747797357164
2.5998869040801686 0.4695671340759521
2.612601991730703 0.4670529618125869
2.624168567409609 0.47419353818077264
2.6366174310925024 0.4321790523629645
2.6502878476251515 0.43881048933662675
2.6633415931334126 0.42726375937615024
2.6741769121319576 0.4525810476935979
2.68654926071373 0.4133012075714946
2.700777045101032 0.4487057173994095
2.7145884416410073 0.4128125626522812
2.724874641447333 0.4600628500112469
2.7364378284531026 0.4267239504307552
2.7506817507001804 0.37677549540031685
2.764797699055797 0.46614844198668803
2.7766321634107594 0.3512977964840117
2.7856940556077916 0.23128875811189809
