0.017832091871975014 8471.292875607756
0.030213835030786916 6536.981731573918
0.04297487357678407 4480.556412570576
0.05577583798436813 4182.600957057597
0.06882863412500535 3867.3579036205547
0.08110696464570483 2586.2671127210565
0.09370674553631747 2303.2961880820276
0.10636019509318768 1673.0416019466816
0.11912643058557937 1689.336472710365
0.13176693543452628 1409.7699715341178
0.14419796924510328 1278.035212845681
0.15684580028039302 1039.1831312332256
0.16972024869412097 948.9510434460259
0.1822724571065708 868.6490107474561
0.19477416222977506 876.2699527477215
0.20733408359476652 684.4640702600552
0.21991992144750105 649.5734521897014
0.23253646283801294 581.203676874928
0.24518505143884034 544.6307681661347
0.2578378507460668 489.2698844651117
0.27039766737784704 450.5001927151404
0.28291044117596004 425.5263762494748
0.29557053798041827 381.89556571440994
0.3081399642793121 374.38695246772295
0.3207216073146952 340.88286167031936
0.33341168081967804 323.4530907053802
0.3460758772037972 307.5334487935592
0.3586128576244027 291.9078667229902
0.3711536269502735 277.01323203943593
0.38366727025124014 259.29235907796567
0.3963071427257875 243.13268141366657
0.408939959315312 234.40765667932928
0.4215634989091973 218.52906810184425
0.4341807950257205 210.39891647431182
0.4467620576802392 198.70497825618875
0.45936920285149585 186.04393743787958
0.47189654828056143 179.6219778035579
0.4844735038218238 173.93301471321567
0.4970859006058831 162.83150649487018
0.5096361353798285 157.90235663338294
0.5222277017157813 151.3005913846365
0.5348355227589737 142.37870964231743
0.547492003978861 140.01596664984854
0.5601365361534076 132.8103135785333
0.5727270239485891 128.62323829798734
0.5852520646971223 123.28214245355841
0.5977898476833493 116.50500795161682
0.6103996074847239 113.84224903524772
0.6230020924267458 107.91783579487445
0.6356030860286781 105.06711625708132
0.6482301980282447 100.39102719479061
0.6608495463994326 97.22262378332876
0.6734744173918977 92.55497280647232
0.6860022567240294 90.38012092497658
0.6985809637891256 86.72064634359677
0.7111908491771027 83.42270701823469
0.7237149565943725 80.88820541652555
0.7363081577644071 77.84370173326239
0.7489074805118833 75.09932145562745
0.7615319556341392 72.34212791379034
0.7741323050847901 69.4912096624652
0.7866754473434125 67.57176734655108
0.7993235825500545 65.60481937111356
0.8119084864763899 62.864126827658765
0.8245003008650967 60.45732668123215
0.8371030476789417 59.253636837281604
0.8496433960979567 56.967409807603595
0.8622716392224974 54.45869707384458
0.8748814140551398 52.78776147376545
0.8874320306379392 51.06756256465775
0.899982769915277 49.75615781628283
0.9125618598383726 47.701400453159174
0.9252292314560245 46.46578871756678
0.9378544149867096 45.05826377432495
0.9504457821018752 42.93920875353034
0.9630431388995863 41.95267432929559
0.975598864604336 40.5801415100998
0.9881575396632205 39.06993918372908
1.0007426245805 38.194091280905674
1.0132961828208304 36.83057599666401
1.025872310735661 35.40274070103143
1.0385360311261853 34.228963546663415
1.0511519513207852 33.12483833624266
1.0637085884787136 32.03241988828247
1.076294990202559 30.97173822470271
1.088919425178855 30.161137627326845
1.1015128135865686 29.058051054316486
1.1140372123598745 28.019295833429563
1.1266438572582125 27.274921490552853
1.1392985127936894 26.410660267881475
1.1518802725229729 25.495503266858616
1.1644525285109728 24.81287761604518
1.177044553953351 24.025663370560206
1.189624043794471 23.32451218781797
1.202206340973006 22.223540184122392
1.214770890664546 21.724938025512955
1.2273521312637663 20.931153350089573
1.2399769911738847 20.441635503746443
1.2525667220095913 19.696580947613043
1.2651332198084144 19.001885151612733
1.2777516590554714 18.524321091474874
1.2903456750126339 17.826265705468746
1.3029343638221413 17.36672995324189
1.31553769290469 16.885822730885153
1.3281174714819148 16.32447442791665
1.3407038618127083 15.808065668820891
1.3533039956323618 15.280216641422854
1.3658801979009818 14.900656036414434
1.3784547377611005 14.40358780388673
1.3910282284727498 13.794567766224025
1.4036176088634338 13.441643097573339
1.4162307266845793 13.200096302439153
1.4288327238231282 12.781900011555532
1.4414357605605042 12.402961776815223
1.4540420662985796 12.026357224780394
1.4666290001310258 11.634159779450762
1.4792232339276072 11.33999997067649
1.4917979405670891 11.047245475829586
1.5043420725912193 10.735628986474085
1.5169427293249715 10.40834344163303
1.5295424653470135 10.225468538054855
1.5421299704605795 9.921298196507875
1.5547395520031284 9.595266062866727
1.5673496087201604 9.422348508689119
1.579969987973013 9.157129647470587
1.5925093854124406 8.93102580259132
1.6050513674379812 8.69139544931358
1.6176486600174436 8.475244028990117
1.6302445001949621 8.159960211523828
1.642852769411219 7.91432083748476
1.6554322216394588 7.618580463239344
1.66804402558591 7.338633387432042
1.680678920689044 7.038395659825822
1.6932331315938995 6.7941542593693125
1.7057845975195365 6.572915729382066
1.7183896309732485 6.34659333944158
1.7309874185440763 6.148808134494964
1.743562344893764 5.930106692933067
1.7561426634640462 5.694255046580935
1.7687458921757886 5.516944276270247
1.7813334782050292 5.340723998488495
1.793898552695834 5.153847686977747
1.8064980806819706 4.975656278924395
1.81909453636905 4.795662597204938
1.8316935397102865 4.65498946660153
1.8442938066535406 4.484417828769352
1.8568876791935864 4.34964465941447
1.8694996979258027 4.177165067457542
1.8820874678435326 4.045961905506914
1.8946480071290863 3.91850378147379
1.9072244238241254 3.807253217384643
1.9197955083167055 3.6981029422442258
1.932407719039254 3.562364391246789
1.9450267994293577 3.4523402213395404
1.957590129498694 3.339815111572082
1.970167723362537 3.2457468207108975
1.9827403283412801 3.103284133180475
1.9953314743596493 3.021196743458085
2.0079478346643724 2.9603133246664215
2.0205022754362663 2.8388357222803475
2.033091375229654 2.7758411250259787
2.0457223504519173 2.693527172460678
2.058276346288363 2.6064652443687844
2.0708699090952436 2.5342538085339728
2.08351994991157 2.455740972779497
2.096097125641404 2.377369015438321
2.108627206088836 2.3211822835664866
2.1211870915125464 2.233720183603691
2.1338231323869628 2.1836569435058855
2.1464102873771216 2.1198906447518606
2.158963563085561 2.057153331511266
2.1715722325463065 1.9960086639749222
2.184206232503577 1.935037693603809
2.196758254187643 1.912807632331032
2.2093298486834105 1.831572162042403
2.2219259092398067 1.7866238831430752
2.2344895913326464 1.7351721525420893
2.2470405345948836 1.656770850489009
2.2596241003144377 1.5910426866065697
2.2722295314965857 1.5204929873034227
2.2848348222229253 1.467532347698031
2.2974000386779942 1.3991759070471674
2.309967779970978 1.333443144924751
2.3225784835721344 1.2987694459353305
2.3351595212304153 1.2454043515841249
2.347693564989999 1.2179656635108838
2.3603433164871577 1.1641680350621104
2.3730332994737653 1.130525519487707
2.3855678635589768 1.0965389602927096
2.3980601433668585 1.0403570547325505
2.4107789685311043 1.029682758081095
2.423453109943771 0.9845593882516637
2.435831195209719 0.9674798737758693
2.4484709440435837 0.9121467837571599
2.4612848053934524 0.9126148778375403
2.47379488042397 0.8901989310598035
2.4861107686591293 0.8651820854257787
2.4987555116598057 0.852786483178836
2.511584783245328 0.8171449168025553
2.5240933241388865 0.81241441551418
2.53656270111075 0.7770752511321187
2.5493077516226434 0.7410605154215614
2.561978439831306 0.7581995982021578
2.574212755798336 0.7411084311201831
2.586731940134879 0.700188292051934
2.5998869040801718 0.6965004060155368
2.612601991730706 0.6918013744369174
2.6241685674096122 0.6868936452432354
2.636617431092506 0.6420872785551048
2.650287847625155 0.6390583276917404
2.6633415931334157 0.6306662739624661
2.674176912131961 0.6571999070434678
2.686549260713733 0.5964889377012023
2.7007770451010353 0.6137145778595053
2.714588441641011 0.6060797059415584
2.724874641447336 0.6395109236950094
2.736437828453106 0.607241882364687
2.750681750700184 0.5614274797814973
2.7647976990558 0.5865501691349152
2.776632163410763 0.45722895999195595
2.7856940556077947 0.6275629260780906
