35.599532064027706 2.457686940976601e-10
60.31812737832272 1.3229977698640722e-10
85.7939383011275 1.0839480234372986e-10
111.34945619269125 1.3923992314348002e-10
137.40772451420625 1.2463808015616885e-10
161.9198694830937 1.1554869065613713e-10
187.0737497476983 1.1871794160461048e-10
212.33477276476214 1.292168007371883e-10
237.82095873840984 1.1546757191782249e-10
263.05613927170435 1.168496465752864e-10
287.8731371823165 1.0785322571270142e-10
313.12294352662025 1.1178582580149387e-10
338.82516300831116 1.1351064229780521e-10
363.8840707944269 1.1295354475949409e-10
388.84215510577906 1.1644174729700966e-10
413.9164608330497 1.238459140208381e-10
439.04250557350076 1.1206025843012577e-10
464.2298460713666 1.161420539079757e-10
489.481164800131 1.1747754735321344e-10
514.7408896754397 1.1565207873899695e-10
539.8149863160064 1.179865809533406e-10
564.7951678468071 1.1542685986198059e-10
590.0694612589175 1.146466276662731e-10
615.1627423930925 1.187290391697938e-10
640.2804127074874 1.1552070187618529e-10
665.614550837714 1.1590395704938881e-10
690.8970285457912 1.191228688314528e-10
715.9255355585246 1.174688273003709e-10
740.9616066448085 1.199729779045677e-10
765.9435240288641 1.173875161776827e-10
791.1774421060835 1.1421945138791021e-10
816.3972739949347 1.1453212954138149e-10
841.5985855269995 1.1739605178068834e-10
866.7874327405682 1.1557495948057213e-10
891.9043436723358 1.1692591017938607e-10
917.0729257984381 1.159095101260715e-10
942.0821977605266 1.1455758932071939e-10
967.1905100815662 1.1657786275153403e-10
992.36957639313 1.1645681269133426e-10
1017.4245440578218 1.1650781703605212e-10
1042.5620249956337 1.1578560874037715e-10
1067.7319564151796 1.1577440106179483e-10
1092.99903176674 1.163664427757127e-10
1118.242252349842 1.1756915954504913e-10
1143.3775801164472 1.1725243621166915e-10
1168.3822510732753 1.1461236626250498e-10
1193.4123603074856 1.1635976071103603e-10
1218.5861622142722 1.1695979994766295e-10
1243.74544077794 1.1732899297106013e-10
1268.9017420684017 1.1600293875804693e-10
1294.1101854597857 1.1822931543730386e-10
1319.30312974207 1.1684017574387265e-10
1344.507099244202 1.1718790430305314e-10
1369.5173572217375 1.1590117719615308e-10
1394.6291662401547 1.1671728492486914e-10
1419.8032188648222 1.1544223506447512e-10
1444.8060265429906 1.1642549236909659e-10
1469.946771221744 1.1835725390263918e-10
1495.0997368611104 1.1640280025268797e-10
1520.3029160580834 1.1614161746189094e-10
1545.4579313814045 1.1608472758060113e-10
1570.4987397299335 1.1553934523301534e-10
1595.749153314144 1.1825700582909736e-10
1620.873333587822 1.168694911552481e-10
1646.0113097318067 1.1596745494344183e-10
1671.1711110896833 1.1724763011131157e-10
1696.2063418882874 1.1612928231629124e-10
1721.417043428635 1.1632721882911827e-10
1746.5908753434605 1.1625156369674453e-10
1771.6466052415815 1.1745523018973006e-10
1796.7025800839403 1.1593362667867409e-10
1821.8151534302738 1.1596492158086371e-10
1847.1039700933527 1.171809300753703e-10
1872.3085635387924 1.1643963266566236e-10
1897.445646757321 1.149540843451087e-10
1922.5946876248656 1.165672196743579e-10
1947.6606172433555 1.1628242118231711e-10
1972.7324348769953 1.1598544356244698e-10
1997.8569764763638 1.1648222859324981e-10
2022.9185790243318 1.174430359548393e-10
2048.025239093134 1.1625544837059682e-10
2073.3067665397743 1.1607128285594381e-10
2098.4928668980115 1.1672193981905457e-10
2123.5606161183123 1.164981073275995e-10
2148.6877865566253 1.1713793895710236e-10
2173.8908856072303 1.1551478775005539e-10
2199.0320040824968 1.1634066903007925e-10
2224.0353934164027 1.1674751823673174e-10
2249.202976810447 1.167507378009385e-10
2274.4664074123525 1.1598237026232259e-10
2299.5843106914654 1.1590355215656704e-10
2324.6832409445874 1.1712131676681082e-10
2349.821638430723 1.1633913299078644e-10
2374.9350101631703 1.1717076131913966e-10
2400.0539863922204 1.176614061355655e-10
2425.1375319922195 1.1620381872706983e-10
2450.254398893353 1.1602672313168811e-10
2475.458346270972 1.1625716649456724e-10
2500.5921628630445 1.1690350012971328e-10
2525.67959761459 1.167065947853944e-10
2550.8707269447145 1.171691886693176e-10
2576.013098243648 1.1589622501737351e-10
2601.1448345612725 1.164583125577204e-10
2626.3057983454946 1.1690814325022904e-10
2651.4197465033158 1.1641207560636866e-10
2676.5468941968306 1.16516663425533e-10
2701.701479039945 1.1595088912140902e-10
2726.80828754675 1.1653673949102292e-10
2751.911777263748 1.1705017952651616e-10
2777.013172487579 1.1645940048441172e-10
2802.146289460173 1.1655653864556857e-10
2827.326795231732 1.1670368009866264e-10
2852.4850999570244 1.1761231603392111e-10
2877.645480110822 1.170373674124041e-10
2902.8123864139943 1.1711565118749197e-10
2927.940619140306 1.1637002033692601e-10
2953.083425328283 1.171982022529934e-10
2978.1872479993353 1.181282732924101e-10
3003.2300322904057 1.1692223559098433e-10
3028.38566106585 1.1627016943842594e-10
3053.539451755988 1.1710918670625495e-10
3078.668824973314 1.173829179437001e-10
3103.842271008741 1.1688720132868345e-10
3129.016665670351 1.176266649226519e-10
3154.21166797842 1.17374062455834e-10
3179.245000265702 1.1767889634577885e-10
3204.2834923545856 1.1707131579466973e-10
3229.433361678227 1.1764045470123583e-10
3254.5802155245424 1.173680421076353e-10
3279.7503035783498 1.1690285126409734e-10
3304.870841023803 1.1787355338567563e-10
3330.0492985451697 1.169976089200001e-10
3355.2748795238854 1.1753753918007282e-10
3380.345692842643 1.1778600337225264e-10
3405.4056648137985 1.1761190443323774e-10
3430.572507080301 1.1767985027609669e-10
3455.71727547552 1.1758089355973468e-10
3480.8300651078534 1.1829561379038926e-10
3505.951687845159 1.1659507121510973e-10
3531.0974819338685 1.1786207837514729e-10
3556.2297227222293 1.1816065633475394e-10
3581.330996159322 1.1772879094793117e-10
3606.4805892430427 1.1815767588916494e-10
3631.6319951255196 1.1792622260349886e-10
3656.796990096104 1.179603438008693e-10
3681.95235807423 1.1834857731166308e-10
3707.074479608857 1.177314644929486e-10
3732.23107589734 1.184564755050645e-10
3757.408395200317 1.189630542693831e-10
3782.4926866180676 1.1853377713537688e-10
3807.5674511060533 1.1845976531956315e-10
3832.669427869217 1.1805819610816076e-10
3857.8451876731533 1.187316043120079e-10
3883.047747757947 1.1895829579239506e-10
3908.1384833737575 1.1815545968680158e-10
3933.236187991543 1.1879471185052065e-10
3958.335416526681 1.1921274746412244e-10
3983.490743926377 1.1893033063071438e-10
4008.653749759813 1.1825482963252322e-10
4033.7288893643927 1.1881506170837977e-10
4058.8868708588543 1.1928577690013282e-10
4084.0811777399836 1.193340370080638e-10
4109.207560371926 1.1924178579210907e-10
4134.349049248377 1.1966115441700458e-10
4159.503234621584 1.1973626321902728e-10
4184.621587237819 1.1921785390971382e-10
4209.7281168009 1.200017839212984e-10
4234.837870342997 1.1972789639615568e-10
4259.973066870728 1.2006517023460263e-10
4285.143528199993 1.1993253820239695e-10
4310.293296907868 1.2040819643736955e-10
4335.417065016252 1.20773571650951e-10
4360.550562860205 1.2060821427521912e-10
4385.677813570648 1.209387347457804e-10
4410.8443617022085 1.2065549590081945e-10
4435.9727065312245 1.2069385733205542e-10
4461.022910568681 1.210505626717641e-10
4486.13038929069 1.2170051274452404e-10
4511.292857742717 1.2131471840146657e-10
4536.481457438943 1.214484080997423e-10
4561.580127245688 1.2187730124780972e-10
4586.681331875503 1.2177913031198013e-10
4611.894947559678 1.220877807704747e-10
4637.041605779793 1.218982869538642e-10
4662.161548781153 1.2234158995471136e-10
4687.299649206823 1.2321749209004638e-10
4712.47777369789 1.2277951548438078e-10
4737.599327725733 1.22846788177167e-10
4762.6679609793155 1.2359828209647634e-10
4787.778909332088 1.2333033250067776e-10
4812.937066905883 1.2353298345591203e-10
4838.078818305213 1.2421741747209078e-10
4863.187730994561 1.2417841903396e-10
4888.331826492684 1.2390811154414202e-10
4913.495955951102 1.2427203836405623e-10
4938.666119593877 1.2473992510458743e-10
4963.743843303164 1.2489522976140345e-10
4988.8348928461155 1.2584334749496704e-10
5013.9980596320365 1.2540117242928612e-10
5039.136710431836 1.2631798148884392e-10
5064.266158086962 1.262493451667222e-10
5089.4034223931585 1.26252384576695e-10
5114.555572071209 1.2682402572866001e-10
5139.685990312291 1.273711085616235e-10
5164.841998280661 1.2714609899398655e-10
5190.003907106144 1.2725370696329084e-10
5215.108991711762 1.2808338257732648e-10
5240.2116573422445 1.2809325025166817e-10
5265.348839227692 1.2820769525074606e-10
5290.490773083406 1.285396767032931e-10
5315.606383780594 1.2927831462931856e-10
5340.724316189297 1.2949497345065343e-10
5365.9078456442885 1.3029660098947614e-10
5391.069937825275 1.3032532208101472e-10
5416.1535056047705 1.3074882501626017e-10
5441.278265403838 1.3137796946300122e-10
5466.411256854217 1.3195097180347893e-10
5491.555188061869 1.3191818520050773e-10
5516.691368747492 1.3263835445484334e-10
5541.788827471865 1.3307250117340766e-10
5566.945807215648 1.3333825219503947e-10
5592.089731204449 1.3411975028926542e-10
5617.224141932954 1.3503235898646156e-10
5642.372409461824 1.3510642349713358e-10
5667.5053085208 1.3549862506629532e-10
5692.627365593525 1.3587417444288926e-10
5717.746543937764 1.371069847162402e-10
5742.903710039829 1.3722043072687563e-10
5768.0651934110465 1.375928600974108e-10
5793.172059848517 1.3861251746717812e-10
5818.287466657242 1.3910302220508024e-10
5843.436030610244 1.4001014810385653e-10
5868.600895287862 1.4061397204966344e-10
5893.731756228825 1.4111064948297274e-10
5918.840663564159 1.4194406236254784e-10
5943.986064149369 1.423185208476477e-10
5969.096610991783 1.431936685030173e-10
5994.172730725258 1.4397785613117583e-10
6019.306540243396 1.44343195520783e-10
6044.4681832064725 1.4575552946539424e-10
6069.611438658771 1.4609099828980878e-10
6094.759865825102 1.472534676270275e-10
6119.918408317419 1.4842933535194724e-10
6145.087656905551 1.4908535375688181e-10
6170.210506903115 1.5007112493715534e-10
6195.304165860002 1.509167367719337e-10
6220.461276113047 1.5245371674002537e-10
6245.598979642496 1.527678421884652e-10
6270.686845731264 1.5412179417883104e-10
6295.825834110255 1.5503862988192804e-10
6320.985908963123 1.5593444004025862e-10
6346.113984455324 1.5703469824341512e-10
6371.213149661307 1.5852270860458706e-10
6396.359521362583 1.5982557750396507e-10
6421.543006516726 1.6121977242409978e-10
6446.65421564033 1.6232681883457823e-10
6471.76449778982 1.617966642906531e-10
6496.907341619227 1.6234744271624354e-10
6522.03350986862 1.6294459806270532e-10
6547.170860341031 1.6335865180076615e-10
6572.299108770391 1.6326853595695807e-10
6597.411560482536 1.6350052848221884e-10
6622.548915416917 1.6472770373462917e-10
6647.693707943662 1.6470791685728728e-10
6672.854247311611 1.6516849173839443e-10
6697.980214608581 1.6582362393676109e-10
6723.0681943032805 1.6620445209857063e-10
6748.231952381212 1.6663189774822322e-10
6773.413942764 1.6657970241272803e-10
6798.507273441325 1.6738082444634136e-10
6823.632557679515 1.6859232033496504e-10
6848.792964211219 1.6857899832818996e-10
6873.928295014829 1.6926487985183545e-10
6899.0612208876455 1.697533553119599e-10
6924.167788980894 1.7007533727563135e-10
6949.3342402331 1.7049830993942686e-10
6974.454691729092 1.7152457395698708e-10
6999.534193893173 1.7201975013049577e-10
7024.6839608176015 1.7249840086106204e-10
7049.833993551123 1.7264082167759719e-10
7074.966527960984 1.7385564064525604e-10
7100.099888494331 1.7404166085929856e-10
7125.24806459519 1.7484815876033295e-10
7150.3772513004815 1.7529292000885166e-10
7175.504112716812 1.762289824976687e-10
7200.626513011817 1.7712636919309257e-10
7225.759964495953 1.7752827643741538e-10
7250.895048834101 1.780005821542455e-10
7276.012215058151 1.7882114654805494e-10
7301.152368758255 1.8056440428111814e-10
7326.293784966839 1.8020546953713395e-10
7351.441359293519 1.8162739570524545e-10
7376.586110985803 1.821445893449845e-10
7401.70877504393 1.8315339500780327e-10
7426.844755678841 1.8390678887904364e-10
7451.976847061477 1.8478259118755197e-10
7477.091333715199 1.8543190710243786e-10
7502.235074414396 1.861667626334799e-10
7527.384483642957 1.8734056506054412e-10
7552.516438712561 1.8790035015085345e-10
7577.6156481188555 1.8902342321478176e-10
7602.758426536976 1.899298344951834e-10
7627.92058365069 1.912275707277143e-10
7653.0167799819055 1.927220258517259e-10
7678.1375368428935 1.9264945796037938e-10
7703.289705347334 1.943283419487418e-10
7728.46960785164 1.95805390612564e-10
7753.573494512738 1.9639095380176226e-10
7778.644474094682 1.9809400901030214e-10
7803.799458609335 1.9972161729426579e-10
7828.965175628869 1.9988056451073548e-10
7854.113748229413 2.013056299256756e-10
7879.235374844222 2.0337692478489194e-10
7904.380255556778 2.0357298281057029e-10
7929.545842726955 2.0559102653125628e-10
7954.662988870281 2.0635259024064382e-10
7979.76850846632 2.0789824641260075e-10
8004.909642122798 2.0980212176245103e-10
8030.028649126337 2.1130992993213515e-10
8055.127715545788 2.1150008697970383e-10
8080.263845502914 2.1344872783500232e-10
8105.436419171598 2.1476054904648775e-10
8130.570323793355 2.173263707040339e-10
8155.665587546455 2.185452691624832e-10
8180.801853412466 2.2065350028985162e-10
8205.970284191062 2.2171998673648255e-10
8231.118910517613 2.2383095049172156e-10
8256.242158542831 2.2394414001715915e-10
8281.396125149611 2.264810929688314e-10
8306.564546185005 2.2880142022267159e-10
8331.643325690777 2.3062619864613156e-10
8356.717400144911 2.322675627235602e-10
8381.89692581888 2.3527611274589054e-10
8407.040580359058 2.3645286700621805e-10
8432.120016626235 2.3926740556534746e-10
8457.252952999646 2.4133907355526106e-10
8482.382008074768 2.423785006640753e-10
8507.514134632294 2.44087289910829e-10
8532.658622752868 2.473865653687443e-10
8557.832975446205 2.4805843475126563e-10
8582.990776350842 2.5178652473866267e-10
8608.065450530612 2.530888057630609e-10
8633.195879852594 2.56437213260435e-10
8658.357153236211 2.598760014183238e-10
8683.504585908619 2.6108766990998547e-10
8708.633115169934 2.6292154651405885e-10
8733.744238731464 2.6359663397709724e-10
8758.85606574348 2.682009312951747e-10
8783.991210122236 2.686372729945221e-10
8809.108239827901 2.7260275984915313e-10
8834.234011158453 2.736058698249691e-10
8859.415590479182 2.7469874422859694e-10
8884.544647973638 2.795817709302712e-10
8909.59454312268 2.802979771780523e-10
8934.754429233886 2.8254914348173076e-10
8959.958582251322 2.8257104959699545e-10
8985.047473959976 2.857784843136411e-10
9010.169076367196 2.8699580673379354e-10
9035.28520194706 2.870071942293488e-10
9060.397218856155 2.8809488979435556e-10
9085.46247889573 2.9060955525250937e-10
9110.60642910691 2.913413154368899e-10
9135.841423498807 2.9127365444185835e-10
9160.928932392066 2.923797109740886e-10
9186.063862320887 2.923767843153841e-10
9211.265164998358 2.9492269384401433e-10
9236.383972771624 2.9590304891288514e-10
9261.478577076316 2.988646045336535e-10
9286.59190960946 3.010873510983313e-10
9311.756376245852 3.0263460700219714e-10
9336.87541546236 3.0540633530315435e-10
9361.931819059764 3.05720430716823e-10
9387.083430263756 3.08623089285154e-10
9412.268878164954 3.100885459576273e-10
9437.415972759743 3.141665519941894e-10
9462.472583662973 3.178085365659145e-10
9487.56090014896 3.1896401434864893e-10
9512.822056390534 3.229545913508249e-10
9537.971497194132 3.2509822014846437e-10
9563.030137371132 3.2797456725051823e-10
9588.213045347718 3.292643880310464e-10
9613.4753718399 3.3359198859689887e-10
9638.55415408472 3.365955410889218e-10
9663.585745064554 3.35289027419062e-10
9688.838652645241 3.465529989965729e-10
9713.984138958971 3.4761748116830274e-10
9738.975662824361 3.4979530145587564e-10
9764.146121851792 3.518987836120523e-10
9789.461884391412 3.6025419819956366e-10
9814.543114546208 3.6312744942155444e-10
9839.467470442753 3.6597976066541027e-10
9864.704943133922 3.6660982202754775e-10
9889.925917874865 3.7700516515419814e-10
9914.923574609424 3.789324394955194e-10
9940.007314440765 3.833273345335236e-10
9965.24205935277 3.886596023167275e-10
9990.492925946253 3.92308126518154e-10
10015.487260787553 3.9890130920913673e-10
10040.474592254233 4.064358497701146e-10
10065.826080986368 4.0715238944475975e-10
10091.061950321435 4.1276779768394044e-10
10115.923300504952 4.249327057972668e-10
10141.055315288948 4.2091107017886e-10
10166.488262708583 4.361954183255688e-10
10191.611280240446 4.394617717407612e-10
10216.388462952362 4.493706032937731e-10
10241.621123372624 4.5204986103742227e-10
10267.17420763994 4.548407694560442e-10
10292.069667747053 4.71152957393729e-10
10316.730385331639 4.763209546070949e-10
10342.18296008702 4.919870793390598e-10
10367.682448555772 4.929267232559228e-10
10392.51962906917 5.028100362500407e-10
10417.471660608446 5.121122547317289e-10
10442.981704138248 5.193435439932638e-10
10468.015730946994 5.338350712167608e-10
10492.319234568033 5.297935434753306e-10
10517.875872604796 5.414583095163703e-10
10543.928759444956 5.693247325883823e-10
10568.406266587388 5.810482579977167e-10
10592.445823485099 5.834436266065523e-10
10618.452330440885 6.051043704511805e-10
10645.010333093584 5.968715525446736e-10
10669.070446287946 6.354345604452916e-10
10692.654101192467 6.365074926415541e-10
10719.21827664678 6.449553891205e-10
10746.15967489949 6.53207302168596e-10
10769.085999546487 6.911552934064161e-10
10792.151909173763 6.770219528676495e-10
10819.86171061472 7.212771511320662e-10
10847.575758666502 7.267822377104391e-10
10868.686893163896 7.4916774063631e-10
10891.441684214176 7.26684364086855e-10
10920.088063556643 8.364462529271491e-10
10948.558600786348 8.237720813752236e-10
10970.250854532651 8.040884969838086e-10
10991.791897610996 8.254124607568264e-10
11020.471956680318 8.160798649654724e-10
11049.097558484435 7.775171602343795e-10
11071.871952481326 7.843090728917653e-10
11091.629266369888 7.164740438102107e-10
11118.925324958662 4.196188314733792e-10
11144.286060927425 1.0851585201016231e-10
