17.799282449393914 5.7690631428754195e-09
30.158244330131165 1.5355020400138227e-09
42.895803729136745 1.113894735296255e-09
55.673215529785544 1.1121634605642397e-09
68.70199571606824 1.0052794713458071e-09
80.95773522851493 8.707466373332202e-10
93.53433367151361 9.388545774533481e-10
106.16450203531906 9.926522925407677e-10
118.90724881881184 9.4461592084727e-10
131.52449629177588 9.153033760734143e-10
143.93265813397477 9.694505689218286e-10
156.55721831376698 9.094041109155224e-10
169.40797891669084 8.996070341389513e-10
181.93709241054745 8.886865996847198e-10
194.4157955366043 9.113127586695309e-10
206.95260779187333 9.069430932324991e-10
219.51528885091187 9.155240671602571e-10
232.10861695601872 9.48150945546222e-10
244.73393330749713 9.57165111397698e-10
257.36345261805883 8.906655204855761e-10
269.9001603328162 8.931221980994e-10
282.38991176842956 9.086473037501232e-10
295.0267151494937 9.481186030700759e-10
307.5730148504538 9.355464592540858e-10
320.13150881022216 9.132405078968008e-10
332.7982337374162 9.120596243793516e-10
345.43912915528864 9.07452206333962e-10
357.953042675417 9.016343320923037e-10
370.4707381295705 9.0338618183434e-10
382.96135746823154 9.30238532698615e-10
395.57797373030724 8.939974761756387e-10
408.187547089545 9.164542225224709e-10
420.7878605219693 9.104842385410446e-10
433.38194196446045 8.987712891583251e-10
445.9400562432305 9.240965762197278e-10
458.52400541726854 8.970656883923146e-10
471.0283016733626 9.06520770292543e-10
483.5821167635719 8.938148800179228e-10
496.171307887924 8.983957763894955e-10
508.698451374591 8.894930585804888e-10
521.2668503769611 8.921685804279625e-10
533.8514741793923 9.034738228658499e-10
546.4846686282312 8.869211444334748e-10
559.1059360168833 8.860059281990386e-10
571.6732584628988 8.840841406232492e-10
584.1752542788624 8.707798876352421e-10
596.6899688879647 8.704500546164949e-10
609.2765278814396 8.78464997652038e-10
621.8558254006396 8.771796172050529e-10
634.4336343236798 8.680659697591041e-10
647.0375135888847 8.644916484914117e-10
659.6336435100793 8.804919022413334e-10
672.2352858914314 8.682770943603112e-10
684.740075141855 8.663358122854566e-10
697.2956385332541 8.606779843734034e-10
709.8823228822637 8.553773660340084e-10
722.3833870842083 8.652466809401282e-10
734.9534179127147 8.534050243480232e-10
747.5295590555185 8.514434818151538e-10
760.1308062950267 8.475869788777687e-10
772.7079722519649 8.454694844857395e-10
785.2280362728902 8.541075855829717e-10
797.8529000643871 8.361930444042929e-10
810.4146489153659 8.412993718350332e-10
822.9832955140956 8.341129751616164e-10
835.5628544232984 8.317223848377731e-10
848.0801297450264 8.270751310331919e-10
860.6851380540387 8.266336531472234e-10
873.2717120511254 8.217645378877461e-10
885.7992366441529 8.274718566794004e-10
898.3268837059721 8.145589368653573e-10
910.8828292509468 8.161784782835448e-10
923.5268940602119 8.164233516780221e-10
936.1288484047424 8.068360326510468e-10
948.6970485528734 8.05647051946253e-10
961.2712273630802 8.012233368561632e-10
973.8038516777397 7.939123279458757e-10
986.3394199199914 7.940489280368202e-10
998.9013494289073 7.972623371553603e-10
1011.4318102670845 7.958156659888313e-10
1023.9847992536193 7.945145265940905e-10
1036.6252195536815 7.925280294801471e-10
1049.2179276058203 7.876523620502887e-10
1061.7514616966675 7.779914700388786e-10
1074.3147055893455 7.760753707321667e-10
1086.9159127567586 7.690175800288573e-10
1099.4861304784438 7.678227745979779e-10
1111.987485500356 7.669335453645386e-10
1124.5709353219318 7.649851233839963e-10
1137.2023074454535 7.562543312960836e-10
1149.7609178844161 7.571595562188113e-10
1162.3100420681121 7.497099706138146e-10
1174.878899332194 7.420827942462707e-10
1187.4352440593802 7.419918551993559e-10
1199.9943909587366 7.430480686382568e-10
1212.5358230248557 7.334397600668812e-10
1225.0939152889073 7.333707993968815e-10
1237.6955466083032 7.278907172438933e-10
1250.26211348758 7.279556014483332e-10
1262.8054900766424 7.23449599221966e-10
1275.4007125464113 7.185767573356044e-10
1287.9715566629116 7.152439699322425e-10
1300.5370834332227 7.072972497877567e-10
1313.117223539808 7.084758542554411e-10
1325.6738564718512 7.020420341936801e-10
1338.237088992439 6.966623174386167e-10
1350.8140397151215 6.989627287156537e-10
1363.3671029186414 6.887541323749193e-10
1375.91850677234 6.874146632274246e-10
1388.4688634079066 6.857171345710298e-10
1401.035080486948 6.825392126815574e-10
1413.6249913217437 6.764477693557585e-10
1426.2038019349848 6.720940292128087e-10
1438.7836502342857 6.706676644639127e-10
1451.366761519623 6.66965971881901e-10
1463.9305365418704 6.630851328974445e-10
1476.501598096985 6.593567511826401e-10
1489.0531684231878 6.562713970708575e-10
1501.5742203885427 6.527319714460952e-10
1514.1516930632097 6.449331320332483e-10
1526.7282467201917 6.444462398367259e-10
1539.2925919724537 6.408744137806871e-10
1551.8789730350832 6.388691160966379e-10
1564.4658283979177 6.34784733841186e-10
1577.0629873040484 6.291667776149643e-10
1589.5793133959048 6.272914986500324e-10
1602.0982193184714 6.19841505311676e-10
1614.6728123454727 6.192440020316689e-10
1627.2458976747735 6.131815723242936e-10
1639.8305997922077 6.10189920316579e-10
1652.3905272785582 5.998278562544221e-10
1664.9794140160814 6.025433229670193e-10
1677.591861842156 5.996489091235871e-10
1690.1269279406094 5.941416623016357e-10
1702.65657351253 5.905961270880336e-10
1715.2396527804024 5.870382325011488e-10
1727.8116954124835 5.803766191183653e-10
1740.3677490975201 5.790541680075937e-10
1752.928219215054 5.716273425364626e-10
1765.5007746799474 5.663777088545887e-10
1778.0665536787742 5.646279754571589e-10
1790.6168494226258 5.632117849133225e-10
1803.1913043334196 5.563272395573203e-10
1815.7666656189663 5.524363183270855e-10
1828.3488212639732 5.506113579861049e-10
1840.9261635435234 5.440596628949869e-10
1853.4868830529429 5.425992203294008e-10
1866.064839470986 5.412653778261448e-10
1878.6531571147761 5.333272715233979e-10
1891.19496207964 5.290311953137715e-10
1903.7320037090349 5.272120515178389e-10
1916.2826511063681 5.249900086126407e-10
1928.8701890218217 5.190890231204942e-10
1941.4711267136504 5.168056984439007e-10
1954.0161536900064 5.123321193560492e-10
1966.5646650726833 5.07015164497714e-10
1979.1139383933353 5.025955259195832e-10
1991.691260384222 4.995906605966557e-10
2004.272421487675 4.973521014319528e-10
2016.8096506702714 4.91400248289913e-10
2029.3882996724874 4.882544027844823e-10
2041.985110874595 4.839515413688227e-10
2054.547960874789 4.813015244838194e-10
2067.118363792035 4.778407388311003e-10
2079.6951147851905 4.741919780567703e-10
2092.253949886611 4.70335827124599e-10
2104.8068736220575 4.657531560141262e-10
2117.361409303218 4.618626205367696e-10
2129.928666131579 4.5935144609710515e-10
2142.5135548816716 4.571879608779038e-10
2155.0880976021567 4.518946445822885e-10
2167.6496403760875 4.487277899131932e-10
2180.216047885634 4.432159380967663e-10
2192.779331913287 4.4070477107076683e-10
2205.3622641176835 4.388328538666072e-10
2217.9260951897604 4.3329677231365217e-10
2230.450856927519 4.303581863721491e-10
2243.0042552295363 4.271195464910846e-10
2255.5851476495845 4.2320087860891065e-10
2268.1791053367665 4.1752900829564614e-10
2280.7280993008126 4.1740414271423867e-10
2293.27836064196 4.1410503164453186e-10
2305.8848259833003 4.101568766063176e-10
2318.457813502158 4.063807203985643e-10
2331.017443774537 4.0182637971173526e-10
2343.586152512421 3.9855439273093534e-10
2356.1748727393183 3.9753899171385976e-10
2368.7353085030545 3.923874336799845e-10
2381.269284598534 3.8877198694483417e-10
2393.824417668802 3.862514026080458e-10
2406.4031547082927 3.825414180398857e-10
2418.9736888834123 3.804117222291872e-10
2431.5278041496204 3.7614066178944426e-10
2444.0995103422943 3.7181768198837057e-10
2456.6812332429745 3.697846564555996e-10
2469.2659731538665 3.671659624116388e-10
2481.8044943537134 3.6514747943201966e-10
2494.349678289376 3.6141459003674576e-10
2506.9309198668852 3.570100157834033e-10
2519.4999037843572 3.558478392079373e-10
2532.0642862545083 3.5193829802775094e-10
2544.6325769440136 3.489160978684661e-10
2557.2083101172434 3.45492760092571e-10
2569.773177867188 3.4344280114216444e-10
2582.350840133167 3.399043651451026e-10
2594.931452747545 3.3742214666924365e-10
2607.483654023889 3.3515624796749497e-10
2620.034645845524 3.3202593389850585e-10
2632.602895325774 3.281461738775018e-10
2645.173520726607 3.250665043631197e-10
2657.7309849057497 3.2197012576760486e-10
2670.2896099091117 3.1889434584672745e-10
2682.8810325445506 3.176457951933453e-10
2695.4617368341897 3.142479703035467e-10
2708.0031799897556 3.1174397420024247e-10
2720.565218595558 3.087716713957766e-10
2733.131372915196 3.078821345447776e-10
2745.702996964866 3.045986162809729e-10
2758.2707458588043 3.0091970652958404e-10
2770.819134298115 2.9927163358046143e-10
2783.3972824385996 2.9623466035167547e-10
2795.9689028789426 2.9383229421848565e-10
2808.5357668183647 2.9127400593625557e-10
2821.109558969739 2.895082382010483e-10
2833.6756670949317 2.8615571731158705e-10
2846.236354374275 2.838587155819418e-10
2858.7956023284805 2.816907544549893e-10
2871.373843645575 2.7936847352112557e-10
2883.9542435385997 2.767849410100021e-10
2896.5073357066653 2.7510064036032486e-10
2909.064697944346 2.7312958708402895e-10
2921.6386383037607 2.7033611006265325e-10
2934.2207288040536 2.688946197912661e-10
2946.785817897925 2.6602334664349614e-10
2959.3399304871987 2.6369527637838004e-10
2971.912289205688 2.6178610971323057e-10
2984.467221526231 2.599243098137974e-10
2997.004940759961 2.5727802202290564e-10
3009.571504102366 2.552081432457172e-10
3022.151983789153 2.5369177449370935e-10
3034.723269970325 2.515694266037672e-10
3047.297141938262 2.493633990398472e-10
3059.876071431785 2.475452808151306e-10
3072.4603538277847 2.456414481942282e-10
3085.021437558777 2.444309236926958e-10
3097.567926165961 2.4304184343353883e-10
3110.1461395593033 2.4071491980458053e-10
3122.7146498544685 2.391475231112819e-10
3135.258242106283 2.36937659636053e-10
3147.827394808766 2.3461286439771374e-10
3160.407090461749 2.3315374888120785e-10
3172.9707868690766 2.3227129085528573e-10
3185.520028526012 2.296106186460534e-10
3198.0928727893424 2.2865418474109002e-10
3210.6842732749587 2.2734626596362639e-10
3223.2395367271 2.2531809741631342e-10
3235.794336704777 2.232907272597999e-10
3248.365417080095 2.19553114797186e-10
3260.9281598919265 2.174956141463877e-10
3273.4964936633683 2.1503530049479164e-10
3286.060276536927 2.1257301551908255e-10
3298.616161266459 2.100330004047362e-10
3311.184497268826 2.0804407459626906e-10
3323.756551966342 2.0591724708117192e-10
3336.336479870556 2.027317129810495e-10
3348.899122208906 2.006529309402786e-10
3361.4427712621427 1.992600582044825e-10
3374.0243084776253 1.9617216276368967e-10
3386.614961597869 1.9406705312925042e-10
3399.161286069731 1.9192715897653027e-10
3411.7235868879698 1.8978294495424412e-10
3424.3034483758656 1.8802799195209296e-10
3436.8707723403422 1.8532264747721634e-10
3449.4368938720904 1.8338210041141528e-10
3461.989836872098 1.8166289661952066e-10
3474.572720638133 1.7919259554811708e-10
3487.132605150921 1.7756791828116374e-10
3499.6720155540065 1.751723366413565e-10
3512.2465573827926 1.7388012471476865e-10
3524.8212321125143 1.710520241746352e-10
3537.3871579181027 1.6906081642347637e-10
3549.953496774212 1.6672786982056927e-10
3562.527243212823 1.655068902319808e-10
3575.0914952116013 1.6323178975028818e-10
3587.654584597486 1.612224022624324e-10
3600.2154434833074 1.5917067041614383e-10
3612.781827813575 1.5751694193777332e-10
3625.3490285486687 1.5639465900736878e-10
3637.9072704701125 1.5449901755205042e-10
3650.4770058173217 1.530177603422686e-10
3663.0473724016215 1.507934775650521e-10
3675.6208179613177 1.490471352621307e-10
3688.192852242158 1.479433781910834e-10
3700.753843005957 1.4542798018075197e-10
3713.3214918772574 1.4368012239197532e-10
3725.887196175251 1.4220324640164738e-10
3738.4440983479294 1.4082973829368255e-10
3751.01562714596 1.3899370342272414e-10
3763.589990131671 1.3728427761708488e-10
3776.1556262750005 1.3606353995784555e-10
3788.704890031491 1.3462431632816634e-10
3801.2759377020548 1.3286007134126227e-10
3813.856674457176 1.311239434078571e-10
3826.404431717056 1.30036108053122e-10
3838.9644689081933 1.284132344106867e-10
3851.5402114943627 1.26667182867988e-10
3864.129820703727 1.2585513787663748e-10
3876.6814230240834 1.2422570981435778e-10
3889.216572251871 1.2264070840118782e-10
3901.793722804894 1.2163826467758682e-10
3914.376239464567 1.200834473010386e-10
3926.9501841476354 1.1828113092931756e-10
3939.5106562038677 1.17381087157813e-10
3952.0827549930923 1.1594917166955917e-10
3964.665206729851 1.1482452783168312e-10
3977.223438611205 1.1384601797502225e-10
3989.77585737685 1.1270669780286682e-10
4002.346082688935 1.1108666049296498e-10
4014.9052449751175 1.0967958563223338e-10
4027.454437240129 1.0896153928447751e-10
4040.0221607705075 1.0740945994342067e-10
4052.6081056616154 1.0649048660733335e-10
4065.174716554539 1.0535318051802233e-10
4077.7220075380296 1.0437246653824586e-10
4090.2897990210045 1.031765471847701e-10
4102.873672523346 1.0187096547733708e-10
4115.447644068687 1.009972302716341e-10
4128.008926808099 1.0041986612294777e-10
4140.585568421014 9.875098194735123e-11
4153.169437051885 9.77361055722106e-11
4165.7084861356325 9.727572217656883e-11
4178.245182757475 9.582625924362763e-11
4190.83460355679 9.521403907594237e-11
4203.406089276481 9.377451395508715e-11
4215.945466732011 9.282508804436816e-11
4228.511593513914 9.198058523753946e-11
4241.075779699396 9.171913394191514e-11
4253.641501584356 9.01216135167442e-11
4266.213404082922 8.926158507936518e-11
4278.80023846219 8.843237523527872e-11
4291.378797171947 8.761408134145021e-11
4303.915793648461 8.668274666307723e-11
4316.480666938705 8.576289087789651e-11
4329.0609618407825 8.438689159376508e-11
4341.634336575266 8.412865885955905e-11
4354.1982598609875 8.301716024674225e-11
4366.753480533253 8.197840117915552e-11
4379.309052921207 8.144109732788289e-11
4391.876283675791 8.023333039585903e-11
4404.434457339896 8.003895634499799e-11
4416.997001697698 7.810371546793933e-11
4429.587449292497 7.762042121111836e-11
4442.151636687612 7.62809416269725e-11
4454.676243985359 7.585204514332772e-11
4467.255845270075 7.528586173214395e-11
4479.857579406586 7.368345759385733e-11
4492.401684454411 7.287385523080191e-11
4504.962144407179 7.138514195624094e-11
4517.519866020666 7.08243458486098e-11
4530.075533354579 6.967533203123871e-11
4542.607822888877 6.855375690546595e-11
4555.179456440053 6.72833077230787e-11
4567.796610844847 6.598013482759548e-11
4580.340024503759 6.506993913788582e-11
4592.907148036287 6.378471096404154e-11
4605.5074570415345 6.308647208787118e-11
4618.066519715287 6.192692183793706e-11
4630.613480983532 6.131847408853429e-11
4643.169806111599 6.086158484211278e-11
4655.751697596686 6.003804957510996e-11
4668.310875988916 5.899223338302648e-11
4680.838737422434 5.829386918126865e-11
4693.414201365949 5.7243020435408545e-11
4706.00658319843 5.671646791611363e-11
4718.579788898698 5.6134991150922557e-11
4731.107753982313 5.561605700829137e-11
4743.651571426618 5.427538981267081e-11
4756.281806400869 5.3760293549283125e-11
4768.8561851736695 5.305005598902829e-11
4781.385164866603 5.245602848892365e-11
4793.976276771282 5.186019207983649e-11
4806.60709685494 5.1540562927345366e-11
4819.146147308175 5.098840452999947e-11
4831.661602769961 5.034559066035516e-11
4844.287713525819 4.958864728078701e-11
4856.860115107403 4.95992801697512e-11
4869.355537556236 4.8700789038930345e-11
4881.940425155443 4.767320269036677e-11
4894.597962536947 4.760877188231797e-11
4907.138236911917 4.7182839092846186e-11
4919.600076288736 4.654094628022182e-11
4932.218469809502 4.6219958187252176e-11
4944.82861457926 4.517247214144597e-11
4957.32710337937 4.511865580507216e-11
4969.868632558521 4.503380617965224e-11
4982.485662226759 4.4306364775015044e-11
4995.110752516738 4.356025461522316e-11
5007.607580415343 4.3172366415022835e-11
5020.100906721772 4.2710812268683033e-11
5032.7763067142305 4.243204813356252e-11
5045.393898578724 4.1406216254642474e-11
5057.824235954896 4.197862129737231e-11
5070.38990195461 4.119378704033196e-11
5083.106030184286 4.124530933157354e-11
5095.667197680153 4.062759592783461e-11
5108.055452463852 4.0093122871590156e-11
5120.671439914533 4.0125618365079296e-11
5133.447634936116 3.9933538203631735e-11
5145.895026810738 3.9584276409839256e-11
5158.225050612828 3.8693176664914294e-11
5170.950992243762 3.892092005783984e-11
5183.700390094106 3.844806076326651e-11
5196.118642963538 3.853349767784712e-11
5208.594319785778 3.7616256201090895e-11
5221.348995023269 3.712615757902376e-11
5233.865668366422 3.788831048240631e-11
5246.0170900391195 3.743441347496474e-11
5258.795061897153 3.7193148702939136e-11
5271.821151415859 3.6821976045321076e-11
5284.059572485597 3.6226322032851695e-11
5296.079024382073 3.5585779078519405e-11
5309.081924588615 3.712283149840374e-11
5322.360565152118 3.56113653851212e-11
5334.3902949176845 3.684041025514964e-11
5346.18180201052 3.5667516036912914e-11
5359.463528890979 3.510064331743783e-11
5372.933862046458 3.56384705569244e-11
5384.39671293968 3.567086325629659e-11
5395.929354426923 3.523663472070778e-11
5409.783878738566 3.503881600731884e-11
5423.640526297938 3.4031102263148054e-11
5434.195806773828 3.4543477391679515e-11
5445.572893198797 3.510061874859888e-11
5459.895693738758 3.4850549261189524e-11
5474.130575610971 3.420740211439666e-11
5484.976407817416 3.314537862228097e-11
5495.74663674392 3.486658492271106e-11
5510.086276689806 3.0664364214988234e-11
5524.398688742834 3.2772001216406596e-11
5535.785576374822 3.044858981042441e-11
5545.663964936542 2.7102281943825975e-11
5559.3116234423605 2.3050801708820826e-11
5571.991646927519 2.0290796028359677e-11
