0.017832091871974976 8419.799309155189
0.030213835030786847 6536.926677507705
0.04297487357678398 4488.51138978161
0.055775837984368005 4187.614622473115
0.0688286341250052 3879.7863874610807
0.08110696464570465 2600.107078809689
0.09370674553631726 2324.356049631008
0.10636019509318745 1684.2779271340162
0.11912643058557912 1702.457731997079
0.131766935434526 1424.8338455016928
0.14419796924510295 1296.2027633233147
0.1568458002803927 1058.9411988720228
0.16972024869412058 968.3693826760785
0.1822724571065704 889.8705619274436
0.19477416222977462 898.968151323343
0.20733408359476604 705.7663281967025
0.21991992144750058 672.2031059257364
0.2325364628380124 600.0679074865202
0.2451850514388398 564.4005680826705
0.25783785074606624 507.3220663864886
0.27039766737784643 468.8601037027741
0.2829104411759594 443.77842070112575
0.2955705379804176 398.10765204787305
0.30813996427931145 390.19038866597805
0.32072160731469446 355.01308570627145
0.3334116808196773 336.21518721088955
0.3460758772037964 320.92361005162047
0.3586128576244019 304.30244255986463
0.37115362695027265 288.6946936033164
0.3836672702512393 270.1633895200309
0.3963071427257866 253.4956512205807
0.4089399593153111 243.17631813027197
0.42156349890919637 227.66606919644477
0.43418079502571955 218.1403936942681
0.4467620576802382 206.43710716855446
0.4593692028514948 192.9259618967225
0.4718965482805604 186.2289037454634
0.48447350382182275 180.773584865164
0.497085900605882 168.27654670347187
0.5096361353798274 163.2065475007839
0.5222277017157801 156.12816972233549
0.5348355227589726 146.8288483580427
0.5474920039788598 144.52538598433017
0.5601365361534064 136.90447470682474
0.5727270239485879 132.6653310761165
0.5852520646971211 127.04998414101416
0.597789847683348 119.89756041574991
0.6103996074847226 117.15452550543131
0.6230020924267443 111.00661284390496
0.6356030860286767 108.01915113229981
0.6482301980282432 103.38494958125008
0.6608495463994312 99.97582345303452
0.6734744173918963 95.11459166434273
0.6860022567240278 92.7929100629591
0.698580963789124 88.92536166077568
0.7111908491771012 85.33449461952175
0.7237149565943708 82.76327633763876
0.7363081577644055 79.93264298516848
0.7489074805118816 76.90091809624856
0.7615319556341376 74.18063099656428
0.7741323050847884 71.05413048066791
0.7866754473434108 69.01523047084899
0.7993235825500528 67.07198163326309
0.8119084864763881 64.19716627320189
0.8245003008650948 61.819751973084315
0.8371030476789398 60.594002947843876
0.8496433960979548 58.20123085393553
0.8622716392224955 55.71959252464355
0.8748814140551379 54.043272387423315
0.8874320306379372 52.29005289808388
0.899982769915275 50.77354581982461
0.9125618598383706 48.81159641353981
0.9252292314560224 47.56897502093942
0.9378544149867076 46.092532203565284
0.9504457821018732 43.958391328066504
0.9630431388995842 42.86624048934468
0.9755988646043339 41.54630848966289
0.9881575396632184 39.98458384393708
1.0007426245804978 39.07898489482066
1.0132961828208282 37.729176653190834
1.0258723107356589 36.166670946042274
1.038536031126183 35.13587979359488
1.0511519513207828 33.97762657311432
1.0637085884787112 32.809729756963
1.0762949902025565 31.69084781205559
1.0889194251788525 30.868886166818527
1.1015128135865662 29.818739506801144
1.114037212359872 28.75763212345133
1.1266438572582098 27.989502877741522
1.139298512793687 27.01518331077965
1.1518802725229704 26.064176008471193
1.1644525285109701 25.428593147023726
1.1770445539533485 24.613045595256057
1.1896240437944683 23.853945297871807
1.2022063409730033 22.67104082821259
1.2147708906645434 22.20381697429252
1.2273521312637636 21.442978365086358
1.239976991173882 20.863057564219634
1.2525667220095884 20.117416229687528
1.2651332198084115 19.43946955206732
1.2777516590554685 18.924681420635252
1.290345675012631 18.1801862486637
1.3029343638221385 17.715411041473686
1.3155376929046871 17.227552077721576
1.328117471481912 16.64368297421766
1.3407038618127052 16.150745292382382
1.353303995632359 15.574585061519818
1.3658801979009787 15.178915154096641
1.3784547377610974 14.72211068576587
1.3910282284727467 14.04519955299618
1.4036176088634307 13.696082406609197
1.4162307266845762 13.413760704494864
1.428832723823125 13.005038909541579
1.441435760560501 12.615746763819303
1.4540420662985765 12.18733560014949
1.4666290001310225 11.83346274047493
1.479223233927604 11.553770309464806
1.4917979405670858 11.21059822005662
1.504342072591216 10.867487437645662
1.5169427293249682 10.517974877011806
1.5295424653470102 10.34601496861084
1.5421299704605762 10.036214596673553
1.554739552003125 9.679944173351371
1.5673496087201568 9.514878433507066
1.5799699879730094 9.245901831768972
1.592509385412437 9.036327267903628
1.6050513674379776 8.769454869707038
1.61764866001744 8.543482894491344
1.6302445001949586 8.250825988124603
1.6428527694112154 7.958400614903859
1.6554322216394552 7.682515350740573
1.6680440255859064 7.411414316292471
1.6806789206890402 7.1015910048758535
1.6932331315938958 6.854803135043221
1.7057845975195327 6.635314701974408
1.7183896309732447 6.394143832322267
1.7309874185440726 6.182132233723341
1.74356234489376 5.96201642422182
1.7561426634640422 5.725013606537786
1.7687458921757846 5.555762537809835
1.7813334782050254 5.369249280901925
1.79389855269583 5.181527666734756
1.8064980806819666 4.9842528151733925
1.819094536369046 4.804341564448913
1.8316935397102823 4.674366182259949
1.8442938066535366 4.481198455496323
1.8568876791935824 4.339881495218184
1.8694996979257985 4.165032944616296
1.8820874678435284 4.034117493811578
1.8946480071290823 3.896064891427835
1.9072244238241212 3.7802943373707047
1.9197955083167013 3.6585027305692774
1.9324077190392497 3.533471946493726
1.9450267994293535 3.416663405089511
1.9575901294986897 3.300730629869065
1.9701677233625325 3.2049652107465745
1.9827403283412757 3.0663874739025507
1.9953314743596449 2.9804363913883423
2.007947834664368 2.929665896958176
2.020502275436262 2.7924234721950403
2.0330913752296498 2.718239675195207
2.045722350451913 2.6400543400826044
2.0582763462883586 2.5628594351174754
2.070869909095239 2.473076695179903
2.0835199499115657 2.4119213963496775
2.0960971256413994 2.3221162908116844
2.108627206088831 2.2722045771241253
2.121187091512542 2.184246531685324
2.133823132386958 2.1324545326808395
2.146410287377117 2.0695713723880473
2.1589635630855564 2.0062790083206394
2.171572232546302 1.940040262602992
2.184206232503572 1.8798374266039417
2.196758254187638 1.8532464069488797
2.2093298486834057 1.7764807512782517
2.221925909239802 1.7328886671812984
2.2344895913326415 1.6857425298914426
2.2470405345948787 1.607675260413853
2.2596241003144324 1.5382392696826945
2.272229531496581 1.4753269415547299
2.28483482222292 1.421868214875642
2.297400038677989 1.3497522616008795
2.309967779970973 1.2957567896172668
2.322578483572129 1.2602134884182747
2.33515952123041 1.2108955035271767
2.3476935649899935 1.1721797246121373
2.3603433164871523 1.1264186270617536
2.37303329947376 1.089840485599602
2.3855678635589714 1.065243287767856
2.398060143366853 0.9965493972150707
2.410778968531099 0.9803431829625204
2.4234531099437655 0.9504040170830972
2.4358311952097136 0.9306938596650444
2.4484709440435783 0.8818743971531646
2.461284805393447 0.8824179032213681
2.4737948804239647 0.8427890362095483
2.4861107686591235 0.8246683580894676
2.4987555116598004 0.8042962458206275
2.5115847832453224 0.7755565902255358
2.5240933241388808 0.7699099475814736
2.536562701110744 0.7224847213480803
2.5493077516226377 0.6985830249987668
2.5619784398313 0.7159924666565527
2.5742127557983303 0.6938484426932483
2.5867319401348734 0.6606370649490021
2.599886904080166 0.6443367400380404
2.6126019917307004 0.6337947839147223
2.6241685674096065 0.6414224987557728
2.6366174310925 0.6115267279574732
2.6502878476251492 0.5821391219094089
2.66334159313341 0.5804436957227687
2.674176912131955 0.6098394648364059
2.6865492607137273 0.5738056560074651
2.700777045101029 0.5767014990854625
2.7145884416410047 0.5281016370696477
2.72487464144733 0.592711299099591
2.7364378284531004 0.6128364713704868
2.7506817507001777 0.5575406780529573
2.7647976990557943 0.5445464291255344
2.7766321634107567 0.4886609620058258
2.785694055607789 0.2657917859166369
