0.01783209187197508 8413.229654542913
0.030213835030787024 6517.802140028252
0.04297487357678422 4457.541409797416
0.05577583798436833 4138.642336810942
0.06882863412500559 3816.239300124345
0.08110696464570512 2545.121141154539
0.0937067455363178 2262.9426757185847
0.10636019509318806 1631.6766852503429
0.1191264305855798 1644.4977131177477
0.13176693543452675 1373.6652300030287
0.14419796924510378 1246.7054766627189
0.15684580028039358 1016.0849187703823
0.16972024869412158 927.4511154554632
0.18227245710657144 851.9648134919174
0.19477416222977575 860.8270847657634
0.20733408359476724 675.6060373396555
0.21991992144750183 643.0390037518656
0.23253646283801377 574.5313103617733
0.24518505143884123 540.6255840046334
0.25783785074606774 486.63111440651784
0.270397667377848 449.92422936910845
0.2829104411759611 426.3455472550031
0.2955705379804193 383.40469275928956
0.3081399642793132 376.3593976036137
0.32072160731469634 342.84587955088114
0.33341168081967926 325.74321563012535
0.3460758772037984 311.53856230258634
0.358612857624404 295.9300271636766
0.3711536269502748 281.3105643179417
0.38366727025124153 263.79591006989824
0.3963071427257889 247.96063259412554
0.40893995931531346 238.90389858642672
0.4215634989091988 223.81433409335878
0.43418079502572204 215.18444192022432
0.4467620576802408 204.27151035272303
0.45936920285149746 191.26708178730402
0.47189654828056316 185.0542606550153
0.4844735038218256 179.83787483011434
0.49708590060588487 168.14126874779635
0.5096361353798303 163.49758259206303
0.5222277017157831 156.74179067315416
0.5348355227589757 147.65594512309724
0.547492003978863 145.84968296430702
0.5601365361534097 138.48541167022464
0.5727270239485912 134.34017450775232
0.5852520646971244 128.9764105987046
0.5977898476833514 121.96555614858389
0.610399607484726 119.56093437914322
0.623002092426748 113.41986167527782
0.6356030860286804 110.60212830635726
0.648230198028247 105.8187209248302
0.660849546399435 102.72133271560816
0.6734744173919002 97.91362986434886
0.6860022567240318 95.5991768354907
0.6985809637891282 91.94741327410962
0.7111908491771053 88.45021711765222
0.723714956594375 86.00808765010719
0.7363081577644097 82.912176858074
0.7489074805118859 80.10191681898148
0.761531955634142 77.28187315460782
0.7741323050847929 74.16036407691435
0.7866754473434153 72.28980404919182
0.7993235825500573 70.18603585221877
0.8119084864763928 67.3882770506891
0.8245003008650996 64.909965134523
0.8371030476789447 63.67176543948982
0.8496433960979598 61.24610545804469
0.8622716392225005 58.662564015750974
0.874881414055143 56.947259881855295
0.8874320306379424 55.18937395017457
0.8999827699152803 53.693225585059274
0.9125618598383759 51.65195356659547
0.9252292314560279 50.36539127540271
0.9378544149867131 48.8548707410858
0.9504457821018787 46.59834284734471
0.9630431388995897 45.544214552405506
0.9755988646043394 44.179411917511544
0.9881575396632241 42.51019980252276
1.0007426245805036 41.609602869576854
1.013296182820834 40.15595653745665
1.0258723107356649 38.58034340482386
1.038536031126189 37.40022890459968
1.051151951320789 36.21697209636054
1.0637085884787174 35.044736293131656
1.0762949902025627 33.83514916910362
1.0889194251788588 33.015301570416426
1.1015128135865726 31.85733570248867
1.1140372123598785 30.7235851200369
1.1266438572582165 29.938964271504155
1.1392985127936937 28.96615394820148
1.151880272522977 27.978124893085667
1.1644525285109768 27.26471948568484
1.1770445539533552 26.417215189392785
1.1896240437944752 25.64331787727457
1.2022063409730102 24.396958808112487
1.2147708906645505 23.90335778551051
1.2273521312637707 23.065893190992885
1.2399769911738892 22.51884217029025
1.2525667220095957 21.69269165702719
1.2651332198084189 20.971265012936588
1.2777516590554758 20.439726407207235
1.2903456750126385 19.657909789245856
1.302934363822146 19.16885205661428
1.3155376929046947 18.652930784159146
1.3281174714819197 18.025201612835193
1.340703861812713 17.471766969522974
1.3533039956323667 16.87893245477439
1.3658801979009867 16.46448173957657
1.3784547377611054 15.944070118925577
1.3910282284727546 15.260025881639383
1.4036176088634387 14.883721666265101
1.4162307266845844 14.608250819043429
1.4288327238231333 14.14120068583527
1.4414357605605095 13.737045150904086
1.454042066298585 13.31435225954407
1.466629000131031 12.906632452155709
1.4792232339276126 12.590925583626843
1.4917979405670945 12.244843830614004
1.5043420725912247 11.899733140615528
1.516942729324977 11.515674586187897
1.529542465347019 11.340213543311961
1.542129970460585 10.993754647219998
1.554739552003134 10.621782592570328
1.567349608720166 10.443418348774737
1.5799699879730185 10.149237652467603
1.5925093854124461 9.909881572625032
1.605051367437987 9.63905531522435
1.6176486600174493 9.390908400300038
1.630244500194968 9.055152628516439
1.642852769411225 8.76449389745036
1.6554322216394648 8.459116817975634
1.668044025585916 8.164334265592933
1.68067892068905 7.83002480587268
1.6932331315939055 7.558550458066505
1.7057845975195425 7.321222975332365
1.7183896309732545 7.071409797493791
1.7309874185440826 6.839090105646201
1.7435623448937703 6.600567680866999
1.7561426634640525 6.338934878242898
1.7687458921757948 6.140654909544326
1.7813334782050356 5.945864124588773
1.7938985526958404 5.74408791466514
1.806498080681977 5.535295111054065
1.8190945363690565 5.33432878186114
1.831693539710293 5.184350278569948
1.8442938066535473 4.989958224023016
1.856887679193593 4.837261124375374
1.8694996979258094 4.644760422451931
1.8820874678435393 4.500986365331821
1.8946480071290932 4.350092846204412
1.9072244238241323 4.2292946365724315
1.9197955083167124 4.099032679724389
1.9324077190392608 3.9556068148295385
1.9450267994293646 3.8326696772931266
1.957590129498701 3.7073989887621894
1.970167723362544 3.5946695475213932
1.9827403283412872 3.4473286497335294
1.9953314743596564 3.3448973729019595
2.0079478346643795 3.2864542662344465
2.0205022754362734 3.1389193789875165
2.0330913752296613 3.066183334985325
2.045722350451925 2.9746642518998123
2.0582763462883706 2.881120920100137
2.070869909095251 2.794959994878788
2.0835199499115777 2.7152238663175625
2.0960971256414114 2.6199448645525174
2.1086272060888436 2.563200674525823
2.121187091512554 2.4682689219856657
2.1338231323869703 2.410482388242442
2.1464102873771296 2.33839499631046
2.158963563085569 2.268077530727306
2.1715722325463145 2.201127517738969
2.1842062325035845 2.13152981773263
2.196758254187651 2.1082976017794723
2.2093298486834185 2.019639206338848
2.2219259092398147 1.9695327159119949
2.2344895913326543 1.9152891558225864
2.2470405345948916 1.8294585425286503
2.2596241003144457 1.7522936339666466
2.272229531496594 1.6859185817737432
2.2848348222229333 1.6215844910456227
2.2974000386780022 1.5453296602451356
2.3099677799709863 1.4782530817560062
2.322578483572143 1.443611957565432
2.3351595212304237 1.383021407970186
2.3476935649900073 1.3461027684652003
2.360343316487166 1.2923719239303257
2.3730332994737737 1.2554468836694257
2.385567863558985 1.220616799404943
2.398060143366867 1.1522672169699253
2.4107789685311127 1.1337512792003677
2.4234531099437797 1.0929556478342914
2.435831195209728 1.068165699003318
2.4484709440435926 1.012280900184016
2.4612848053934613 1.0162156548175878
2.473794880423979 0.9778673907282419
2.486110768659138 0.9522605988642893
2.4987555116598146 0.9417084410585869
2.511584783245337 0.8952273072459189
2.5240933241388954 0.8876249754001959
2.5365627011107588 0.8442589353733112
2.5493077516226523 0.8119962956540454
2.5619784398313152 0.834976345189678
2.5742127557983454 0.8167930624228457
2.5867319401348885 0.7718189877201397
2.599886904080181 0.753442347374537
2.6126019917307155 0.7417181661265221
2.6241685674096216 0.7372609944730872
2.6366174310925152 0.700041765769737
2.6502878476251643 0.6795640585319217
2.6633415931334254 0.6815776421456713
2.6741769121319705 0.7157850873122659
2.686549260713743 0.6496999407008417
2.7007770451010447 0.669485625458932
2.71458844164102 0.6264480617738444
2.7248746414473457 0.722304810328668
2.736437828453116 0.6619628563042991
2.7506817507001937 0.6236948065544013
2.7647976990558103 0.6306882695773262
2.7766321634107727 0.4863554221116925
2.785694055607805 0.43041112214737653
