17.799282449393907 7.957907523916395e-09
30.158244330131154 2.3376773223026407e-09
42.89580372913673 1.347324318383722e-09
55.67321552978553 1.0883737511111887e-09
68.70199571606821 9.307528430992494e-10
80.9577352285149 1.0255699555145943e-09
93.5343336715136 9.234633451689165e-10
106.16450203531903 9.94510894496649e-10
118.9072488188118 9.225053684829445e-10
131.52449629177582 8.960886915125153e-10
143.9326581339747 9.38163521677351e-10
156.55721831376695 9.1717983192675e-10
169.40797891669078 9.561146826119943e-10
181.9370924105474 9.42752655578121e-10
194.41579553660424 9.43774485582447e-10
206.95260779187328 9.414129788842458e-10
219.51528885091182 9.351322593560738e-10
232.10861695601864 9.25147918942159e-10
244.73393330749704 9.13332076655622e-10
257.3634526180588 9.121521022495435e-10
269.90016033281614 9.19480941572411e-10
282.3899117684295 9.360864758749744e-10
295.02671514949367 9.225625443127453e-10
307.57301485045366 8.978756412437755e-10
320.13150881022204 9.111945295855258e-10
332.79823373741607 9.248765406163351e-10
345.4391291552885 9.027695054619777e-10
357.9530426754169 9.182692142068274e-10
370.4707381295704 9.220038692499634e-10
382.9613574682314 9.20864781888524e-10
395.5779737303071 9.155188385219804e-10
408.18754708954486 9.078867519747417e-10
420.78786052196915 8.961109470859478e-10
433.3819419644603 9.089569694890646e-10
445.9400562432304 8.994091703752477e-10
458.52400541726837 8.927930497956057e-10
471.0283016733625 9.20006070208675e-10
483.5821167635718 8.991288002728289e-10
496.17130788792383 9.047475854313405e-10
508.6984513745909 8.891539533278389e-10
521.266850376961 8.971977585375014e-10
533.8514741793921 8.923303160074012e-10
546.4846686282311 8.8647677344134e-10
559.1059360168832 8.846577451196913e-10
571.6732584628986 8.896876224682931e-10
584.1752542788623 8.962667725206391e-10
596.6899688879645 8.751294649899508e-10
609.2765278814395 8.718822292787909e-10
621.8558254006394 8.837925328431066e-10
634.4336343236796 8.840218904745165e-10
647.0375135888845 8.642676142672846e-10
659.6336435100791 8.644448609587849e-10
672.2352858914313 8.713167654557038e-10
684.7400751418547 8.709081430973292e-10
697.2956385332539 8.691530203408713e-10
709.8823228822636 8.562947839477201e-10
722.383387084208 8.611829653886085e-10
734.9534179127145 8.530375353506591e-10
747.5295590555182 8.566646730709139e-10
760.1308062950264 8.497897923709415e-10
772.7079722519646 8.512126680660242e-10
785.22803627289 8.334130249649107e-10
797.8529000643869 8.473111903573243e-10
810.4146489153657 8.390878777889491e-10
822.9832955140954 8.26234327844376e-10
835.5628544232982 8.403266656957502e-10
848.0801297450262 8.249511281850424e-10
860.6851380540385 8.264260511221191e-10
873.2717120511252 8.308236265641385e-10
885.7992366441526 8.175690206987259e-10
898.3268837059719 8.133394359724773e-10
910.8828292509464 8.174343427346949e-10
923.5268940602116 8.19031549613118e-10
936.128848404742 8.107617846165027e-10
948.6970485528731 8.06271563833602e-10
961.27122736308 8.053149934075985e-10
973.8038516777394 8.008838033904909e-10
986.3394199199912 7.969862632131766e-10
998.9013494289071 7.943075110148678e-10
1011.4318102670842 7.8179274148488e-10
1023.984799253619 7.902827539594523e-10
1036.6252195536813 7.852760695490375e-10
1049.2179276058198 7.797018179959175e-10
1061.7514616966673 7.7939090611395e-10
1074.3147055893453 7.773536243802759e-10
1086.9159127567582 7.793273540959018e-10
1099.4861304784436 7.629668834862173e-10
1111.9874855003557 7.671257576395815e-10
1124.5709353219315 7.612931370953293e-10
1137.2023074454532 7.591127900040119e-10
1149.7609178844157 7.49208707881729e-10
1162.310042068112 7.513685696788332e-10
1174.8788993321937 7.461847464475145e-10
1187.4352440593798 7.472307825687304e-10
1199.9943909587364 7.47196611483376e-10
1212.5358230248555 7.382914036872132e-10
1225.0939152889068 7.246784488229588e-10
1237.695546608303 7.341201651071387e-10
1250.2621134875799 7.258640973682504e-10
1262.8054900766422 7.253760630202325e-10
1275.400712546411 7.19432865438936e-10
1287.9715566629113 7.140304492043358e-10
1300.5370834332223 7.067415150266635e-10
1313.1172235398076 7.041045226656556e-10
1325.6738564718507 7.03456407849935e-10
1338.2370889924387 6.998448387252716e-10
1350.8140397151212 6.917077457877198e-10
1363.367102918641 6.91897443586204e-10
1375.9185067723397 6.881132367490785e-10
1388.4688634079062 6.828695037839722e-10
1401.0350804869474 6.807050583028814e-10
1413.6249913217434 6.783558670185176e-10
1426.2038019349843 6.785109683631406e-10
1438.7836502342852 6.67815365574096e-10
1451.3667615196225 6.671575468448018e-10
1463.93053654187 6.614551972151056e-10
1476.5015980969845 6.618974544501597e-10
1489.0531684231876 6.543955550685241e-10
1501.5742203885422 6.524138276323689e-10
1514.1516930632092 6.510839032931008e-10
1526.7282467201912 6.476844139943007e-10
1539.2925919724535 6.433096149931298e-10
1551.8789730350827 6.373620660852536e-10
1564.4658283979172 6.353255786974507e-10
1577.062987304048 6.265001481319048e-10
1589.5793133959044 6.279603969736883e-10
1602.098219318471 6.179529283642243e-10
1614.6728123454723 6.177450109791502e-10
1627.245897674773 6.130642363954604e-10
1639.830599792207 6.101442127617361e-10
1652.3905272785578 6.062794909227387e-10
1664.979414016081 6.030754321020565e-10
1677.5918618421556 5.994527296921421e-10
1690.126927940609 5.935074785444213e-10
1702.6565735125293 5.877086098726564e-10
1715.239652780402 5.869776306800554e-10
1727.811695412483 5.816029797684922e-10
1740.3677490975194 5.767772476804303e-10
1752.9282192150536 5.735429559671183e-10
1765.500774679947 5.705618626617919e-10
1778.0665536787737 5.642968431002094e-10
1790.6168494226254 5.629582459730838e-10
1803.191304333419 5.600395043813162e-10
1815.7666656189658 5.544355272554527e-10
1828.3488212639727 5.485619507299622e-10
1840.9261635435228 5.470810319731382e-10
1853.4868830529422 5.441488527230383e-10
1866.0648394709856 5.389524514537522e-10
1878.6531571147755 5.360920934546967e-10
1891.1949620796393 5.32306419453296e-10
1903.7320037090342 5.250635888528749e-10
1916.2826511063677 5.216795184222596e-10
1928.8701890218213 5.191702100321431e-10
1941.4711267136497 5.175326230823998e-10
1954.0161536900057 5.104616489830546e-10
1966.5646650726826 5.09564307078056e-10
1979.1139383933348 5.034474072649849e-10
1991.6912603842213 4.998127295285638e-10
2004.2724214876746 4.962618061094884e-10
2016.8096506702707 4.932276813320928e-10
2029.388299672487 4.88498896584608e-10
2041.9851108745945 4.843697665377922e-10
2054.5479608747887 4.817766919259593e-10
2067.1183637920344 4.783873304752061e-10
2079.69511478519 4.72947766285674e-10
2092.25394988661 4.724996775381724e-10
2104.806873622057 4.65314884490739e-10
2117.3614093032174 4.634702834432004e-10
2129.928666131578 4.5842056144803246e-10
2142.5135548816706 4.559033401190402e-10
2155.088097602156 4.518116111429539e-10
2167.649640376087 4.498958241187723e-10
2180.216047885633 4.454428113825488e-10
2192.779331913286 4.425495022196787e-10
2205.362264117683 4.3749123725685237e-10
2217.92609518976 4.359589585837607e-10
2230.4508569275185 4.300726301105719e-10
2243.0042552295354 4.2835632171145975e-10
2255.585147649584 4.2381114472350536e-10
2268.179105336766 4.1986301798998104e-10
2280.7280993008117 4.157737126269898e-10
2293.278360641959 4.1343208215937986e-10
2305.8848259833 4.1052141772163245e-10
2318.4578135021575 4.069918241277685e-10
2331.017443774536 4.0315413026450635e-10
2343.5861525124205 3.9908311118360434e-10
2356.174872739318 3.962207529892768e-10
2368.7353085030536 3.927331756963821e-10
2381.2692845985334 3.905923220444617e-10
2393.8244176688013 3.8718349284426874e-10
2406.4031547082923 3.823880800473173e-10
2418.9736888834113 3.7906798939426547e-10
2431.52780414962 3.7719739929437616e-10
2444.0995103422933 3.7498945748408316e-10
2456.681233242974 3.7032209444079416e-10
2469.2659731538656 3.681433088461405e-10
2481.804494353713 3.6477174781585964e-10
2494.349678289375 3.604613719477467e-10
2506.9309198668843 3.5710009230275773e-10
2519.499903784357 3.5397540353851166e-10
2532.064286254508 3.5227882271563515e-10
2544.6325769440127 3.4905764836247946e-10
2557.208310117243 3.4540737035937846e-10
2569.7731778671878 3.430095065708508e-10
2582.350840133166 3.412582225007172e-10
2594.9314527475444 3.3783003901549954e-10
2607.4836540238884 3.341895086812375e-10
2620.0346458455233 3.3049649831876287e-10
2632.6028953257733 3.2884338967273005e-10
2645.173520726606 3.257152755376556e-10
2657.730984905749 3.2284559833702816e-10
2670.289609909111 3.2029038068327753e-10
2682.8810325445497 3.168099788633934e-10
2695.4617368341887 3.150314898841261e-10
2708.003179989755 3.128041941235774e-10
2720.565218595557 3.0939068692898044e-10
2733.1313729151952 3.0613831448092853e-10
2745.702996964865 3.04334003799847e-10
2758.2707458588034 3.0212436245082647e-10
2770.8191342981145 2.9964387135936193e-10
2783.3972824385987 2.9659418971897455e-10
2795.9689028789417 2.942081469858994e-10
2808.5357668183638 2.9130229820900423e-10
2821.1095589697384 2.899328004208634e-10
2833.6756670949308 2.87219832853421e-10
2846.236354374274 2.8361447368500575e-10
2858.79560232848 2.812671273396568e-10
2871.373843645574 2.797120452965766e-10
2883.954243538599 2.779854254280567e-10
2896.5073357066644 2.7510998314491583e-10
2909.064697944345 2.732706769230793e-10
2921.6386383037598 2.7042610512911404e-10
2934.2207288040527 2.6858444301375915e-10
2946.785817897924 2.655979048126555e-10
2959.3399304871978 2.6335898756812695e-10
2971.912289205687 2.6207670210943233e-10
2984.46722152623 2.5996837369814524e-10
2997.00494075996 2.568486677630464e-10
3009.571504102365 2.560680441148604e-10
3022.151983789152 2.541572931488139e-10
3034.723269970324 2.518978469727575e-10
3047.297141938261 2.503203698818777e-10
3059.876071431784 2.4802209287577885e-10
3072.460353827784 2.459037951029761e-10
3085.0214375587766 2.436200678930534e-10
3097.56792616596 2.427360914356594e-10
3110.1461395593024 2.4074822664846743e-10
3122.7146498544676 2.388687395311156e-10
3135.258242106282 2.366318865677601e-10
3147.827394808765 2.3565900406779516e-10
3160.407090461748 2.338324991967608e-10
3172.9707868690757 2.3280607976277725e-10
3185.520028526011 2.3031634287837002e-10
3198.0928727893415 2.2889897438493808e-10
3210.684273274958 2.2738282939499326e-10
3223.239536727099 2.2488002573492615e-10
3235.794336704776 2.2255737478753e-10
3248.365417080094 2.2018276586182536e-10
3260.9281598919256 2.1749645976749594e-10
3273.4964936633673 2.1452603737376274e-10
3286.0602765369263 2.1259989442123782e-10
3298.616161266458 2.1015200913996546e-10
3311.184497268825 2.0802694996416932e-10
3323.7565519663412 2.055415003505108e-10
3336.336479870555 2.0366108373180724e-10
3348.8991222089053 2.0120968227409362e-10
3361.442771262142 1.989878093566516e-10
3374.0243084776243 1.9612753700014291e-10
3386.614961597868 1.947620254439072e-10
3399.16128606973 1.9179094457943407e-10
3411.723586887969 1.8928929442986598e-10
3424.3034483758647 1.875890097787178e-10
3436.8707723403413 1.856287011855944e-10
3449.4368938720895 1.827206554496345e-10
3461.9898368720965 1.8149213829066635e-10
3474.572720638132 1.795120346428749e-10
3487.1326051509195 1.7724449019245473e-10
3499.6720155540056 1.7518877165353533e-10
3512.2465573827917 1.7334654175582128e-10
3524.8212321125134 1.711730247186227e-10
3537.387157918102 1.6880372850438383e-10
3549.9534967742106 1.674311334018227e-10
3562.5272432128218 1.6559822530498907e-10
3575.0914952116 1.6337530197509266e-10
3587.654584597485 1.616484356761961e-10
3600.2154434833064 1.5955300405784462e-10
3612.781827813574 1.578386478658712e-10
3625.349028548668 1.566123836354934e-10
3637.907270470111 1.543076916646484e-10
3650.477005817321 1.5264230492132533e-10
3663.04737240162 1.5044628063321814e-10
3675.6208179613163 1.4921941483402195e-10
3688.192852242157 1.4667922425585458e-10
3700.7538430059562 1.4533553399397412e-10
3713.3214918772564 1.439742747954552e-10
3725.88719617525 1.4216010411792536e-10
3738.4440983479285 1.4068151539612064e-10
3751.0156271459587 1.390279374861102e-10
3763.58999013167 1.373952289497863e-10
3776.155626274999 1.3550797866002873e-10
3788.70489003149 1.3426260678596924e-10
3801.275937702054 1.328696072889651e-10
3813.8566744571744 1.3096697884772392e-10
3826.404431717055 1.298527255508233e-10
3838.9644689081924 1.2871626667580894e-10
3851.5402114943618 1.27027549158242e-10
3864.1298207037257 1.2552505383591888e-10
3876.681423024082 1.2419536858222778e-10
3889.2165722518703 1.2287540736109439e-10
3901.7937228048927 1.2159125429572803e-10
3914.376239464566 1.1999554238017614e-10
3926.950184147634 1.191224660922956e-10
3939.510656203867 1.172439906728911e-10
3952.082754993091 1.1566057373745718e-10
3964.66520672985 1.1482634885127353e-10
3977.223438611204 1.1360101598723816e-10
3989.775857376849 1.1231519582619689e-10
4002.346082688934 1.1119085916396213e-10
4014.9052449751166 1.1012908575249898e-10
4027.454437240128 1.0870186608110363e-10
4040.0221607705066 1.0793227539535755e-10
4052.608105661614 1.0619375247278536e-10
4065.1747165545376 1.0559161308164247e-10
4077.7220075380287 1.0437405425109228e-10
4090.2897990210035 1.0332591286424237e-10
4102.873672523345 1.021495134202776e-10
4115.447644068685 1.0124938339643778e-10
4128.008926808098 1.0017126130357073e-10
4140.585568421012 9.895312721748162e-11
4153.1694370518835 9.78944807596941e-11
4165.708486135632 9.704985628544962e-11
4178.245182757474 9.58029536875519e-11
4190.834603556789 9.505538274727048e-11
4203.40608927648 9.42718002635562e-11
4215.94546673201 9.318049992630696e-11
4228.511593513913 9.228069165166401e-11
4241.075779699394 9.096974330707887e-11
4253.641501584355 9.044669424505903e-11
4266.2134040829205 8.928819543082356e-11
4278.800238462189 8.841630549245178e-11
4291.378797171946 8.755621570391248e-11
4303.915793648459 8.619577323527875e-11
4316.4806669387035 8.570000482010236e-11
4329.060961840782 8.447932466858911e-11
4341.6343365752655 8.370210698237986e-11
4354.198259860986 8.326518143366173e-11
4366.7534805332525 8.169855909565159e-11
4379.309052921206 8.14395198327125e-11
4391.876283675789 8.019922794490075e-11
4404.434457339895 7.965287446026177e-11
4416.997001697697 7.830366816483078e-11
4429.587449292495 7.772405703214647e-11
4442.151636687611 7.642159262265475e-11
4454.676243985357 7.530257359735859e-11
4467.255845270074 7.49843561582968e-11
4479.8575794065855 7.349766103921532e-11
4492.40168445441 7.307561260737869e-11
4504.962144407178 7.182879038278074e-11
4517.519866020664 7.083630786504508e-11
4530.0755333545785 6.95003784001126e-11
4542.6078228888755 6.785971693808585e-11
4555.1794564400525 6.736615291938567e-11
4567.796610844846 6.603477487419711e-11
4580.340024503758 6.540645059060017e-11
4592.907148036285 6.457149612898111e-11
4605.507457041533 6.317429417970271e-11
4618.066519715286 6.19460725848009e-11
4630.61348098353 6.13734928031347e-11
4643.169806111598 6.00295570443877e-11
4655.7516975966855 5.994215524734197e-11
4668.310875988915 5.883860394525669e-11
4680.838737422433 5.798168153611784e-11
4693.4142013659475 5.7338738215204977e-11
4706.006583198429 5.645074710227648e-11
4718.579788898697 5.581377105768359e-11
4731.107753982311 5.5705554086115815e-11
4743.651571426617 5.454951910888454e-11
4756.281806400868 5.374633632659705e-11
4768.856185173669 5.3168405642929174e-11
4781.385164866601 5.292587846580074e-11
4793.976276771281 5.159782830075375e-11
4806.607096854939 5.161369560547795e-11
4819.146147308174 5.113319052322272e-11
4831.661602769959 4.996226236312108e-11
4844.287713525817 4.9598734947188585e-11
4856.860115107401 4.9462785540342224e-11
4869.355537556235 4.879883732455078e-11
4881.940425155442 4.809448709575685e-11
4894.597962536946 4.729728473339942e-11
4907.1382369119165 4.679207254601538e-11
4919.600076288735 4.643333226725064e-11
4932.2184698095 4.623032754639199e-11
4944.828614579259 4.5654797574989453e-11
4957.327103379369 4.513504427048808e-11
4969.86863255852 4.4450225660333714e-11
4982.485662226757 4.4390763395646344e-11
4995.110752516737 4.388637520877374e-11
5007.607580415342 4.349005507988486e-11
5020.10090672177 4.319446198923516e-11
5032.776306714229 4.268568582112374e-11
5045.393898578722 4.1345761133234356e-11
5057.824235954894 4.157208498286601e-11
5070.389901954609 4.2095020010919666e-11
5083.106030184285 4.1444486868414376e-11
5095.667197680151 4.0629225129062365e-11
5108.05545246385 4.086942620108523e-11
5120.671439914531 3.9502797518556603e-11
5133.447634936114 3.954279245223744e-11
5145.895026810736 3.9351665133800086e-11
5158.2250506128275 3.986221180344557e-11
5170.95099224376 3.924403087862158e-11
5183.700390094105 3.8458325285674455e-11
5196.118642963537 3.8537576512878786e-11
5208.594319785777 3.7152568973454817e-11
5221.348995023267 3.747134259867837e-11
5233.86566836642 3.751569896147764e-11
5246.017090039119 3.769457548892592e-11
5258.795061897151 3.76516619854062e-11
5271.8211514158575 3.7413253747436234e-11
5284.059572485596 3.7096851548619145e-11
5296.079024382072 3.620379319740852e-11
5309.081924588613 3.593485693999737e-11
5322.3605651521175 3.6286955774121446e-11
5334.390294917684 3.596365255049596e-11
5346.181802010518 3.602203479170516e-11
5359.463528890978 3.5905891563755e-11
5372.933862046457 3.5111264404728e-11
5384.396712939678 3.462057521592864e-11
5395.929354426921 3.501682676857926e-11
5409.783878738565 3.376588662417278e-11
5423.640526297936 3.69606048061532e-11
5434.195806773826 3.37408859242604e-11
5445.572893198795 3.467648631091837e-11
5459.895693738757 3.355512407806958e-11
5474.13057561097 3.39536425413892e-11
5484.976407817414 3.1449772971402405e-11
5495.746636743918 3.501260400383133e-11
5510.086276689804 3.2117404364788403e-11
5524.398688742833 3.3644300841782354e-11
5535.78557637482 4.0589555585584634e-11
5545.66396493654 3.467417416769294e-11
5559.311623442359 2.922239426579479e-11
5571.991646927517 5.98929412458814e-11
