17.799282449393907 4.652339560450134e-09
30.158244330131154 4.041684647716421e-09
42.89580372913673 1.4277456241063343e-09
55.67321552978553 1.2545895410153108e-09
68.70199571606821 1.0171455848770553e-09
80.9577352285149 1.024938447868384e-09
93.5343336715136 9.314997814359642e-10
106.16450203531903 9.267964722407853e-10
118.9072488188118 9.699139825188751e-10
131.52449629177582 9.616746351462335e-10
143.9326581339747 9.165942709323094e-10
156.55721831376695 9.388577771705824e-10
169.40797891669078 9.498581799632974e-10
181.9370924105474 9.436353886069375e-10
194.41579553660424 9.009589591274962e-10
206.95260779187328 9.480114186548503e-10
219.51528885091182 9.046549048780857e-10
232.10861695601864 8.91598487599844e-10
244.73393330749704 9.327381603761487e-10
257.3634526180588 9.202096298961339e-10
269.90016033281614 9.083963347027327e-10
282.3899117684295 9.213426914968586e-10
295.02671514949367 9.082116639353776e-10
307.57301485045366 9.182076609227934e-10
320.13150881022204 9.092520900638439e-10
332.79823373741607 8.966811682946931e-10
345.4391291552885 9.109763235762719e-10
357.9530426754169 9.139484915200993e-10
370.4707381295704 9.035350975342772e-10
382.9613574682314 9.147299721861544e-10
395.5779737303071 9.208283189464664e-10
408.18754708954486 8.963925398074565e-10
420.78786052196915 8.941183270521739e-10
433.3819419644603 8.94220118767398e-10
445.9400562432304 9.234434164984718e-10
458.52400541726837 9.022071964255892e-10
471.0283016733625 8.973361586523218e-10
483.5821167635718 8.927698707277573e-10
496.17130788792383 8.949148488269866e-10
508.6984513745909 8.978367063263466e-10
521.266850376961 8.94364225544059e-10
533.8514741793921 8.931668274651311e-10
546.4846686282311 8.969863673174152e-10
559.1059360168832 8.766901426521179e-10
571.6732584628986 8.692735875825369e-10
584.1752542788623 8.896033653744457e-10
596.6899688879645 8.799441514338429e-10
609.2765278814395 8.803740382692444e-10
621.8558254006394 8.852579922297783e-10
634.4336343236796 8.748233998873449e-10
647.0375135888845 8.828041758710708e-10
659.6336435100791 8.637301023809552e-10
672.2352858914313 8.642876875220682e-10
684.7400751418547 8.621840703795668e-10
697.2956385332539 8.588089713834148e-10
709.8823228822636 8.654144741111268e-10
722.383387084208 8.507314512018406e-10
734.9534179127145 8.500858400570071e-10
747.5295590555182 8.624574979235884e-10
760.1308062950264 8.554021307733119e-10
772.7079722519646 8.391117153006627e-10
785.22803627289 8.288521751951179e-10
797.8529000643869 8.425418290224979e-10
810.4146489153657 8.43574825481047e-10
822.9832955140954 8.327252791165136e-10
835.5628544232982 8.237661793126341e-10
848.0801297450262 8.278517533337578e-10
860.6851380540385 8.271452428728646e-10
873.2717120511252 8.363224061390033e-10
885.7992366441526 8.189700948748994e-10
898.3268837059719 8.221632839688353e-10
910.8828292509464 8.138851614757609e-10
923.5268940602116 8.129950426075768e-10
936.128848404742 8.076456557820545e-10
948.6970485528731 8.029054602689748e-10
961.27122736308 7.992545653567638e-10
973.8038516777394 8.052049691941285e-10
986.3394199199912 7.988870520966002e-10
998.9013494289071 7.939270012448682e-10
1011.4318102670842 7.888278609478881e-10
1023.984799253619 7.874820276100672e-10
1036.6252195536813 7.821679560486792e-10
1049.2179276058198 7.843235525247128e-10
1061.7514616966673 7.762767610618456e-10
1074.3147055893453 7.820042256046197e-10
1086.9159127567582 7.755044720128305e-10
1099.4861304784436 7.68456604843206e-10
1111.9874855003557 7.717548079514232e-10
1124.5709353219315 7.629511310876883e-10
1137.2023074454532 7.534715728590191e-10
1149.7609178844157 7.561800688382283e-10
1162.310042068112 7.452425688657904e-10
1174.8788993321937 7.397306436724728e-10
1187.4352440593798 7.47105477376159e-10
1199.9943909587364 7.425864970589525e-10
1212.5358230248555 7.385054554064999e-10
1225.0939152889068 7.317260592262563e-10
1237.695546608303 7.29724384998034e-10
1250.2621134875799 7.257640102179858e-10
1262.8054900766422 7.159838709243364e-10
1275.400712546411 7.21863801935165e-10
1287.9715566629113 7.170967571631373e-10
1300.5370834332223 7.160150248253032e-10
1313.1172235398076 7.118059778023483e-10
1325.6738564718507 7.055958479934082e-10
1338.2370889924387 6.989365855572677e-10
1350.8140397151212 6.965099964018472e-10
1363.367102918641 6.924650375210102e-10
1375.9185067723397 6.873094559638586e-10
1388.4688634079062 6.845086561502477e-10
1401.0350804869474 6.786297429591724e-10
1413.6249913217434 6.792755284373478e-10
1426.2038019349843 6.742539523921728e-10
1438.7836502342852 6.675252335705382e-10
1451.3667615196225 6.620089021791086e-10
1463.93053654187 6.62222275325375e-10
1476.5015980969845 6.6432887901439e-10
1489.0531684231876 6.575568821668182e-10
1501.5742203885422 6.527695882547234e-10
1514.1516930632092 6.475728070664936e-10
1526.7282467201912 6.444723677036469e-10
1539.2925919724535 6.412488648660749e-10
1551.8789730350827 6.347909047367245e-10
1564.4658283979172 6.338379518081804e-10
1577.062987304048 6.270999492909255e-10
1589.5793133959044 6.23031105575754e-10
1602.098219318471 6.204871954870756e-10
1614.6728123454723 6.148785577396335e-10
1627.245897674773 6.112566006124707e-10
1639.830599792207 6.088186795072136e-10
1652.3905272785578 6.052575875957731e-10
1664.979414016081 6.02591257294801e-10
1677.5918618421556 5.99473006904737e-10
1690.126927940609 5.914246237294285e-10
1702.6565735125293 5.891245109312114e-10
1715.239652780402 5.874805242667713e-10
1727.811695412483 5.819767080991845e-10
1740.3677490975194 5.768470281543058e-10
1752.9282192150536 5.724109507089636e-10
1765.500774679947 5.700383050050688e-10
1778.0665536787737 5.641901984549205e-10
1790.6168494226254 5.649163198074563e-10
1803.191304333419 5.590679392930954e-10
1815.7666656189658 5.523869203463625e-10
1828.3488212639727 5.506985402467913e-10
1840.9261635435228 5.463934457852329e-10
1853.4868830529422 5.431201906395888e-10
1866.0648394709856 5.396272174842257e-10
1878.6531571147755 5.341816708352595e-10
1891.1949620796393 5.294046003557223e-10
1903.7320037090342 5.297749035750177e-10
1916.2826511063677 5.206067309355983e-10
1928.8701890218213 5.186617844375395e-10
1941.4711267136497 5.16838989195291e-10
1954.0161536900057 5.097455968755715e-10
1966.5646650726826 5.092627443556694e-10
1979.1139383933348 5.038885139502905e-10
1991.6912603842213 5.001426926726099e-10
2004.2724214876746 4.951569141106304e-10
2016.8096506702707 4.948093342733336e-10
2029.388299672487 4.88364066548303e-10
2041.9851108745945 4.866547070267158e-10
2054.5479608747887 4.812248335280981e-10
2067.1183637920344 4.777982221375973e-10
2079.69511478519 4.732515183175089e-10
2092.25394988661 4.714584304366484e-10
2104.806873622057 4.668765544266248e-10
2117.3614093032174 4.6414176392022414e-10
2129.928666131578 4.608526469583784e-10
2142.5135548816706 4.5747091352420217e-10
2155.088097602156 4.508760577950691e-10
2167.649640376087 4.496025461811699e-10
2180.216047885633 4.453740931616892e-10
2192.779331913286 4.402504977239318e-10
2205.362264117683 4.382648951207144e-10
2217.92609518976 4.3337250740065067e-10
2230.4508569275185 4.307090308886698e-10
2243.0042552295354 4.279134489327968e-10
2255.585147649584 4.2438117082640774e-10
2268.179105336766 4.216869574426786e-10
2280.7280993008117 4.1830885667035605e-10
2293.278360641959 4.1180629235344916e-10
2305.8848259833 4.1073465313133276e-10
2318.4578135021575 4.059745437662638e-10
2331.017443774536 4.0391825359039745e-10
2343.5861525124205 4.005502311202768e-10
2356.174872739318 3.970189311232487e-10
2368.7353085030536 3.9355128761170516e-10
2381.2692845985334 3.8984437977621455e-10
2393.8244176688013 3.8744700757829326e-10
2406.4031547082923 3.8319171984888466e-10
2418.9736888834113 3.810554311118567e-10
2431.52780414962 3.766941108170144e-10
2444.0995103422933 3.731116810328419e-10
2456.681233242974 3.711824571321864e-10
2469.2659731538656 3.676282864226107e-10
2481.804494353713 3.633250164505831e-10
2494.349678289375 3.6177215351935386e-10
2506.9309198668843 3.5897275060978995e-10
2519.499903784357 3.558424798715797e-10
2532.064286254508 3.526506800615444e-10
2544.6325769440127 3.494475542991452e-10
2557.208310117243 3.452619588553067e-10
2569.7731778671878 3.4400607694690344e-10
2582.350840133166 3.415084898720199e-10
2594.9314527475444 3.378797163776013e-10
2607.4836540238884 3.3428170686860065e-10
2620.0346458455233 3.313247929378233e-10
2632.6028953257733 3.272757514654687e-10
2645.173520726606 3.262726430896718e-10
2657.730984905749 3.2245638325665174e-10
2670.289609909111 3.206991990823245e-10
2682.8810325445497 3.1687728110038537e-10
2695.4617368341887 3.1492728166944657e-10
2708.003179989755 3.116846557017808e-10
2720.565218595557 3.0835139613876154e-10
2733.1313729151952 3.0651964624867656e-10
2745.702996964865 3.0397677223793203e-10
2758.2707458588034 3.01245745034665e-10
2770.8191342981145 2.9944450687669756e-10
2783.3972824385987 2.962060434812601e-10
2795.9689028789417 2.939239458416734e-10
2808.5357668183638 2.913899371304737e-10
2821.1095589697384 2.888494016096174e-10
2833.6756670949308 2.868602636921452e-10
2846.236354374274 2.8407924343788783e-10
2858.79560232848 2.8164710269940163e-10
2871.373843645574 2.806811071555411e-10
2883.954243538599 2.76948998731227e-10
2896.5073357066644 2.748849269352708e-10
2909.064697944345 2.7295397142308445e-10
2921.6386383037598 2.7084131822079484e-10
2934.2207288040527 2.6836762812810745e-10
2946.785817897924 2.663055621154081e-10
2959.3399304871978 2.642323972300062e-10
2971.912289205687 2.620032814554361e-10
2984.46722152623 2.5922951541834727e-10
2997.00494075996 2.5798685690971106e-10
3009.571504102365 2.554445440884595e-10
3022.151983789152 2.5389580652752145e-10
3034.723269970324 2.5127919500651856e-10
3047.297141938261 2.494812367916615e-10
3059.876071431784 2.482594193050229e-10
3072.460353827784 2.459031763032746e-10
3085.0214375587766 2.4388691685968413e-10
3097.56792616596 2.4237447847545925e-10
3110.1461395593024 2.3984235835980366e-10
3122.7146498544676 2.3893645530431787e-10
3135.258242106282 2.3684642616959473e-10
3147.827394808765 2.3517361006482866e-10
3160.407090461748 2.3387982919680405e-10
3172.9707868690757 2.3200969563841825e-10
3185.520028526011 2.303295977194177e-10
3198.0928727893415 2.2872869308168234e-10
3210.684273274958 2.2684656215373288e-10
3223.239536727099 2.2499926023825496e-10
3235.794336704776 2.2274712775040128e-10
3248.365417080094 2.200200125982687e-10
3260.9281598919256 2.1735484042026145e-10
3273.4964936633673 2.155369225244392e-10
3286.0602765369263 2.1246097079181793e-10
3298.616161266458 2.1075376018568454e-10
3311.184497268825 2.0771739131156705e-10
3323.7565519663412 2.057060770970404e-10
3336.336479870555 2.0309284369618711e-10
3348.8991222089053 2.0151632636690258e-10
3361.442771262142 1.9806536130372978e-10
3374.0243084776243 1.9650395496008327e-10
3386.614961597868 1.9394284718395657e-10
3399.16128606973 1.9192144869321916e-10
3411.723586887969 1.8970701846305866e-10
3424.3034483758647 1.878231136123384e-10
3436.8707723403413 1.856062876113413e-10
3449.4368938720895 1.834590551599714e-10
3461.9898368720965 1.816044679749687e-10
3474.572720638132 1.7944688612774366e-10
3487.1326051509195 1.7741966845434556e-10
3499.6720155540056 1.7606183207697333e-10
3512.2465573827917 1.7338653266949488e-10
3524.8212321125134 1.7115536541777914e-10
3537.387157918102 1.6932713771476456e-10
3549.9534967742106 1.6699503693395192e-10
3562.5272432128218 1.6551156427133768e-10
3575.0914952116 1.633083888940487e-10
3587.654584597485 1.6111883705617363e-10
3600.2154434833064 1.596587648960866e-10
3612.781827813574 1.579233856223139e-10
3625.349028548668 1.5583093852044178e-10
3637.907270470111 1.5408322178685046e-10
3650.477005817321 1.5219721133041427e-10
3663.04737240162 1.5088934297047684e-10
3675.6208179613163 1.492564242749139e-10
3688.192852242157 1.47500669570042e-10
3700.7538430059562 1.4587116059380084e-10
3713.3214918772564 1.4368672176561846e-10
3725.88719617525 1.421821333995692e-10
3738.4440983479285 1.408395450801103e-10
3751.0156271459587 1.3901194175731655e-10
3763.58999013167 1.3766067631235324e-10
3776.155626274999 1.3565373508840972e-10
3788.70489003149 1.3500484025959895e-10
3801.275937702054 1.3329268317279828e-10
3813.8566744571744 1.3178323482318275e-10
3826.404431717055 1.2993012815938205e-10
3838.9644689081924 1.2853897451278102e-10
3851.5402114943618 1.2689895704603778e-10
3864.1298207037257 1.2573107731888667e-10
3876.681423024082 1.2442737148438204e-10
3889.2165722518703 1.2286658525535303e-10
3901.7937228048927 1.2165956085630523e-10
3914.376239464566 1.2000381342258566e-10
3926.950184147634 1.1847638318280761e-10
3939.510656203867 1.1767926969459215e-10
3952.082754993091 1.167363277536369e-10
3964.66520672985 1.1452316686925602e-10
3977.223438611204 1.1368697939244626e-10
3989.775857376849 1.1267825971246319e-10
4002.346082688934 1.1153991980553797e-10
4014.9052449751166 1.1024145101617376e-10
4027.454437240128 1.0855526294983476e-10
4040.0221607705066 1.0816981248453208e-10
4052.608105661614 1.0677859587923514e-10
4065.1747165545376 1.0575978802010646e-10
4077.7220075380287 1.0426486378050435e-10
4090.2897990210035 1.0320819963469628e-10
4102.873672523345 1.0229520794052267e-10
4115.447644068685 1.0102455414564514e-10
4128.008926808098 1.0003441457902019e-10
4140.585568421012 9.884571470646535e-11
4153.1694370518835 9.78502726855691e-11
4165.708486135632 9.713311146131278e-11
4178.245182757474 9.579735682493737e-11
4190.834603556789 9.502039388080182e-11
4203.40608927648 9.400002446093183e-11
4215.94546673201 9.325579489751171e-11
4228.511593513913 9.208396025443924e-11
4241.075779699394 9.089604422816265e-11
4253.641501584355 9.073716422230275e-11
4266.2134040829205 8.912330100864184e-11
4278.800238462189 8.834221652114962e-11
4291.378797171946 8.739168076307432e-11
4303.915793648459 8.61574487173933e-11
4316.4806669387035 8.574614128540619e-11
4329.060961840782 8.472450937653758e-11
4341.6343365752655 8.392818217717822e-11
4354.198259860986 8.313881859159573e-11
4366.7534805332525 8.152742431925773e-11
4379.309052921206 8.135511859272877e-11
4391.876283675789 8.032626722591764e-11
4404.434457339895 7.980543473758189e-11
4416.997001697697 7.848196473176161e-11
4429.587449292495 7.767479559548656e-11
4442.151636687611 7.67209767439111e-11
4454.676243985357 7.578499582737411e-11
4467.255845270074 7.524849937943184e-11
4479.8575794065855 7.371424614137616e-11
4492.40168445441 7.294382717870945e-11
4504.962144407178 7.169208215641974e-11
4517.519866020664 7.053330272294864e-11
4530.0755333545785 6.910311956143428e-11
4542.6078228888755 6.835402538915381e-11
4555.1794564400525 6.747567027811644e-11
4567.796610844846 6.637625045856426e-11
4580.340024503758 6.526254100890246e-11
4592.907148036285 6.426593705216438e-11
4605.507457041533 6.331605117525456e-11
4618.066519715286 6.249092924211619e-11
4630.61348098353 6.161209763002426e-11
4643.169806111598 6.051977118702364e-11
4655.7516975966855 6.024198174543639e-11
4668.310875988915 5.913630714953012e-11
4680.838737422433 5.859943278743496e-11
4693.4142013659475 5.7314076885994364e-11
4706.006583198429 5.682047330511165e-11
4718.579788898697 5.642610306592559e-11
4731.107753982311 5.5499655970471104e-11
4743.651571426617 5.435694679666074e-11
4756.281806400868 5.3891512620944253e-11
4768.856185173669 5.3037994369114864e-11
4781.385164866601 5.270921896096294e-11
4793.976276771281 5.204510661603565e-11
4806.607096854939 5.1265493195645085e-11
4819.146147308174 5.077489980255048e-11
4831.661602769959 5.018306665855099e-11
4844.287713525817 4.9681644903196516e-11
4856.860115107401 4.891949374919041e-11
4869.355537556235 4.8659994526800926e-11
4881.940425155442 4.7949508144780305e-11
4894.597962536946 4.7471313837027714e-11
4907.1382369119165 4.6848125598216174e-11
4919.600076288735 4.6341048019621987e-11
4932.2184698095 4.6477027871594764e-11
4944.828614579259 4.5167440373591186e-11
4957.327103379369 4.5189800265851825e-11
4969.86863255852 4.427917009072469e-11
4982.485662226757 4.4416143222411635e-11
4995.110752516737 4.383235697726986e-11
5007.607580415342 4.353250236177742e-11
5020.10090672177 4.2792369426187685e-11
5032.776306714229 4.24417504096511e-11
5045.393898578722 4.19580051718599e-11
5057.824235954894 4.180482289008944e-11
5070.389901954609 4.1043636481376885e-11
5083.106030184285 4.131313405470052e-11
5095.667197680151 4.0944421899262226e-11
5108.05545246385 3.9854129842482144e-11
5120.671439914531 4.009766359653595e-11
5133.447634936114 3.958267724398907e-11
5145.895026810736 3.938267078989197e-11
5158.2250506128275 3.9032034066737776e-11
5170.95099224376 3.8593754632572216e-11
5183.700390094105 3.833782348951624e-11
5196.118642963537 3.822163611892856e-11
5208.594319785777 3.7771125749608965e-11
5221.348995023267 3.824489299934143e-11
5233.86566836642 3.758496336332244e-11
5246.017090039119 3.6984255218130983e-11
5258.795061897151 3.609183799934231e-11
5271.8211514158575 3.732100583426245e-11
5284.059572485596 3.657935331274552e-11
5296.079024382072 3.660898650906668e-11
5309.081924588613 3.5991474671932435e-11
5322.3605651521175 3.637045738693334e-11
5334.390294917684 3.5342515195419586e-11
5346.181802010518 3.46693657362783e-11
5359.463528890978 3.6017233278016794e-11
5372.933862046457 3.464962303188525e-11
5384.396712939678 3.8060791701571634e-11
5395.929354426921 3.585697714755784e-11
5409.783878738565 3.422044366082283e-11
5423.640526297936 3.48894412587648e-11
5434.195806773826 3.3169238610064604e-11
5445.572893198795 3.537695038106264e-11
5459.895693738757 3.381753985177588e-11
5474.13057561097 3.369732367403862e-11
5484.976407817414 3.879055009870663e-11
5495.746636743918 3.338405188522921e-11
5510.086276689804 3.5793870554646105e-11
5524.398688742833 3.960202904491254e-11
5535.78557637482 3.328706917533657e-11
5545.66396493654 3.9907093936163445e-11
5559.311623442359 3.489161130906025e-11
5571.991646927517 9.272059232609641e-12
