0.017832091871975018 22737.14103603418
0.03021383503078692 17605.482074599113
0.042974873576784076 11947.285949754432
0.05577583798436814 11017.231524175742
0.06882863412500535 10329.441969389478
0.08110696464570484 6934.436226436133
0.09370674553631748 6260.161671541232
0.1063601950931877 4532.111529008042
0.1191264305855794 4450.980018463618
0.1317669354345263 3753.8196092911294
0.14419796924510328 3460.55832274791
0.15684580028039305 2848.7676893569733
0.169720248694121 2605.839265104955
0.18227245710657083 2396.390484316062
0.1947741622297751 2337.5456117598615
0.20733408359476654 1917.743767634467
0.21991992144750108 1813.3487541032828
0.23253646283801296 1615.5209489423426
0.2451850514388404 1525.1726951494086
0.25783785074606685 1360.5988431526305
0.27039766737784704 1288.9703284464997
0.2829104411759601 1208.7212743810098
0.29557053798041827 1109.5200935511828
0.3081399642793122 1064.1680081381621
0.32072160731469523 991.2028543118613
0.3334116808196781 924.0847920192741
0.34607587720379723 884.7015363040318
0.35861285762440276 855.6734507334143
0.37115362695027354 811.9591696713951
0.3836672702512402 775.1359894003698
0.39630714272578754 714.3982883362091
0.4089399593153121 703.597594076543
0.42156349890919737 666.7997563249457
0.43418079502572055 633.2868987974763
0.44676205768023924 601.4341084117289
0.4593692028514959 570.7651205094056
0.4718965482805615 554.6551442035656
0.4844735038218239 537.5678592440615
0.49708590060588315 519.6684244053449
0.5096361353798285 494.5133409739626
0.5222277017157814 471.0622768299745
0.5348355227589738 456.8655746898767
0.5474920039788611 442.4267705084521
0.5601365361534077 426.52174167203844
0.5727270239485892 411.625445603749
0.5852520646971224 401.59443183509745
0.5977898476833494 385.30194072627404
0.6103996074847239 376.9937588268516
0.6230020924267458 355.11663402944686
0.6356030860286782 343.97412659958616
0.6482301980282447 339.49991444315407
0.6608495463994327 323.9209213797991
0.6734744173918978 315.9465292991885
0.6860022567240294 307.5405015002005
0.6985809637891257 300.6570820157984
0.7111908491771028 282.397683398927
0.7237149565943726 280.31486415884615
0.7363081577644072 271.8388639516113
0.7489074805118834 264.260173932176
0.7615319556341393 252.51412774846585
0.7741323050847903 247.033555832955
0.7866754473434127 237.90698190795575
0.7993235825500546 230.5796814726716
0.81190848647639 222.5600619309114
0.8245003008650968 214.89834435289188
0.8371030476789418 211.24621861027154
0.8496433960979568 203.53588815797687
0.8622716392224975 198.1366357344796
0.87488141405514 190.3657050942302
0.8874320306379393 186.9409559978566
0.8999827699152771 179.43724950973487
0.9125618598383727 174.2427158237735
0.9252292314560246 170.13954191224508
0.9378544149867099 165.89588734554002
0.9504457821018755 161.27870662127606
0.9630431388995864 154.75986499704348
0.9755988646043361 149.8082999803099
0.9881575396632207 145.9432510831669
1.0007426245805 141.6727267386181
1.0132961828208307 137.7626278777589
1.0258723107356613 133.93768261027353
1.0385360311261853 128.37785680202197
1.0511519513207852 126.32643325776003
1.0637085884787136 122.22004289938727
1.0762949902025591 117.70383332023255
1.088919425178855 114.95168568991073
1.1015128135865688 110.8187241256131
1.1140372123598745 108.24396022870071
1.1266438572582125 104.08208404074324
1.1392985127936897 101.5158871674701
1.151880272522973 98.07982439884911
1.1644525285109728 95.0944437386823
1.1770445539533512 92.25027830117668
1.1896240437944712 89.71394748143354
1.2022063409730062 86.98598630387976
1.2147708906645462 84.50740307780555
1.2273521312637665 80.96959450578655
1.239976991173885 79.37232346377903
1.2525667220095915 76.53262779226958
1.2651332198084146 74.50238328395717
1.2777516590554714 72.1259217081565
1.290345675012634 70.20227810416962
1.3029343638221416 68.00638350448446
1.3155376929046902 66.21804802427026
1.328117471481915 63.87849865971213
1.3407038618127083 61.89531247167675
1.353303995632362 60.0884293341198
1.3658801979009818 57.995955843190195
1.3784547377611007 56.55488455628059
1.39102822847275 54.86709008938594
1.403617608863434 53.49746663769444
1.4162307266845795 52.02393046263778
1.4288327238231284 50.173694469852
1.4414357605605044 48.67224017858193
1.4540420662985798 47.229446478429104
1.466629000131026 46.04706288419698
1.4792232339276075 44.781012283991366
1.4917979405670894 43.47047998977892
1.5043420725912195 42.300498910082815
1.5169427293249718 41.33274234225431
1.5295424653470138 40.238572693727356
1.5421299704605798 38.858710120773125
1.5547395520031286 37.76268073532182
1.5673496087201606 36.919454380370965
1.5799699879730131 36.365780709648675
1.5925093854124408 35.472608642084744
1.6050513674379814 34.490337446666175
1.6176486600174438 33.50380348579243
1.6302445001949624 32.351414883890385
1.6428527694112194 31.259824398591658
1.655432221639459 30.181366842405314
1.6680440255859101 29.065589822951253
1.6806789206890442 28.112181834767256
1.6932331315938998 27.13956392868723
1.7057845975195367 26.139392070289933
1.7183896309732487 25.425589872800174
1.7309874185440766 24.449347010403613
1.7435623448937643 23.619655961193708
1.7561426634640465 22.871316527963856
1.7687458921757888 22.067062907627637
1.7813334782050294 21.267545869206103
1.7938985526958342 20.49763513066778
1.8064980806819708 19.84816055489116
1.8190945363690503 19.306604610815608
1.8316935397102867 18.638397903861076
1.8442938066535408 17.95607193807289
1.8568876791935867 17.24441143994934
1.869499697925803 16.712731090729353
1.8820874678435329 16.156559563239032
1.8946480071290868 15.689254046811325
1.9072244238241256 15.173653826452819
1.919795508316706 14.701336120473
1.9324077190392541 14.204470061249264
1.945026799429358 13.682880437984613
1.9575901294986942 13.280865026988089
1.9701677233625372 12.873126504064876
1.9827403283412803 12.411984330888293
1.9953314743596495 12.02770350871413
2.0079478346643724 11.702785024326639
2.0205022754362667 11.232445708266095
2.0330913752296547 10.892453295933128
2.0457223504519177 10.561360006914189
2.0582763462883635 10.341208108912245
2.070869909095244 10.065644633426583
2.0835199499115706 9.682946970627084
2.0960971256414043 9.334111044758288
2.108627206088836 9.100472885100134
2.121187091512547 8.804641932144069
2.1338231323869628 8.49284398842883
2.146410287377122 8.392924133065073
2.1589635630855613 8.008267621634692
2.171572232546307 7.77803122250003
2.184206232503577 7.626639426013258
2.1967582541876434 7.410887885849248
2.2093298486834105 7.175015110886056
2.221925909239807 6.980358474124489
2.234489591332647 6.7334632009904825
2.247040534594884 6.487292740491763
2.2596241003144377 6.2955488608819445
2.272229531496586 6.04079398690562
2.2848348222229253 5.670553870236318
2.2974000386779942 5.485647504502121
2.3099677799709784 5.219940133601792
2.322578483572135 5.108493206159721
2.3351595212304157 4.9132899235122425
2.3476935649899993 4.744321075123483
2.360343316487158 4.546326702109136
2.3730332994737653 4.400228083023404
2.385567863558977 4.305709159144984
2.3980601433668585 4.080568193155224
2.4107789685311047 3.983997043768931
2.4234531099437713 3.8424277132251974
2.4358311952097194 3.7166060625902277
2.448470944043584 3.6221440907179723
2.461284805393453 3.5183262833118185
2.4737948804239704 3.3726491069229385
2.4861107686591297 3.399219264881195
2.498755511659806 3.2277354243656116
2.5115847832453286 3.1300404658314656
2.524093324138887 2.980769305314778
2.53656270111075 2.9957683394067334
2.549307751622644 2.898140372932346
2.5619784398313064 2.8412756116149978
2.5742127557983365 2.7518204783686944
2.5867319401348796 2.652347081237255
2.599886904080172 2.582357162313638
2.6126019917307066 2.677257433459864
2.6241685674096127 2.607012753043201
2.6366174310925063 2.5501011590599254
2.650287847625155 2.403122602597203
2.663341593133416 2.5149223238124305
2.6741769121319616 2.546158813148797
2.6865492607137336 2.3740737214008396
2.7007770451010353 2.3698752082666634
2.714588441641011 2.3715421820201015
2.7248746414473364 1.9833920604849684
2.7364378284531066 2.2053300731469077
2.7506817507001844 2.269802292241272
2.7647976990558005 2.157106533946362
2.776632163410763 2.2438911499364034
2.785694055607795 1.582263919826898
