0.022249103061742388 9079.280512707634
0.037697805412663946 6987.402230467083
0.053619754661420924 4741.035041790837
0.06959151941223192 4400.746931156069
0.08587749464508528 4113.18880614624
0.10119716903564364 2757.3532949755763
0.11691791708939199 2486.7719498297574
0.1327056275441488 1800.8227215174177
0.14863406102351476 1803.5225478990028
0.1644056203647198 1520.2059999441476
0.17991582266746842 1403.7632992089657
0.1956965228922087 1153.1970801908121
0.21175997364586352 1067.7753113254462
0.22742136551318426 986.9253276370712
0.24301974442075533 985.0804333061155
0.2586907597398416 795.2196182377129
0.2743941110636398 762.5798377368548
0.2901357711950233 682.211551738447
0.30591741663437133 650.5759766225771
0.3217043157725735 585.4604833396655
0.3373752004160202 555.3799476744031
0.3529873897105369 525.5307868696458
0.3687833939368671 484.93680436493685
0.38446626856306715 472.3628956586442
0.4001643860127776 438.9058221476255
0.41599779217177013 414.9172344455491
0.4317989114441107 404.19783226867384
0.4474413033442712 395.24355879333723
0.46308842266196304 374.9927498821981
0.47870169683528935 359.4520120800904
0.4944724671628839 336.6085925883756
0.5102344338619311 330.0395447401722
0.5259848256524615 316.64901478531493
0.5417274274555754 304.21830111168345
0.5574250703040381 293.02694558703513
0.5731550067715856 280.10313891218823
0.5887853770917031 274.7793865495282
0.6044776459544647 269.96179949587236
0.6202141348599048 259.6534570509364
0.6358730642182386 253.46508586384016
0.6515835629712013 243.5602281497462
0.6673143427242402 238.91747102532514
0.6831058357852889 232.7056004175218
0.698882420021104 228.26301720766392
0.7145915730786233 223.64505662212122
0.7302190678485779 217.53659533555378
0.7458624611099557 209.9856372141548
0.7615956598517994 210.35985719211686
0.7773197817507993 200.0717666276716
0.7930420429045996 196.90237856168108
0.8087968919861057 194.94669098108432
0.824542054387599 189.60070701602868
0.8402941073642892 187.03881994805857
0.8559250939273185 184.42693661615493
0.8716195481665674 181.7065448193716
0.8873529036028295 174.9788319783231
0.9029792338552601 173.70236850049633
0.9186917723908932 171.13794274988993
0.9344119488193978 168.75045966808725
0.9501635078687831 163.9967073799616
0.9658849653149559 162.1405820415024
0.9815350453411126 159.61021611659862
0.9973161250804837 155.55975802501558
1.0130183111442073 151.09852401975763
1.0287291193926194 149.89302601799952
1.0444535680291227 149.78032195331886
1.060100162181283 146.9943455869554
1.0758564225675482 144.3283607707713
1.0915896400639065 141.76826726550718
1.107249045805191 140.84456781169263
1.122908604632465 137.3710918818381
1.1386035365636833 135.26278559860066
1.1544086175752646 134.45975784710816
1.1701610605059276 132.72168744108183
1.1858713106910914 131.37282435352
1.20158903420385 128.59106765906722
1.2172548145971744 126.73547455297108
1.2329242748999891 125.14454621023518
1.248626686786134 124.18066083713745
1.2642897628338554 122.18454250036045
1.279980999067024 119.94296705071093
1.2957815244421016 119.26134699406798
1.311522409507275 118.84888927844143
1.3271893271208342 115.6856249252889
1.3428933819866817 114.45496001492889
1.3586448909459479 113.0596740095684
1.3743576630980545 111.32824442156551
1.3899843568754446 110.48378812162468
1.4057136691524144 108.612812347742
1.4215028843068165 107.71535093931207
1.4372011473555197 106.02553187384487
1.45288755258514 105.12110937673688
1.468598624165242 104.50809621298079
1.484294055074225 102.65115330175034
1.4999929886984207 101.69000610871014
1.5156697787810696 100.31400700738033
1.5313673941111337 98.75332595278384
1.5471194332603788 97.90351938947863
1.5628276418594749 96.08622696170274
1.5785068625958028 96.66076634593004
1.594250890683014 94.73498586762538
1.6099644458286393 93.57442651141051
1.6256713542915282 92.43447184201762
1.6413965294247597 91.68018231452501
1.6570923205898136 90.90558420415809
1.6727963612405485 89.5729632607509
1.6885175496439015 88.07052932165597
1.7042088786483014 86.9597878911096
1.7198981334654246 86.92754484910732
1.735586079259883 84.96682970585178
1.7512938506086846 85.09364793710176
1.7670312391521794 83.9886833680966
1.7827547524187306 82.81945529036142
1.7984795627928567 81.57708341003492
1.8142084518995283 80.81405312484667
1.8299131706773375 80.60314930407247
1.8456269976212307 79.42407090461555
1.8613164605289845 78.5632594767491
1.876967775485678 77.78066016282347
1.8926896163290117 76.58004689264588
1.9084103084002393 76.06819165581882
1.9241157399655668 75.2937455815781
1.9398487162938536 74.39603206310542
1.9555822854973968 74.13127417477591
1.9713287341300603 73.03181406833096
1.9869741417448805 72.5334965281603
2.002622774148089 71.78633816777707
2.0183410154318406 70.92295916592774
2.0340573720934665 70.18158666983007
2.049788249740259 69.96447180587677
2.0654881590981975 68.83566866686675
2.0812242675201014 67.9025338281338
2.0969898273026946 67.60888630904911
2.1126586599257613 66.71162682412162
2.128320716890662 66.33478699626419
2.1440495659755023 65.31814706111928
2.1597646192656037 64.9944418117462
2.1754596863719 64.38882195944699
2.1911602740188174 63.758364629237185
2.2068759683499337 63.21811548956976
2.2225831920984676 62.2497353595142
2.2382710617782817 61.9502799593121
2.253989130416774 61.332869718162236
2.2697083320237073 60.7397341406659
2.285436026579966 60.15983170360379
2.3011577044294036 59.688687073134275
2.316858603816178 58.946315455610765
2.332581049338732 58.43329711689816
2.34831644639347 58.01709056767998
2.3639937025995494 56.95656635813285
2.379665004636293 56.67949734768155
2.3953533138829597 56.121562805031985
2.4110877362772767 55.73450742287062
2.4268389083920625 55.3925966817661
2.4425201921125073 54.5270387618875
2.4582058313408535 54.1636380409414
2.4738924229916686 53.486618812328395
2.489614075480277 53.229386382019854
2.505340526859593 52.69936792968777
2.521012063337839 52.35456906594944
2.536735374590609 51.893564237087325
2.552481388593243 51.36229553662303
2.568184951093486 50.78721031122175
2.5838979547400434 50.45919222915733
2.5996188934814874 50.04559696661556
2.6153174373582626 49.526185314800315
2.6310085920275714 49.21202209848007
2.646701761629022 48.54821259921051
2.6624108326644733 48.02959288817715
2.6781419436020886 48.10615018276272
2.6938601220026954 47.30246566562379
2.709562050470109 46.940062266784416
2.725270059857042 46.52184781490421
2.740974164891608 46.274745041639356
2.7567028301471037 45.734111835528694
2.7724076189872 45.36654609877776
2.788063571159398 45.03895745977501
2.8037553190369198 44.472514660175435
2.8194814345619803 44.144577672705374
2.8352238816709576 43.832259655781776
2.850910124126015 43.623728927734405
2.866597950802449 43.22735498888009
2.882356032479125 42.75405993673575
2.8980722668776973 42.397590118369244
2.9137718047181704 41.95980628438598
2.929482690640526 41.74523048325684
2.9452185909241475 41.3964991390819
2.9609191356288176 41.118975573511975
2.976586605748167 40.75146921127013
2.992280522086002 40.58289522075579
3.008003943385366 40.031642961271686
3.023717111104265 39.757152835339426
3.039409755187025 39.41763984857917
3.055124387927867 39.08777455381779
3.0708515415537176 38.94620377192836
3.0865824664423323 38.668276429586726
3.102255617942141 38.37100796347967
3.117937097861719 38.08629347032511
3.133663649833606 37.665931861631776
3.149374879730446 37.511606091146675
3.165080357818135 37.26181412329952
3.1807907211800166 37.10085097232621
3.1965103876465535 36.79554820003777
3.212216472333985 36.501793322580546
3.227938550166458 36.260077558620175
3.243664315934431 35.93832316440492
3.259354567529861 35.72071702438933
3.2750433073069045 35.55819880354796
3.290753619157217 35.15894644783873
3.306466900908258 34.99014258034279
3.3221637311321865 34.78014920997112
3.337862012386389 34.488104263376435
3.353601290680688 34.40222775545481
3.369327171042736 34.10188314881334
3.3850039749871943 33.99190928509575
3.4007065232444464 33.79773871286817
3.4164142161439948 33.572503137018906
3.432128746206082 33.36784099532218
3.4478384323235045 33.13864430203227
3.463523917872643 33.07389180028681
3.4792466030482485 32.68662408739921
3.4949611285986775 32.51761696466938
3.510669708522955 32.41168102294228
3.5263869487121733 32.271963595911835
3.5420945838686637 32.067854178298454
3.557795442967843 31.931035444180544
3.5734945029106 31.73767802813516
3.589217304556968 31.61092335357099
3.6049428044232488 31.409330639623338
3.6206341696333313 31.309098642919267
3.636330872430432 31.185462537298964
3.6520482978796998 31.048412817229604
3.6677759110050663 31.03795619916454
3.6834822723724057 30.870456629179973
3.6991749131089975 30.623934901285736
3.714890361507109 30.629671652569705
3.730584026907788 30.515741827875647
3.74625617594995 30.468133191469622
3.7619643801279565 30.344121554022013
3.7776899797364405 30.26419623342419
3.7934040874629056 30.290418092652935
3.8091214274228267 30.21492791135228
3.8248450892897305 30.157921400172437
3.84057544228473 30.076538356558643
3.856276796948471 30.103973821997116
3.8719599077074505 30.0108483577447
3.8876826744491284 29.969166381227968
3.903393312318085 29.957918448126833
3.919072802632853 29.880820158626722
3.9347842435109563 29.91184975305093
3.950508863077185 29.87055822036627
3.9662134835863454 29.970945264194654
3.9819000356575147 29.92842306030823
3.997616090986677 29.95088831214066
4.013355341593697 29.972680789693666
4.0290494209088745 29.90965879930706
4.04474292088097 29.77371443735412
4.060456771350118 29.54553297909629
4.0761601998649075 29.42824391934367
4.09187061707921 29.21685386641381
4.107575345671158 29.105901473260694
4.123270201583074 28.94362185082875
4.138980621586032 28.754883605275634
4.1546956899579275 28.671843403336997
4.170420599838194 28.531348837703966
4.186123902761132 28.38772720603835
4.201803464077678 28.195393900608472
4.217530385597031 28.065260180997484
4.233268701997336 27.911085071599782
4.248951607587163 27.815609890751606
4.264654483609961 27.644547744367582
4.280379310469831 27.553650691615996
4.296088465425427 27.509728063261335
4.311796117340112 27.3327448669198
4.327487296090121 27.189078999105863
4.343215900797666 27.066665312928908
4.35891575643865 26.880595436519272
4.374590019442508 26.818292225137036
4.39030819672849 26.748173227508342
4.406026540140642 26.647373790049286
4.421733947397628 26.55744591287641
4.437441870967764 26.378945545035254
4.4531590540160275 26.29987348460725
4.468864369014501 26.22260410651162
4.484568230746857 26.132289259633186
4.500269304354133 25.9969160835704
4.515977284766968 25.930577830020777
4.531686285685835 25.75600316602685
4.5473840880876395 25.672092312867797
4.563096257271652 25.672589644810518
4.578809215502026 25.62093601110058
4.594526022451646 25.544886440777844
4.610241065302697 25.435471028140917
4.625942303757445 25.368544380580264
4.641651864846571 25.273902700347925
4.657358995219063 25.222053398402743
4.673055122934911 25.2105412159817
4.688769533932449 25.187338837299105
4.704487487664588 25.01095150868143
4.72019453284375 24.971827208353325
4.735881112539363 24.918705987907106
4.751594922127567 24.73942979072157
4.767320843071468 24.771220990713164
4.783005539646319 24.6745341975035
4.798705586135241 24.69756124080128
4.814425264367952 24.648688725730427
4.830162275879657 24.62738742438145
4.845851778780103 24.53754268193664
4.861520715314838 24.609238938450442
4.877242153506116 24.571946393707233
4.892970299330708 24.621686519515762
4.908687730184543 24.495146778513643
4.924388320254834 24.426359920962827
4.940103443741364 24.4794702681377
4.955831508412313 24.433955551123738
4.971529298264005 24.425963046255625
4.9872198217210615 24.42579239771018
5.002932603361168 24.433219747347582
5.018631556218896 24.479763712101214
5.03431804655016 24.41834759294148
5.050027700963134 24.497116167436623
5.065760132077018 24.47024251008954
5.0814683956931725 24.476867433829803
5.0971525094225365 24.437629214792814
5.1128622487762545 24.471063947389688
5.128592090654181 24.503439766118753
5.144309555085857 24.725765790389058
5.160011158510123 24.532726496450316
5.1757319605262655 24.631579816312776
5.191461796314855 24.63886233331568
5.20713560766954 24.700187574555876
5.222806478446843 24.765667226993592
5.238543254445987 24.694393330985655
5.254257611595601 24.865538965282536
5.269931833415012 24.913550146663447
5.2856394918923915 25.00626336220217
5.3013447246242436 24.945718686962536
5.317051876980444 25.17417270099951
5.332766755103651 25.09335900711109
5.348500298077736 25.2027414079079
5.364223496464933 25.216209555254554
5.379894742060575 25.293505205978047
5.39560083367338 25.43876045718669
5.411326202300977 25.523115106056757
5.427042920719082 25.510534016534763
5.442747824826233 25.71541927210383
5.458441850666566 25.61543614295042
5.474136316151507 25.85221457307397
5.4898453545947365 25.883991505270764
5.505543071674868 25.97872837139716
5.521246252122121 25.990855009498993
5.53698431161562 26.24023931273236
5.552689545859514 26.034824326308605
5.5683453049816976 26.191598262584005
5.584069806587593 26.181619824835792
5.599821974258233 26.122575349879455
5.615502105568013 26.20087097074672
5.631202680508973 26.081492361890948
5.646899832525831 26.12643450805645
5.662594416693223 26.05138461853052
5.678259778611095 25.80445551982131
5.693974320550066 25.908949524501406
5.709745763556058 25.530018136330945
5.725425030629698 25.429972558016154
5.741133935045357 25.44440152047008
5.756884321301917 25.519275483975548
5.772583149644108 25.43797983020406
5.788266851229413 25.42213792905193
5.803962257639498 25.527002046189033
5.819689621995858 25.20729681496199
5.835388594986144 25.425282305895895
5.851048421778041 25.6313491682336
5.866767751707435 25.604881471305042
5.882508228998037 25.57658257249495
5.898224736123372 25.483083803330043
5.91388469247789 25.52473272640135
5.929564464283271 25.72292356685477
5.945352258001085 25.61676799075574
5.961070231467086 25.893288107444633
5.976731456083253 25.69129564120876
5.992470345964102 26.003786612314496
6.008258871068675 26.000502703670776
6.023932684135218 26.361130178409258
6.03957700346245 26.42343723422511
6.0553596419072715 26.29591670996823
6.071075143884252 26.50224417083859
6.086694421945294 26.674953493480526
6.102425531444303 26.647027806888563
6.1182474531711835 26.883344247707623
6.133922796139896 27.24316225785384
6.149500095360919 26.83616859921938
6.165273087261875 27.28494017173338
6.181035768224074 27.083658285382906
6.196658879224212 27.571633647991796
6.212335790698151 27.752674679575406
6.228107077783448 28.120860825594377
6.243888440645922 28.423691170417815
6.259509475519178 28.148368033535604
6.275126133402214 28.814120624139697
6.290970383392787 29.044667234424917
6.306742373223403 29.057608361031644
6.322280294943619 29.229923726221593
6.337987377443262 29.63534410658233
6.353882537730357 29.597958965319776
6.3695839971001895 30.531257816548006
6.3850693155798135 30.30726635743358
6.400839299893165 30.935303240141597
6.416809543670143 31.015118949618987
6.432368783513422 31.32068979352655
6.447781313266034 31.729095172209814
6.463688740304701 32.43145065484409
6.479625487617632 32.67758563658635
6.495148303704422 33.02865948633603
6.510742899732221 33.728946565247234
6.526686243779084 34.007669391618485
6.542332085458026 34.45753430922843
6.557521362548899 35.640582175169705
6.573493827371439 35.46121915457457
6.589776439269823 36.38192558383484
6.605074465606995 36.44211117835034
6.620098780477591 37.18018897691207
6.636352405735767 38.84525219740552
6.652950706440147 37.78249419258974
6.667987868647105 38.76463229904381
6.682727252513149 39.94067084618563
6.699329411113722 40.36929298253359
6.716167327558071 41.34245749291663
6.730495891174598 43.27549971248265
6.744911693033653 44.60043354004445
6.762229848423207 43.89846331960874
6.779550657872421 46.17707946812203
6.7927447584672835 48.25918319692144
6.8069661164984945 49.190005678639515
6.824869617173446 47.065513945545824
6.842663219513713 49.53923862888583
6.856220509771768 52.07811272052474
6.869683295929899 49.94405917805576
6.887607845862257 53.019826626645425
6.905498360928541 47.43508810931331
6.9197319704685265 47.43144902302369
6.932079956170676 61.45489527688092
6.949139529302949 57.48899509253017
6.964989558659396 0.04801572519386782
