0.01783209187197512 22793.681199509094
0.03021383503078709 17647.712998886578
0.04297487357678432 11973.861769368219
0.055775837984368457 11038.895943998346
0.06882863412500574 10349.353879459242
0.0811069646457053 6945.8707510940885
0.09370674553631801 6267.749136508415
0.1063601950931883 4536.553604404547
0.11912643058558006 4452.504815823298
0.13176693543452705 3753.7296071143915
0.1441979692451041 3457.2531856863343
0.15684580028039394 2844.4429895394755
0.16972024869412194 2598.9648152736772
0.18227245710657186 2389.347273785092
0.19477416222977617 2328.083513125734
0.2073340835947677 1908.9253563787577
0.21991992144750233 1802.6931166103232
0.23253646283801427 1604.1377724270678
0.24518505143884178 1513.145549185449
0.2578378507460683 1348.4637988475986
0.2703976673778486 1275.8357423569678
0.2829104411759617 1195.0146672146898
0.29557053798042 1095.5321811686117
0.3081399642793139 1049.1111444911364
0.32072160731469707 976.8090565786931
0.33341168081968 908.9571481784843
0.3460758772037992 867.9786052533162
0.35861285762440476 838.7629753932397
0.37115362695027565 795.2692318885113
0.38366727025124236 758.0896597698808
0.39630714272578976 698.3567067883711
0.40893995931531435 686.1784633624665
0.4215634989091997 649.9585889810687
0.434180795025723 616.4446317388301
0.4467620576802418 584.8587883330727
0.4593692028514985 554.0946935753512
0.47189654828056415 538.0313963065794
0.48447350382182663 520.4677397798376
0.497085900605886 503.1842543541825
0.5096361353798314 478.1387648154352
0.5222277017157843 454.5934226272496
0.5348355227589768 440.7871426246305
0.5474920039788642 425.9827899826917
0.560136536153411 410.7538555699382
0.5727270239485924 395.2422425628736
0.5852520646971258 385.64266821678865
0.5977898476833527 369.61127406699757
0.6103996074847274 360.96053313554523
0.6230020924267493 339.96193240343274
0.6356030860286818 328.78961110145025
0.6482301980282483 324.51075665768906
0.6608495463994365 309.0535041947544
0.6734744173919016 301.28635014695953
0.6860022567240333 293.0984767526597
0.6985809637891297 286.18368225855045
0.7111908491771068 268.7574152331581
0.7237149565943767 266.38890986181104
0.7363081577644114 258.24805152290315
0.7489074805118876 250.4761104526147
0.7615319556341437 239.38449025237878
0.7741323050847946 233.85416846345913
0.7866754473434171 225.3079476679408
0.7993235825500591 218.14399678118528
0.8119084864763947 210.63022943449027
0.8245003008651015 203.12778677940227
0.8371030476789465 199.34991039709726
0.8496433960979617 192.08914316393373
0.8622716392225024 186.89884528359113
0.8748814140551449 179.3603880366535
0.8874320306379443 176.00137591790852
0.8999827699152823 168.9089932164184
0.9125618598383779 163.75007797175445
0.9252292314560299 160.04585109678084
0.9378544149867151 155.7224241380148
0.9504457821018808 151.48777495963947
0.9630431388995918 145.1840828365229
0.9755988646043416 140.46997657126164
0.9881575396632263 136.8026899601897
1.0007426245805058 132.64447705696068
1.0132961828208364 129.01535730221897
1.025872310735667 125.41828862302376
1.0385360311261913 120.04273710864065
1.0511519513207912 117.99878209288066
1.0637085884787196 114.05763137877825
1.0762949902025651 109.86699253598223
1.0889194251788612 107.20339562884074
1.101512813586575 103.33835848083555
1.114037212359881 100.86896522687485
1.126643857258219 97.01545173798058
1.139298512793696 94.53337009968693
1.1518802725229795 91.3244375222671
1.1644525285109795 88.55410116547647
1.1770445539533578 85.7229086940245
1.1896240437944778 83.28789355209288
1.2022063409730128 80.76741394359834
1.2147708906645531 78.50338984540652
1.2273521312637734 75.23085354460139
1.239976991173892 73.6847852166594
1.2525667220095986 71.02531730694446
1.2651332198084217 69.07934050155573
1.2777516590554787 66.8310265138891
1.2903456750126412 64.96251245643032
1.3029343638221489 62.95399232876041
1.3155376929046976 61.24243440787972
1.3281174714819226 59.06624393268514
1.3407038618127158 57.23648544214963
1.3533039956323696 55.53007542265237
1.3658801979009896 53.573303873016656
1.3784547377611085 52.21108889574308
1.3910282284727578 50.72404526729096
1.4036176088634418 49.39124027319139
1.4162307266845875 48.013626603428634
1.4288327238231364 46.29442555786104
1.4414357605605126 44.85230896621978
1.454042066298588 43.574289025711096
1.4666290001310343 42.4106116531906
1.479223233927616 41.246943819910406
1.4917979405670978 40.06863051565836
1.504342072591228 38.99069602585942
1.5169427293249804 38.02018572599621
1.5295424653470224 36.989751462605234
1.5421299704605884 35.75631894424804
1.5547395520031375 34.70998364584121
1.5673496087201695 33.93387174058977
1.579969987973022 33.42941447003927
1.5925093854124497 32.572261109731556
1.6050513674379905 31.694507221974302
1.6176486600174529 30.76711407673807
1.6302445001949715 29.67498184668236
1.6428527694112285 28.671010635784118
1.6554322216394683 27.661729297361642
1.6680440255859197 26.62586328945691
1.6806789206890538 25.71568076586808
1.6932331315939093 24.841240055617888
1.7057845975195463 23.92972923611496
1.7183896309732583 23.223444871687153
1.7309874185440863 22.339178022443097
1.743562344893774 21.562143117685014
1.7561426634640562 20.87751414188799
1.7687458921757988 20.1236254786866
1.7813334782050396 19.401188006855325
1.7938985526958444 18.700794618910678
1.806498080681981 18.078955772029293
1.8190945363690607 17.5909157642753
1.831693539710297 16.964188002229005
1.8442938066535512 16.342669919971982
1.8568876791935973 15.698940309567583
1.8694996979258134 15.235954989338532
1.8820874678435435 14.697137491112917
1.8946480071290974 14.266982860991767
1.9072244238241365 13.77649887799063
1.9197955083167166 13.37676789973908
1.932407719039265 12.902542020451484
1.945026799429369 12.44355436113898
1.9575901294987053 12.067446768895662
1.9701677233625483 11.682308459993129
1.9827403283412917 11.274414515073461
1.9953314743596609 10.921798314764704
2.007947834664384 10.626125545391627
2.020502275436278 10.171109828254478
2.033091375229666 9.846567781928306
2.0457223504519293 9.553975828215457
2.058276346288375 9.365089903096099
2.0708699090952556 9.127515448455329
2.0835199499115826 8.756681638347652
2.096097125641416 8.439582190302557
2.108627206088848 8.229887372848317
2.121187091512559 7.964404055274624
2.1338231323869747 7.68878317654524
2.146410287377134 7.566543797735608
2.1589635630855737 7.247779525153875
2.1715722325463194 7.036327327165393
2.1842062325035894 6.883492698880101
2.196758254187656 6.698860396668199
2.2093298486834234 6.472154568488646
2.2219259092398196 6.299961805951261
2.2344895913326592 6.070093778318033
2.2470405345948965 5.845539076457269
2.2596241003144506 5.676148932312418
2.272229531496599 5.432717107984858
2.284834822222938 5.114501641416099
2.2974000386780076 4.949921955697063
2.3099677799709912 4.701728005562009
2.3225784835721477 4.598801367585666
2.3351595212304286 4.4306502635103024
2.3476935649900126 4.280034930513099
2.3603433164871714 4.09492620067129
2.373033299473779 3.978192494238656
2.3855678635589905 3.876227648879217
2.3980601433668722 3.658725469591193
2.410778968531118 3.5712283342364626
2.423453109943785 3.4625982913528106
2.435831195209733 3.350004123150334
2.448470944043598 3.259771280282581
2.4612848053934666 3.179269547853478
2.473794880423984 3.0315671658347676
2.4861107686591435 3.060273452041171
2.4987555116598203 2.885283835432801
2.511584783245343 2.7915397398898367
2.524093324138901 2.6905804388725474
2.5365627011107645 2.685428043456037
2.549307751622658 2.608768536709188
2.5619784398313206 2.5244903440464896
2.574212755798351 2.4799195942086607
2.5867319401348943 2.3789553509760433
2.599886904080187 2.312639650683422
2.6126019917307213 2.3699785453117266
2.6241685674096273 2.361775723212377
2.636617431092521 2.2923117678633282
2.65028784762517 2.1738464910218633
2.663341593133431 2.2695087641179432
2.6741769121319767 2.2528632744711072
2.6865492607137487 2.1379963699032962
2.700777045101051 2.162032964635177
2.7145884416410264 2.094956312135266
2.724874641447352 1.7952384795854126
2.736437828453122 1.9921041820399263
2.7506817507002 1.9867991208082054
2.764797699055816 1.982582264834639
2.776632163410779 2.598136122706143
2.785694055607811 1.4292733370073565
