0.022249103061742388 9077.74462518446
0.037697805412663946 6982.266754762244
0.053619754661420924 4729.7885106460635
0.06959151941223192 4387.5054585774615
0.08587749464508528 4106.064615865192
0.10119716903564364 2751.236322902117
0.11691791708939199 2484.767304283291
0.1327056275441488 1798.746600800912
0.14863406102351476 1806.642449565582
0.1644056203647198 1526.2324278040287
0.17991582266746842 1412.4284688157882
0.1956965228922087 1165.8126231304361
0.21175997364586352 1083.4564451859885
0.22742136551318426 1007.1017307128709
0.24301974442075533 1007.7428448222827
0.2586907597398416 818.0756141068948
0.2743941110636398 787.8167235198645
0.2901357711950233 706.0194517850194
0.30591741663437133 677.6136262043358
0.3217043157725735 611.2003592289063
0.3373752004160202 582.1879213042166
0.3529873897105369 552.9478167199658
0.3687833939368671 512.5762045312969
0.38446626856306715 498.99388582271746
0.4001643860127776 465.31773616919327
0.41599779217177013 440.95450962665393
0.4317989114441107 431.6774128522713
0.4474413033442712 423.7441257259005
0.46308842266196304 402.5601623365536
0.47870169683528935 386.5602249975301
0.4944724671628839 363.1101667244723
0.5102344338619311 355.97002408606176
0.5259848256524615 343.0905723585752
0.5417274274555754 329.2285108339023
0.5574250703040381 318.37073460701606
0.5731550067715856 304.9631078496566
0.5887853770917031 299.7273700497987
0.6044776459544647 294.82982164996463
0.6202141348599048 284.1585703008722
0.6358730642182386 278.1367247533645
0.6515835629712013 267.16581992356623
0.6673143427242402 263.4688663651252
0.6831058357852889 256.7267263655148
0.698882420021104 252.2915486657035
0.7145915730786233 246.68724086193527
0.7302190678485779 240.48985425937843
0.7458624611099557 232.78318359172766
0.7615956598517994 233.3300518629698
0.7773197817507993 222.23099630674307
0.7930420429045996 219.0543135801969
0.8087968919861057 216.96979706029498
0.824542054387599 211.09664904586114
0.8402941073642892 208.51012971810903
0.8559250939273185 205.90699859095878
0.8716195481665674 202.99831301025543
0.8873529036028295 196.05410384739622
0.9029792338552601 194.73336088303776
0.9186917723908932 191.8529563935595
0.9344119488193978 189.3973200587726
0.9501635078687831 184.424402292388
0.9658849653149559 182.24887162214623
0.9815350453411126 179.6609076869975
0.9973161250804837 174.70367802493553
1.0130183111442073 170.36953251361254
1.0287291193926194 168.80987102289504
1.0444535680291227 168.58419925017108
1.060100162181283 165.82541887281107
1.0758564225675482 162.8615549092523
1.0915896400639065 159.95150951723838
1.107249045805191 158.86766600676935
1.122908604632465 155.03803762747248
1.1386035365636833 152.81385069785097
1.1544086175752646 152.4116456187263
1.1701610605059276 150.26437773704234
1.1858713106910914 148.9081472123303
1.20158903420385 145.64022760615092
1.2172548145971744 143.61679984326472
1.2329242748999891 141.7530453202006
1.248626686786134 140.65592105267314
1.2642897628338554 138.69255243246616
1.279980999067024 135.87448992871407
1.2957815244421016 135.24850359566966
1.311522409507275 134.83572412989622
1.3271893271208342 131.1907494855556
1.3428933819866817 129.84287039650312
1.3586448909459479 128.131878350043
1.3743576630980545 126.424501267787
1.3899843568754446 125.503778630759
1.4057136691524144 123.47385168095491
1.4215028843068165 122.35284450423987
1.4372011473555197 120.72272110999958
1.45288755258514 119.51954554281987
1.468598624165242 118.7883022997831
1.484294055074225 116.57416847578313
1.4999929886984207 115.42679576531798
1.5156697787810696 114.1914778591303
1.5313673941111337 112.35043941394926
1.5471194332603788 111.34138171736355
1.5628276418594749 109.16267808453867
1.5785068625958028 109.8351356677702
1.594250890683014 107.63129243893839
1.6099644458286393 106.58031533139196
1.6256713542915282 105.1898791480781
1.6413965294247597 104.19527461828343
1.6570923205898136 103.31407519651776
1.6727963612405485 102.07878891835894
1.6885175496439015 100.29288095712779
1.7042088786483014 98.99405712044336
1.7198981334654246 98.78748959717338
1.735586079259883 96.82649368084998
1.7512938506086846 96.83977951279068
1.7670312391521794 95.52481954296267
1.7827547524187306 94.25967626876042
1.7984795627928567 92.69694135370139
1.8142084518995283 91.83779416564062
1.8299131706773375 91.65741294014073
1.8456269976212307 90.20595855624245
1.8613164605289845 89.38618715481522
1.876967775485678 88.34610233325463
1.8926896163290117 87.11333969914642
1.9084103084002393 86.54898377223279
1.9241157399655668 85.44776148652437
1.9398487162938536 84.49599004190567
1.9555822854973968 84.37999066650079
1.9713287341300603 82.90900790345631
1.9869741417448805 82.34971736242038
2.002622774148089 81.36797442487007
2.0183410154318406 80.3997927320616
2.0340573720934665 79.80413741084037
2.049788249740259 79.33973323885203
2.0654881590981975 78.08400809676814
2.0812242675201014 76.77308592561167
2.0969898273026946 76.59620989149384
2.1126586599257613 75.7015435326134
2.128320716890662 75.01529478021985
2.1440495659755023 74.01453160203913
2.1597646192656037 73.65438884645839
2.1754596863719 72.94485839755129
2.1911602740188174 72.24994046017025
2.2068759683499337 71.64543622163669
2.2225831920984676 70.46558073532233
2.2382710617782817 70.19805014716474
2.253989130416774 69.48880095500897
2.2697083320237073 68.75687205515487
2.285436026579966 68.22975868368621
2.3011577044294036 67.6088628260591
2.316858603816178 66.78355011156742
2.332581049338732 66.06301300108048
2.34831644639347 65.6755805907367
2.3639937025995494 64.68520227320258
2.379665004636293 64.23469339605785
2.3953533138829597 63.604025818251465
2.4110877362772767 63.02228291332479
2.4268389083920625 62.54270590140356
2.4425201921125073 61.68583360489593
2.4582058313408535 61.17626206189634
2.4738924229916686 60.46135645565255
2.489614075480277 60.153199073587345
2.505340526859593 59.647952961857676
2.521012063337839 59.239276567567956
2.536735374590609 58.81730781140061
2.552481388593243 58.13395366085515
2.568184951093486 57.382024174199806
2.5838979547400434 57.13603520939274
2.5996188934814874 56.61970381109523
2.6153174373582626 56.186288569766276
2.6310085920275714 55.706561840618534
2.646701761629022 54.890957599230646
2.6624108326644733 54.31302599900505
2.6781419436020886 54.3920866979665
2.6938601220026954 53.53490569622193
2.709562050470109 53.15602549801662
2.725270059857042 52.567697740296644
2.740974164891608 52.39837129655154
2.7567028301471037 51.86873029970531
2.7724076189872 51.3669547420288
2.788063571159398 50.987653077493874
2.8037553190369198 50.42437814334571
2.8194814345619803 49.9135786692126
2.8352238816709576 49.66503944074024
2.850910124126015 49.29083956954697
2.866597950802449 48.92435787895243
2.882356032479125 48.335609635013995
2.8980722668776973 47.91435461918912
2.9137718047181704 47.429417252187655
2.929482690640526 47.21866209151655
2.9452185909241475 46.80515769464026
2.9609191356288176 46.488255144183164
2.976586605748167 46.047856979674805
2.992280522086002 45.86854689777888
3.008003943385366 45.274460566563825
3.023717111104265 44.91160428045173
3.039409755187025 44.60419807734654
3.055124387927867 44.04432596755293
3.0708515415537176 44.004626733268495
3.0865824664423323 43.75360061145294
3.102255617942141 43.436745875202696
3.117937097861719 43.11045884346078
3.133663649833606 42.57798871525535
3.149374879730446 42.48782911173362
3.165080357818135 42.1618856777245
3.1807907211800166 41.9078406873695
3.1965103876465535 41.534822834061444
3.212216472333985 41.29772313586514
3.227938550166458 41.0019997906487
3.243664315934431 40.65698184700968
3.259354567529861 40.43025527379082
3.2750433073069045 40.279876156071715
3.290753619157217 39.785811830622265
3.306466900908258 39.59498490898916
3.3221637311321865 39.34030400230278
3.337862012386389 38.980871256066344
3.353601290680688 38.86544743466691
3.369327171042736 38.550426261047356
3.3850039749871943 38.47562053901096
3.4007065232444464 38.24198254464034
3.4164142161439948 37.988177560706184
3.432128746206082 37.70131413178485
3.4478384323235045 37.447778322205004
3.463523917872643 37.43941091886218
3.4792466030482485 37.04651854245788
3.4949611285986775 36.80920754577383
3.510669708522955 36.72698906960011
3.5263869487121733 36.560830949172626
3.5420945838686637 36.334442867471175
3.557795442967843 36.161631371775904
3.5734945029106 35.98365975796795
3.589217304556968 35.81468402418562
3.6049428044232488 35.58074603956568
3.6206341696333313 35.50777705983087
3.636330872430432 35.331361178457946
3.6520482978796998 35.20430343950401
3.6677759110050663 35.162347632730274
3.6834822723724057 35.0189633248145
3.6991749131089975 34.79819148512166
3.714890361507109 34.73830205687327
3.730584026907788 34.658774335055085
3.74625617594995 34.614170038450126
3.7619643801279565 34.50263223430238
3.7776899797364405 34.37912032906459
3.7934040874629056 34.39633433799785
3.8091214274228267 34.33210205911168
3.8248450892897305 34.227763854960145
3.84057544228473 34.12717116771759
3.856276796948471 34.19336024567123
3.8719599077074505 34.06912044397978
3.8876826744491284 34.042468366271834
3.903393312318085 34.023742734057905
3.919072802632853 33.988346244861496
3.9347842435109563 34.019455008316
3.950508863077185 33.99204693838829
3.9662134835863454 34.05451210908729
3.9819000356575147 33.95445978244981
3.997616090986677 34.021705791053755
4.013355341593697 34.03368045265837
4.0290494209088745 34.026540442376984
4.04474292088097 33.88932678396993
4.060456771350118 33.64961547704055
4.0761601998649075 33.511896205710364
4.09187061707921 33.24704180489319
4.107575345671158 33.11982336142274
4.123270201583074 32.97760105958393
4.138980621586032 32.70615834218172
4.1546956899579275 32.59940468776272
4.170420599838194 32.477057280350245
4.186123902761132 32.35267256761802
4.201803464077678 32.13319744463398
4.217530385597031 31.920125821623294
4.233268701997336 31.8370678324723
4.248951607587163 31.673946986544234
4.264654483609961 31.500293144046744
4.280379310469831 31.399486655982706
4.296088465425427 31.364370396251836
4.311796117340112 31.14760104168261
4.327487296090121 30.969234088824166
4.343215900797666 30.844438442189176
4.35891575643865 30.594763967768486
4.374590019442508 30.554519121564148
4.39030819672849 30.476867272889805
4.406026540140642 30.371036005258734
4.421733947397628 30.20291946368061
4.437441870967764 30.052775846092494
4.4531590540160275 29.987200294460024
4.468864369014501 29.9141583224671
4.484568230746857 29.776600166546096
4.500269304354133 29.68885421315238
4.515977284766968 29.593634409372342
4.531686285685835 29.36716646656378
4.5473840880876395 29.30585685668087
4.563096257271652 29.335497629946417
4.578809215502026 29.305107970910353
4.594526022451646 29.239698121488615
4.610241065302697 29.004569383521257
4.625942303757445 28.931080178254028
4.641651864846571 28.878780238116025
4.657358995219063 28.74315452609704
4.673055122934911 28.812024290969877
4.688769533932449 28.74588708096758
4.704487487664588 28.635003822024647
4.72019453284375 28.509064081177076
4.735881112539363 28.453932147077676
4.751594922127567 28.34368453946286
4.767320843071468 28.242414592503145
4.783005539646319 28.263599985968053
4.798705586135241 28.332145569476925
4.814425264367952 28.177885619015566
4.830162275879657 28.15033224568894
4.845851778780103 28.02459114707515
4.861520715314838 28.234729600626636
4.877242153506116 28.096057621587505
4.892970299330708 28.099070595261615
4.908687730184543 28.103483311974443
4.924388320254834 27.942738353005158
4.940103443741364 28.063732355218686
4.955831508412313 28.050552095313563
4.971529298264005 27.959250625117843
4.9872198217210615 27.989856870158647
5.002932603361168 28.004919467950216
5.018631556218896 28.081408177217078
5.03431804655016 28.053884021958442
5.050027700963134 28.055612293884476
5.065760132077018 27.997612419546158
5.0814683956931725 27.99079234178906
5.0971525094225365 27.998235131961856
5.1128622487762545 28.038193725829785
5.128592090654181 28.087329922394073
5.144309555085857 28.23931929599235
5.160011158510123 28.191366831271342
5.1757319605262655 28.384974207485296
5.191461796314855 28.320029818693275
5.20713560766954 28.40322887783038
5.222806478446843 28.44956418376004
5.238543254445987 28.486963398340556
5.254257611595601 28.529203716329366
5.269931833415012 28.678812982180798
5.2856394918923915 28.780551274817757
5.3013447246242436 28.740388354588767
5.317051876980444 28.902583665343784
5.332766755103651 28.850953225765007
5.348500298077736 29.098503881787657
5.364223496464933 29.069982609954923
5.379894742060575 29.166156080179935
5.39560083367338 29.30384059346818
5.411326202300977 29.436616700864956
5.427042920719082 29.393374755008647
5.442747824826233 29.63443568849033
5.458441850666566 29.600055021233388
5.474136316151507 29.84540831600671
5.4898453545947365 29.908723483023206
5.505543071674868 29.90521090218994
5.521246252122121 29.9475723946844
5.53698431161562 30.26780129158702
5.552689545859514 30.02870959947506
5.5683453049816976 30.15668006503969
5.584069806587593 30.137230333425954
5.599821974258233 30.180753074696533
5.615502105568013 30.170962578019328
5.631202680508973 30.164321810143882
5.646899832525831 30.152969598488113
5.662594416693223 30.12334209927857
5.678259778611095 29.815862072708562
5.693974320550066 29.86973182169808
5.709745763556058 29.509633049733484
5.725425030629698 29.41666406647522
5.741133935045357 29.415215651362743
5.756884321301917 29.386006795021814
5.772583149644108 29.50207557049256
5.788266851229413 29.51925158318975
5.803962257639498 29.663139764059796
5.819689621995858 29.311808259172974
5.835388594986144 29.38105686068469
5.851048421778041 29.73637069113173
5.866767751707435 29.573126638908533
5.882508228998037 29.55926103262338
5.898224736123372 29.695128116086565
5.91388469247789 29.507073952582367
5.929564464283271 29.831125825968908
5.945352258001085 29.904395761911253
5.961070231467086 29.86360052026061
5.976731456083253 29.803248159893183
5.992470345964102 30.0331539119706
6.008258871068675 30.133336608646186
6.023932684135218 30.464843700194677
6.03957700346245 30.330819428467578
6.0553596419072715 30.384130704298073
6.071075143884252 30.996284554982353
6.086694421945294 31.011790152807393
6.102425531444303 31.00580161391982
6.1182474531711835 30.96393558721969
6.133922796139896 31.435890298213494
6.149500095360919 31.396184626711985
6.165273087261875 31.583751496172837
6.181035768224074 31.167328443182722
6.196658879224212 31.941723965388334
6.212335790698151 32.17426041975472
6.228107077783448 32.75821754377819
6.243888440645922 32.92244437652355
6.259509475519178 32.83358211502195
6.275126133402214 33.39296055742521
6.290970383392787 33.38240248222672
6.306742373223403 33.88522823186158
6.322280294943619 33.71903069419234
6.337987377443262 34.33962998388374
6.353882537730357 34.38290709645711
6.3695839971001895 34.973192450248014
6.3850693155798135 35.246829687870736
6.400839299893165 36.100077859278144
6.416809543670143 35.909560597003285
6.432368783513422 36.547430520077484
6.447781313266034 36.78548676887967
6.463688740304701 37.43132832529747
6.479625487617632 38.65354714246315
6.495148303704422 38.529469590991845
6.510742899732221 39.34248192520937
6.526686243779084 39.2597647487312
6.542332085458026 40.31283245946755
6.557521362548899 41.4345817888653
6.573493827371439 41.680944163758575
6.589776439269823 42.006790269661245
6.605074465606995 43.318845638030425
6.620098780477591 43.917330815153385
6.636352405735767 44.94541976462368
6.652950706440147 45.156214151082544
6.667987868647105 45.350650210595866
6.682727252513149 47.0790208478456
6.699329411113722 47.21463203184705
6.716167327558071 49.788430984180195
6.730495891174598 50.65775190428586
6.744911693033653 50.287995080461926
6.762229848423207 52.34805718763036
6.779550657872421 53.062518013130266
6.7927447584672835 55.50848265611084
6.8069661164984945 54.23557117074302
6.824869617173446 57.411177018952344
6.842663219513713 56.08860958768707
6.856220509771768 58.404354876797655
6.869683295929899 52.053848797313094
6.887607845862257 65.87781471702655
6.905498360928541 57.8547570300678
6.9197319704685265 56.219398133023084
6.932079956170676 70.70592149208022
6.949139529302949 50.56939631939222
6.964989558659396 37.02801840883233
