22.222604452537585 2.0824717528190633e-09
37.65290744932867 6.258451860236711e-10
53.555893708442845 5.963498603961455e-10
69.50863613951051 6.411414619930147e-10
85.77521482896088 5.192458119470252e-10
101.0766435372689 4.881106325755826e-10
116.7786682313417 4.657845188717821e-10
132.54757557442167 5.105584046908875e-10
148.45703834144732 4.4696483119980003e-10
164.20981380689912 4.97036852928698e-10
179.70154350927515 4.4504363162880433e-10
195.4634489714997 4.854634467529363e-10
211.50776820768073 4.861846990745032e-10
227.15050740835045 4.783992823577784e-10
242.73030869750008 4.979624120438104e-10
258.3826598884356 4.954919412208615e-10
274.06730857200694 4.754939030609771e-10
289.79022043749865 4.766208233777188e-10
305.5530699885834 4.814150807550982e-10
321.32116698138407 4.695561273827122e-10
336.97338765231433 4.68065109615174e-10
352.5669828802838 4.844647300625427e-10
368.3441741170823 4.705303514222571e-10
384.00837049073544 4.920420128239553e-10
399.687791533746 4.695285634214433e-10
415.502340157627 4.75123414897537e-10
431.2846403484327 4.851392399841093e-10
446.908402210841 4.746172898818515e-10
462.53688586044194 4.850980564735984e-10
478.13156467513386 4.773695019846956e-10
493.8835520666878 4.81085510300455e-10
509.6267463147873 4.817670877240527e-10
525.3583794400483 4.79211509782411e-10
541.0822318557424 4.775025717652289e-10
556.7611788627537 4.80364608474993e-10
572.4723810272548 4.775638050993089e-10
588.0841356272829 4.782830227478972e-10
603.7577150489925 4.754417709583566e-10
619.4754618474541 4.788878215233023e-10
635.115741471977 4.890297999701024e-10
650.8075290721479 4.766163050496107e-10
666.51957351779 4.702885040919966e-10
682.2922589620903 4.722048787697623e-10
698.050053337519 4.79854580237433e-10
713.7404968449655 4.82119829274877e-10
729.3493793196014 4.812396187698879e-10
744.9741413506092 4.792879703298943e-10
760.6886019040484 4.81623882547336e-10
776.3939964251341 4.817970814221839e-10
792.0975324171616 4.84126453650526e-10
807.8336175247792 4.819673250075264e-10
823.5600274891883 4.859203316048423e-10
839.2933198221418 4.720461983563497e-10
854.9056899311385 4.838869382630041e-10
870.5814521265592 4.834986762621139e-10
886.2960691877942 4.780336249561655e-10
901.9037885318428 4.81396875887921e-10
917.5976134853096 4.788317010247246e-10
933.2990672349425 4.790453501755377e-10
949.0318662288569 4.782984578259816e-10
964.7345994704701 4.826590549054905e-10
980.3660403023416 4.811173870722657e-10
996.1283248271964 4.789137219175113e-10
1011.8118096385139 4.781963591475359e-10
1027.5039063655263 4.772011113471653e-10
1043.2096272349722 4.740442609993494e-10
1058.8375863445117 4.802584483004893e-10
1074.5750810760292 4.770347266536063e-10
1090.2895603616464 4.76833425483114e-10
1105.9303158017494 4.806093983949492e-10
1121.5712241455171 4.792723630762136e-10
1137.2474634639777 4.813351072993131e-10
1153.0337206756058 4.82253891353257e-10
1168.7674024980981 4.834502068713314e-10
1184.4589418265136 4.795688548674346e-10
1200.1579455818153 4.806316481942769e-10
1215.8050680817682 4.783766869791725e-10
1231.4558661084516 4.76050593579036e-10
1247.1395764732367 4.762116236924508e-10
1262.7839978484537 4.812594543616285e-10
1278.4565458704287 4.761747048746083e-10
1294.2382528713015 4.775973789136199e-10
1309.9603905936842 4.771192201561638e-10
1325.6086489594466 4.79823367209407e-10
1341.2940003471508 4.768691765053042e-10
1357.0267493106035 4.771424928469728e-10
1372.7208076023073 4.792612621209096e-10
1388.3288900383584 4.809309567054098e-10
1404.0394687556907 4.746448819765933e-10
1419.8098790063236 4.860145060138035e-10
1435.489445474919 4.806889374926338e-10
1451.1571682470553 4.814662488103687e-10
1466.8495279921303 4.794429195957653e-10
1482.5262656940745 4.751218504916959e-10
1498.206501939509 4.81154234526953e-10
1513.8646210162826 4.778786190514893e-10
1529.5435405376697 4.76997862040854e-10
1545.2768190596466 4.817591627972089e-10
1560.9663192335167 4.782610753268079e-10
1576.626866069069 4.816587802066542e-10
1592.3521430701603 4.795560693454413e-10
1608.0469834228404 4.797794577958062e-10
1623.7351850089613 4.801404379043986e-10
1639.44163150988 4.816945895894776e-10
1655.1187290388314 4.811881590751922e-10
1670.8040662283533 4.832718060085513e-10
1686.5065307475759 4.786340283241597e-10
1702.179171430292 4.765130447944375e-10
1717.8497403960819 4.814357970095144e-10
1733.5190018982485 4.807977358577972e-10
1749.2080653425878 4.822291888351339e-10
1764.926710707638 4.79611775353332e-10
1780.6314973211543 4.799751380364119e-10
1796.3375794973947 4.829851448988634e-10
1812.0477355484231 4.824770359345705e-10
1827.7337500573722 4.795636188640814e-10
1843.4288618846092 4.816325326520964e-10
1859.0996386931943 4.801712618854371e-10
1874.7323129848044 4.812568572567815e-10
1890.4354291669536 4.81124730265719e-10
1906.1373979451807 4.810606591044402e-10
1921.8241243927205 4.819992301080369e-10
1937.5383627974963 4.827974710952076e-10
1953.2531933714165 4.833503448690124e-10
1968.9808880350988 4.819925462914142e-10
1984.6076620204606 4.834132996993405e-10
2000.237656953498 4.819594525630556e-10
2015.9371778631291 4.84633985073226e-10
2031.6348163952132 4.797161799115287e-10
2047.346958618018 4.815750404717573e-10
2063.0281694350997 4.839309012839445e-10
2078.7455362031797 4.811876155093245e-10
2094.4923192554743 4.852033388964007e-10
2110.142490349974 4.824490945570907e-10
2125.785893856095 4.8263443670582e-10
2141.496009932958 4.825694691721258e-10
2157.192346645829 4.837362820538347e-10
2172.8687209783734 4.854267102360625e-10
2188.5506092765945 4.82718991060368e-10
2204.247586267003 4.879157573614877e-10
2219.936102763264 4.833628805310532e-10
2235.605288241439 4.817872598450436e-10
2251.3046367114307 4.877943777522045e-10
2267.0051168005016 4.845165080315226e-10
2282.714079723823 4.842783831519874e-10
2298.4170331062014 4.854181972710947e-10
2314.0992327729978 4.870202958535361e-10
2329.8029529141963 4.85896621810545e-10
2345.519609162346 4.854349038350874e-10
2361.178193807399 4.857912220524914e-10
2376.830831374512 4.872050952843318e-10
2392.500455896017 4.869875775092019e-10
2408.216138644563 4.883539162173566e-10
2423.948551164716 4.857515639583962e-10
2439.6111585273775 4.894898065296674e-10
2455.278116210545 4.890675360116958e-10
2470.946025181849 4.894114767501625e-10
2486.6489532336027 4.902013362144765e-10
2502.3566744606014 4.887102999218191e-10
2518.009546189997 4.899418643202835e-10
2533.71413103033 4.918143113078831e-10
2549.4413915816262 4.904567507228975e-10
2565.126251190132 4.927798643194388e-10
2580.820540700577 4.905743115107789e-10
2596.5227558552374 4.954878958461781e-10
2612.202602817439 4.937437611812147e-10
2627.875069372697 4.950789800417119e-10
2643.5495484603184 4.92182552621097e-10
2659.239910043385 4.935656061313033e-10
2674.952285279164 4.968367814417636e-10
2690.6517433805434 4.93315715582899e-10
2706.3349709023473 4.956705843226721e-10
2722.0242721013155 4.965257282915842e-10
2737.7096735979876 4.959938460859234e-10
2753.4196060644467 4.942706603261852e-10
2769.1056905522387 4.989783175791925e-10
2784.742996536445 4.986534403091959e-10
2800.4160555934063 4.986524646138712e-10
2816.1234413661505 4.995261606227619e-10
2831.847139271948 5.014781347901789e-10
2847.5146994633856 4.992486605707061e-10
2863.183841989397 5.026131566084114e-10
2878.9231558421743 5.013916102702147e-10
2894.6206722568195 5.032688180537601e-10
2910.301511998912 5.036497171757127e-10
2925.993686307358 5.027093666901375e-10
2941.710845185048 5.046055327910109e-10
2957.3926905921653 5.056617919200785e-10
2973.0415008056852 5.077631149098804e-10
2988.716725740331 5.065429335394193e-10
3004.4214204961922 5.075833577296579e-10
3020.1158738835697 5.085524652750813e-10
3035.7898280783925 5.108655630943314e-10
3051.4857447428767 5.125376992694382e-10
3067.1941673800366 5.132623600804066e-10
3082.906356788398 5.117558045398998e-10
3098.560841615872 5.146478668427004e-10
3114.2236449439943 5.141184478501507e-10
3129.9314666437576 5.149195679861182e-10
3145.6239845170167 5.164991725627681e-10
3161.3107574315095 5.181961906465855e-10
3177.0024098018494 5.189019606730894e-10
3192.703354196878 5.192238369228683e-10
3208.390732988655 5.229857567229158e-10
3224.0940858776908 5.234423981053558e-10
3239.8011223099065 5.229228831274772e-10
3255.4726868668436 5.270096148670781e-10
3271.142741405965 5.263732450839628e-10
3286.8343423260862 5.273958208238477e-10
3302.5289096097936 5.288781277704948e-10
3318.207044960104 5.335489385533622e-10
3333.886629612516 5.336866033720497e-10
3349.6071624776832 5.339349824051116e-10
3365.314313367494 5.368750595280329e-10
3380.972446289567 5.378913157855171e-10
3396.656292863042 5.393094727810197e-10
3412.3452779515605 5.411366643863609e-10
3428.04109205958 5.427413275960253e-10
3443.732067992057 5.447804572084094e-10
3459.3988721790483 5.480222879661152e-10
3475.1028316878724 5.465042781603279e-10
3490.7986412896066 5.522330840396852e-10
3506.4885123464114 5.544610771245112e-10
3522.187033353809 5.555975897787156e-10
3537.875960768042 5.569232369441404e-10
3553.558120195226 5.602504309039622e-10
3569.238482608777 5.612850005302263e-10
3584.9425584496475 5.645473565260603e-10
3600.6493292968594 5.670601384117708e-10
3616.322006142137 5.688084048582857e-10
3632.0000142173844 5.708610792294172e-10
3647.698720264188 5.746494967288368e-10
3663.4076018536007 5.766258304856519e-10
3679.0952569957612 5.794870307776564e-10
3694.7692078484006 5.839776003027674e-10
3710.4659391987093 5.858834790708268e-10
3726.140913495064 5.900039518516464e-10
3741.7943970588153 5.934964659469969e-10
3757.483892816861 5.939213829120391e-10
3773.1907632874836 5.98905631091425e-10
3788.8861555628814 6.008702960193907e-10
3804.5847762221556 6.062057273246834e-10
3820.289711259042 6.087397190892451e-10
3836.001329454912 6.119555749545386e-10
3851.6839838564415 6.195897347503863e-10
3867.348416081641 6.209098161925265e-10
3883.052457059393 6.240810575782846e-10
3898.744383609871 6.279705475479246e-10
3914.4051997027955 6.333021929241576e-10
3930.0979283060396 6.39602703391413e-10
3945.803819901634 6.42887555358681e-10
3961.489736258972 6.472822471455364e-10
3977.157605697769 6.515846243026281e-10
3992.854943256276 6.572268786492776e-10
4008.57544846714 6.614885493494275e-10
4024.2508361850223 6.642798562947152e-10
4039.9256452498184 6.655509584928126e-10
4055.6207805742915 6.681669658649977e-10
4071.30550635692 6.684619480790726e-10
4086.9972125155427 6.704985718211788e-10
4102.683236826942 6.729817631057435e-10
4118.359400216638 6.743783266752891e-10
4134.051109160597 6.772929114224783e-10
4149.7474609372985 6.789245314557375e-10
4165.453642501169 6.790297026663785e-10
4181.1382428415245 6.812585833255381e-10
4196.7991298516645 6.845549908164503e-10
4212.507320658765 6.837798319973402e-10
4228.22689277555 6.858008554924773e-10
4243.891120075953 6.903056592278997e-10
4259.575294024607 6.883175665194693e-10
4275.281392666956 6.93644084297811e-10
4290.971838070219 6.966418353174099e-10
4306.660782222687 6.972677247685674e-10
4322.333272829965 7.019518194011529e-10
4338.0431448205845 7.012097123899511e-10
4353.724301984689 7.039818223693531e-10
4369.379896992414 7.060495065118197e-10
4385.079353980497 7.10960976879122e-10
4400.778976896894 7.130152543671275e-10
4416.467676683049 7.125081601985905e-10
4432.156892167428 7.173344355798893e-10
4447.855356101926 7.17286204285167e-10
4463.541966121442 7.226629165452871e-10
4479.227124605676 7.258832943378559e-10
4494.9094982854795 7.286585502370479e-10
4510.598770544857 7.319006223439211e-10
4526.289062094847 7.34233508046048e-10
4541.968168465173 7.362141845807012e-10
4557.661624506915 7.378520696823014e-10
4573.355868655269 7.433166902991592e-10
4589.053956939056 7.447530657142414e-10
4604.7502832253085 7.505609178075102e-10
4620.432821556251 7.543235407133355e-10
4636.123672609338 7.555557510672809e-10
4651.812095840769 7.567626023430431e-10
4667.489529519684 7.640656372252985e-10
4683.185224704959 7.657167846493216e-10
4698.884458405451 7.690533635505555e-10
4714.572796545016 7.757413603432821e-10
4730.240693575357 7.792494882512143e-10
4745.935788067575 7.81299352990328e-10
4761.642979490906 7.868116240226124e-10
4777.308995643275 7.906290164256601e-10
4792.990343428017 7.954498196459269e-10
4808.691299575206 7.980528651667378e-10
4824.409568357511 8.054742813619101e-10
4840.080385111156 8.072590975275581e-10
4855.730659993566 8.118974188180598e-10
4871.433374003217 8.1634689432662e-10
4887.142787657413 8.248847050352307e-10
4902.8414991023465 8.286721920421783e-10
4918.5233898210545 8.31790559483376e-10
4934.21979664675 8.368152767037915e-10
4949.929129243956 8.424946135058587e-10
4965.608223079116 8.505344871493436e-10
4981.280059173893 8.528484912614628e-10
4996.974126942297 8.624208927174266e-10
5012.654382398357 8.699687848684095e-10
5028.322190170781 8.746227900320896e-10
5044.013134436569 8.799287359755492e-10
5059.726828276292 8.835218424521165e-10
5075.4163834016945 8.887867655350565e-10
5091.081817402744 9.001683030304635e-10
5106.772846508113 9.060416497604397e-10
5122.483954195649 9.15617948861449e-10
5138.182699178432 9.187785070743336e-10
5153.865602044214 9.233788199338835e-10
5169.567680636412 9.358213197887905e-10
5185.278782241863 9.398139731831213e-10
5200.933926138328 9.499649688923207e-10
5216.586132959629 9.56186566507587e-10
5232.304166509866 9.665822014653298e-10
5247.999807911351 9.74761162949719e-10
5263.65536178368 9.834766353891661e-10
5279.344312491026 9.923073456334476e-10
5295.030840341901 9.982305059237033e-10
5310.719285530858 1.00602809543813e-09
5326.415447285458 1.0147240365936167e-09
5342.130251661159 1.0258965521599616e-09
5357.83472377034 1.0306963634921732e-09
5373.487304963573 1.0405112265140734e-09
5389.174690672477 1.0510602352900407e-09
5404.881330437309 1.059286135828976e-09
5420.5793302950215 1.073377824936877e-09
5436.265529912585 1.0817879459444123e-09
5451.940864219312 1.089518888032738e-09
5467.616637647032 1.0970889675182633e-09
5483.306966676693 1.1032934769490618e-09
5498.985987826964 1.1171905958943814e-09
5514.670465837504 1.1187556348252236e-09
5530.389781353458 1.134965785052809e-09
5546.076310714574 1.1375930002776822e-09
5561.7134238786875 1.1522764455568285e-09
5577.419197654439 1.1626039798853857e-09
5593.152604544742 1.160505905449559e-09
5608.8140608692565 1.1826096584415618e-09
5624.495936476652 1.174336300889614e-09
5640.174393236638 1.1865619111132963e-09
5655.850285205458 1.1848943591013731e-09
5671.496989728362 1.1891295037324452e-09
5687.192815699119 1.2008890828996535e-09
5702.945474967913 1.192809457333728e-09
5718.606068085589 1.196069406305984e-09
5734.296263247307 1.2047166810093972e-09
5750.027890845188 1.21263799806465e-09
5765.708021934009 1.2247560283014062e-09
5781.373044281862 1.2247038466422306e-09
5797.049757514085 1.229027630399363e-09
5812.758390630775 1.240292338664334e-09
5828.438666195416 1.2489033247312992e-09
5844.079842184661 1.2624640225850686e-09
5859.780450443362 1.2661077527959308e-09
5875.502180876831 1.2854051451050232e-09
5891.199969693422 1.287372504675959e-09
5906.841275090979 1.293594993224191e-09
5922.502372339264 1.310692230338245e-09
5938.271362846235 1.3221647940813844e-09
5953.970616257086 1.3348694514067823e-09
5969.613188405797 1.3457996767970035e-09
5985.333333320113 1.3527897855507433e-09
6001.103054342763 1.3720826545402938e-09
6016.7581999490485 1.3866023869668332e-09
6032.383886942969 1.398255322590784e-09
6048.1477283168615 1.410583692072205e-09
6063.8445131822255 1.4231673254795275e-09
6079.445188734024 1.4372010875411267e-09
6095.15756253291 1.451752640952562e-09
6110.960640402599 1.4681558981884672e-09
6126.617314088944 1.4804879282915978e-09
6142.176060797384 1.510401476996503e-09
6157.930267116413 1.5112061228752782e-09
6173.674174776979 1.5460273698718105e-09
6189.2786787028535 1.5435015128714804e-09
6204.936919026341 1.5977948577363026e-09
6220.68942256014 1.6024448980276027e-09
6236.4519898708995 1.614687504312516e-09
6252.054420142553 1.6688022595994051e-09
6267.652478636966 1.6659747068734044e-09
6283.47785817746 1.6919391576529778e-09
6299.231063619612 1.7332933069136142e-09
6314.750479725719 1.7512519401539398e-09
6330.438855141317 1.7566343458711413e-09
6346.315084344335 1.803463714204773e-09
6361.997843327252 1.8140862776907672e-09
6377.464718843055 1.8492451718106586e-09
6393.215921156507 1.862921452587914e-09
6409.167144425217 1.903373042005856e-09
6424.707853264571 1.9213851649035176e-09
6440.102026744501 1.9669951464014364e-09
6455.99050808943 1.98550175272188e-09
6471.908274788271 2.000973412149011e-09
6487.412603251713 2.0695510802483395e-09
6502.988626166489 2.115141259928825e-09
6518.912981742574 2.1419575477745346e-09
6534.540189275088 2.1404827351356393e-09
6549.711375986469 2.2204330031725053e-09
6565.664817655483 2.246847179467969e-09
6581.928037016184 2.2947160491975737e-09
6597.207843453867 2.3359380345611465e-09
6612.214264414438 2.3463372304649895e-09
6628.448531657926 2.4397025365117094e-09
6645.027063840284 2.4438238831830363e-09
6660.046316836081 2.5695279595275706e-09
6674.768146143998 2.5606731515373716e-09
6691.350531627808 2.636302344619904e-09
6708.168394168571 2.7272785803122363e-09
6722.479892512547 2.747221681660677e-09
6736.87852519859 2.769827783957778e-09
6754.17605472154 2.938868737991478e-09
6771.476235143174 3.0497218644838526e-09
6784.654621607246 3.1488897631731658e-09
6798.859042047409 2.9936142358285557e-09
6816.741219711431 3.2324975227933404e-09
6834.513629929324 3.153287025114156e-09
6848.054773498885 3.342712762481682e-09
6861.501525522596 3.3327385586027654e-09
6879.404727374426 3.4486962489706452e-09
6897.273934895597 3.556171485080752e-09
6911.490592253028 3.4942811239285166e-09
6923.823871544466 3.797726602633113e-09
6940.8631267807605 3.4007014443937293e-09
6956.694278803922 1.5723130227621696e-09
