0.017799282449393907 17729.61039615783
0.030158244330131156 13636.374749055989
0.04289580372913673 9236.643528196957
0.05567321552978553 8567.494987490047
0.06870199571606822 8016.978314812315
0.08095773522851492 5371.1585491887645
0.09353433367151359 4850.978326385502
0.10616450203531903 3511.600053713465
0.1189072488188118 3526.779037515807
0.13152449629177584 2979.4855425829146
0.14393265813397474 2757.579001797372
0.15655721831376695 2276.4181409298417
0.1694079789166908 2116.140767016111
0.1819370924105474 1966.7976323780051
0.19441579553660426 1968.7688782986677
0.2069526077918733 1598.3772190888333
0.21951528885091184 1539.8378779683276
0.23210861695601867 1380.3851989029938
0.24473393330749707 1325.105077016171
0.2573634526180588 1195.6498499521233
0.26990016033281616 1139.333474236759
0.28238991176842954 1082.6057232688756
0.2950267151494937 1003.8157558226748
0.3075730148504537 978.0027718277005
0.32013150881022207 912.1468716211367
0.3327982337374161 864.934627808732
0.34543912915528857 847.3974613292498
0.35795304267541694 832.0555328157592
0.37047073812957043 790.7719866534328
0.38296135746823146 759.8262150813619
0.3955779737303071 713.9169456458189
0.40818754708954486 700.5524655137702
0.4207878605219692 675.1146256605834
0.43338194196446034 648.6787782660019
0.4459400562432304 627.3494067014645
0.4585240054172684 601.4498131768374
0.47102830167336246 591.8795601101708
0.4835821167635718 582.0588593811291
0.49617130788792385 561.2534770608593
0.5086984513745909 549.610079622322
0.5212668503769611 528.5158389978108
0.5338514741793922 521.3072811947976
0.5464846686282312 508.6008130337123
0.5591059360168832 499.72457111282336
0.5716732584628986 489.24110231868866
0.5841752542788623 477.1746313496402
0.5966899688879646 462.11183004846396
0.6092765278814395 463.6287927611911
0.6218558254006394 441.6698690403668
0.6344336343236796 435.74171579689096
0.6470375135888846 431.4391386133199
0.6596336435100791 420.5102800404063
0.6722352858914313 415.3149107464492
0.6847400751418548 410.42719938420055
0.6972956385332539 404.9063824259756
0.7098823228822636 391.3458068870958
0.7223833870842081 389.1233290248846
0.7349534179127145 383.19889357587357
0.7475295590555182 378.59069062688184
0.7601308062950265 368.54852973785097
0.7727079722519647 364.8239658091296
0.78522803627289 359.7865444749656
0.7978529000643869 350.0352673471008
0.8104146489153657 341.0361380862524
0.8229832955140954 338.36314325500865
0.8355628544232983 337.88172961050566
0.8480801297450262 333.01318530658443
0.8606851380540385 327.08838855944214
0.8732717120511252 321.3079975585687
0.8857992366441527 319.6823722164194
0.8983268837059719 311.79253450896476
0.9108828292509465 307.96107994546537
0.9235268940602117 306.8872396189815
0.9361288484047421 303.131873767811
0.9486970485528732 299.8975963053256
0.96127122736308 293.8991065505364
0.9738038516777395 289.89100284190255
0.9863394199199912 286.0233076147952
0.9989013494289072 284.20156365187853
1.0114318102670843 280.44994061026443
1.023984799253619 274.92911355465054
1.0366252195536814 273.78224038722345
1.04921792760582 273.1564031978892
1.0617514616966675 266.16570163484425
1.0743147055893454 263.6188976226211
1.0869159127567583 260.1913896277978
1.0994861304784436 256.2923547035367
1.1119874855003558 254.82862441563933
1.1245709353219315 250.87488969087698
1.1372023074454531 248.94868623187074
1.149760917884416 245.36666350452978
1.162310042068112 243.00300773720616
1.1748788993321937 241.75998269473018
1.1874352440593798 237.7248774306047
1.1999943909587365 235.3423004490103
1.2125358230248555 233.2267846181703
1.2250939152889069 229.4619654520798
1.237695546608303 227.503843909934
1.2502621134875798 223.0360279568956
1.2628054900766421 224.48041257937246
1.275400712546411 220.2460911512683
1.2879715566629113 218.06081685456525
1.3005370834332224 215.2106158872382
1.3131172235398076 213.39900951055608
1.3256738564718509 211.8095001273804
1.3382370889924389 209.27451569808662
1.3508140397151212 205.62852902624968
1.363367102918641 203.03114527585794
1.3759185067723396 202.8160120819937
1.3884688634079063 198.78991175996939
1.4010350804869476 198.88113475858728
1.4136249913217434 196.50596895290366
1.4262038019349843 194.03240880885068
1.4387836502342854 190.7699555109856
1.4513667615196226 189.32052586100983
1.46393053654187 188.78518082985394
1.4765015980969847 185.92790091584837
1.4890531684231876 184.44930720096357
1.5015742203885425 182.08756917771487
1.5141516930632093 179.9455805684275
1.5267282467201915 178.838140918893
1.5392925919724534 176.67587326200766
1.5518789730350828 174.7316433299591
1.5644658283979174 174.58071091946402
1.577062987304048 171.59239828972417
1.5895793133959044 170.6109520207306
1.602098219318471 168.69362572609586
1.6146728123454723 166.56083078647842
1.6272458976747732 165.43256578532558
1.6398305997922074 164.6616184702655
1.652390527278558 162.1628952595945
1.6649794140160812 159.66656972216924
1.6775918618421557 159.1552824623535
1.690126927940609 157.51735605039687
1.7026565735125296 156.21310412403722
1.715239652780402 154.02952022025332
1.7278116954124831 153.59213145400548
1.7403677490975196 152.23514510576217
1.7529282192150537 150.62472589176562
1.7655007746799471 149.620770774809
1.7780665536787739 147.34069458584085
1.7906168494226256 146.73688649603363
1.8031913043334191 145.4963601198025
1.815766665618966 143.80280453900795
1.8283488212639727 142.74757556137996
1.840926163543523 141.5338572280869
1.8534868830529423 139.9276839522071
1.8660648394709858 138.65543898440714
1.8786531571147758 137.8336123069913
1.8911949620796393 135.86398110409323
1.9037320037090344 134.85181936396143
1.9162826511063678 133.71447783362535
1.9288701890218214 132.45563240339715
1.94147112671365 131.583879185686
1.9540161536900058 129.9144925882244
1.9665646650726827 128.87286090423626
1.979113938393335 127.50087016399601
1.9916912603842214 126.97565808933145
2.004272421487675 125.88335631561317
2.016809650670271 125.09300205743374
2.029388299672487 124.27517789964992
2.0419851108745943 123.05195528114413
2.054547960874789 121.41431564311104
2.0671183637920345 120.89994928380705
2.07969511478519 120.073831727045
2.09225394988661 119.27991811306153
2.1048068736220573 118.11291948678641
2.1173614093032174 116.42732605180336
2.1299286661315784 115.29994501942821
2.142513554881671 115.65143210242404
2.1550880976021562 113.95951527776599
2.167649640376087 113.1014229504731
2.1802160478856334 111.98551338564498
2.1927793319132864 111.58434004388296
2.205362264117683 110.45029412267964
2.21792609518976 109.66585346347061
2.2304508569275185 108.98279532355927
2.2430042552295357 107.71935885545481
2.255585147649584 106.7358498804981
2.268179105336766 106.28494517616743
2.280728099300812 105.4684303229819
2.293278360641959 104.72255307774965
2.3058848259833 103.58943697545583
2.3184578135021576 102.75593972688385
2.3310174437745363 101.8169968107618
2.3435861525124206 101.38556434779693
2.356174872739318 100.45800095283536
2.368735308503054 99.91972675628706
2.3812692845985333 99.14391021626224
2.3938244176688017 98.81899654813978
2.4064031547082925 97.48722271085414
2.4189736888834115 96.70818525154426
2.4315278041496198 96.15624531327742
2.4440995103422933 95.03841966353968
2.456681233242974 95.06054239702802
2.4692659731538655 94.41467058101684
2.481804494353713 93.79025904756932
2.494349678289375 93.25481239409724
2.5069309198668845 92.19976710861708
2.519499903784357 91.96676330157881
2.5320642862545077 91.31083689321174
2.544632576944013 90.84248945617757
2.5572083101172427 90.09930530492755
2.5697731778671877 89.60710614512416
2.5823508401331665 88.9872384918741
2.5949314527475447 88.21370669990837
2.6074836540238886 87.90782168250625
2.6200346458455237 87.70555586892446
2.6326028953257734 86.60905912191986
2.6451735207266065 86.25819996405173
2.6577309849057493 85.73793715804686
2.670289609909111 85.01917950835646
2.6828810325445502 84.74392848862183
2.695461736834189 84.09045141957156
2.7080031799897553 84.08871303406923
2.720565218595557 83.62365124300598
2.733131372915196 83.07537356980679
2.7457029969648654 82.53595180809418
2.7582707458588036 82.0779453115091
2.7708191342981143 82.0600794710858
2.7833972824385986 81.25950995798995
2.7959689028789416 80.91335438317381
2.808535766818364 80.72013053384904
2.8211095589697384 80.38239164104147
2.833675667094931 79.78822661045498
2.846236354374274 79.50205261207364
2.85879560232848 79.22365102324885
2.8713738436455745 79.02921089310249
2.883954243538599 78.51578206540269
2.896507335706665 78.3983443916166
2.9090646979443453 77.97577555207575
2.92163863830376 77.79227002022223
2.934220728804053 77.63982090446773
2.9467858178979243 77.33695895197614
2.959339930487198 77.05213208676712
2.971912289205687 76.89893056418252
2.9844672215262302 76.7453596864075
2.99700494075996 76.6447543297818
3.0095715041023654 76.5315603811721
3.022151983789152 76.2194304256127
3.0347232699703244 76.28882173781112
3.047297141938261 76.20939148617515
3.0598760714317845 76.14424079811032
3.072460353827784 75.89443768843775
3.0850214375587766 76.11428955550949
3.0975679261659606 75.84810686637931
3.1101461395593026 75.90792941259757
3.122714649854468 75.83045191046743
3.135258242106282 75.76422409789693
3.147827394808765 75.95982373487634
3.160407090461748 75.87068751766101
3.172970786869076 76.00969790882402
3.1855200285260117 76.0678114248905
3.1980928727893416 76.01868202031743
3.210684273274958 76.30132078793578
3.2232395367270996 76.1993106828482
3.235794336704776 75.8999513624317
3.248365417080094 75.44782436357751
3.2609281598919257 75.24688441583929
3.2734964936633677 74.68369374329325
3.2860602765369262 74.41351061257686
3.2986161612664584 74.07308943801738
3.3111844972688256 73.64227402082514
3.3237565519663415 73.37783115196298
3.3363364798705555 73.1187602208288
3.3488991222089055 72.96827830293292
3.361442771262142 72.5176241994463
3.3740243084776247 71.99911639423793
3.3866149615978682 71.90956894845584
3.39916128606973 71.70753908253299
3.4117235868879687 71.26257527011015
3.424303448375865 71.08920028782822
3.4368707723403413 71.12368647990499
3.4494368938720896 70.55029930182066
3.461989836872097 70.24214494597958
3.474572720638132 69.97893206669804
3.48713260515092 69.60405563316057
3.499672015554006 69.53293519268612
3.5122465573827917 69.39087913670112
3.5248212321125134 69.10854362288129
3.537387157918102 68.93578444852152
3.549953496774211 68.48116246770002
3.562527243212822 68.38136488657734
3.5750914952116 68.27172264603487
3.587654584597485 67.8445508252517
3.600215443483307 67.74480460594073
3.6127818278135746 67.68386923094499
3.625349028548668 67.08580417333984
3.6379072704701114 67.06276765393974
3.650477005817321 67.13226074216384
3.6630473724016204 67.15577112020968
3.675620817961317 66.8557241096743
3.6881928522421576 66.62505139450866
3.7007538430059563 66.39249766648096
3.7133214918772564 66.35477011169648
3.7258871961752504 66.04227450060755
3.738444098347929 66.14839739050208
3.751015627145959 66.04179102230991
3.7635899901316705 65.83297104256033
3.7761556262749996 65.64575843471155
3.78870489003149 65.44208458634021
3.8012759377020537 65.43759124911956
3.813856674457175 65.17174052571113
3.826404431717055 65.20894682274876
3.8389644689081925 65.3345552077395
3.851540211494362 65.01959726208904
3.864129820703726 64.9338156982222
3.8766814230240825 64.93691495530824
3.8892165722518706 65.25929900286408
3.901793722804893 64.82574676050133
3.9143762394645663 64.911993370187
3.926950184147634 65.01370921211276
3.939510656203867 64.76709157428883
3.9520827549930915 65.07201423453671
3.9646652067298502 64.97361675098236
3.977223438611204 65.03711042083225
3.9897758573768494 65.00940607755716
4.002346082688934 65.2501270019344
4.014905244975117 65.13670712583779
4.027454437240128 65.25965206106325
4.040022160770507 65.29996502338588
4.052608105661615 65.19252414670636
4.065174716554538 65.18854400484857
4.0777220075380285 65.2882982624477
4.090289799021003 65.27015276767851
4.102873672523345 65.69419512974252
4.115447644068685 66.00906246203354
4.128008926808098 65.74162640857948
4.140585568421012 66.26829261935835
4.153169437051885 66.11391055435121
4.165708486135632 66.44658233163389
4.1782451827574745 66.60093042468927
4.190834603556789 66.66885323861842
4.203406089276481 66.93525029573242
4.215945466732009 67.18510796168454
4.228511593513913 67.49747583936772
4.241075779699394 67.41492794148536
4.253641501584355 67.77789074296261
4.266213404082921 67.65132535915349
4.278800238462189 68.34857372370313
4.291378797171946 68.178268539615
4.30391579364846 68.50816919869804
4.316480666938704 68.7390919852614
4.329060961840781 68.91307748792417
4.341634336575265 69.24133684034969
4.354198259860986 69.74334150732344
4.366753480533252 69.62211720274257
4.379309052921206 70.22788744009793
4.391876283675789 70.47774897843347
4.404434457339895 70.76635679838574
4.416997001697697 70.46130065328636
4.429587449292495 71.348487633627
4.442151636687611 70.97744795520342
4.454676243985358 71.13029179138452
4.467255845270074 71.48320321738068
4.479857579406586 71.39864566216357
4.492401684454411 71.41443843374361
4.504962144407179 71.48380921332807
4.517519866020665 71.30513907022312
4.530075533354578 71.12157777745485
4.542607822888876 70.80463284562562
4.555179456440053 70.60747123836249
4.567796610844846 69.90612638467248
4.580340024503759 70.02361788357288
4.592907148036286 69.7770754390473
4.605507457041533 69.82927891141443
4.618066519715286 70.25687135395131
4.630613480983531 70.39360592648677
4.643169806111598 70.57620290655339
4.655751697596686 69.87778695571056
4.668310875988915 70.09901890786611
4.680838737422433 70.82792132622293
4.693414201365948 70.7554446474931
4.7060065831984295 70.81086323263044
4.718579788898698 70.69094192309089
4.731107753982311 70.77798953377795
4.743651571426617 71.3402653455146
4.756281806400868 71.58012289763612
4.768856185173669 71.73349518515988
4.781385164866602 72.12308678533027
4.793976276771281 72.28173560799382
4.80660709685494 72.51505007934222
4.8191461473081745 72.54905054385712
4.83166160276996 73.12908825734264
4.8442877135258176 73.33266000745905
4.856860115107401 74.50994873978054
4.869355537556235 74.6158392992584
4.881940425155443 74.97280484253335
4.894597962536946 74.8017274040274
4.9071382369119165 76.00676103562373
4.919600076288735 75.83315658685778
4.9322184698095 76.44265293198391
4.944828614579259 75.05524930472698
4.957327103379369 76.94134817897273
4.969868632558521 77.77715146889206
4.9824856622267575 78.9123914464203
4.995110752516737 79.82090319428525
5.007607580415343 79.88439496620254
5.020100906721771 80.73896401332003
5.032776306714229 80.80622771546895
5.045393898578722 81.62740224861408
5.057824235954895 81.8455521772124
5.070389901954609 83.94803257041762
5.083106030184285 83.65907459252963
5.095667197680152 84.93021623025328
5.108055452463851 85.67265276180156
5.120671439914532 87.44913856512582
5.133447634936115 87.59433841310803
5.145895026810737 88.51378239049383
5.1582250506128275 89.93595678169508
5.17095099224376 91.29164428060483
5.183700390094105 92.98812834889415
5.196118642963538 94.02342933473668
5.208594319785777 95.44621836340349
5.221348995023267 96.50551603156764
5.233865668366421 98.18506529553402
5.2460170900391185 100.59819020712366
5.2587950618971515 102.26031121064237
5.271821151415858 102.91531036917438
5.284059572485596 107.19246586897668
5.296079024382072 105.77186877689553
5.309081924588614 108.23592687096944
5.322360565152118 110.7995640107438
5.334390294917683 111.47657703574706
5.346181802010519 112.91384454885036
5.359463528890978 115.9396860637163
5.372933862046457 121.89850345479874
5.384396712939678 124.66498098902574
5.395929354426922 123.35175514999798
5.4097838787385655 127.42349631553205
5.423640526297937 131.39098101072807
5.434195806773826 131.50339708086184
5.445572893198795 136.2164565199439
5.459895693738757 135.02710290932043
5.47413057561097 145.6516855343967
5.484976407817414 137.47718668481983
5.495746636743919 148.0084608796123
5.510086276689805 157.32217062182917
5.524398688742833 163.23385101444688
5.5357855763748205 134.42948009867592
5.545663964936541 147.08707927648365
5.559311623442359 129.90439318793912
5.5719916469275175 45.33119018311081
