0.017832091871975098 22772.136771712838
0.03021383503078705 17586.05188862955
0.04297487357678426 11852.082930290837
0.05577583798436839 10893.245672910349
0.06882863412500566 10259.548758020259
0.0811069646457052 6872.319481345078
0.0937067455363179 6223.97551907566
0.10636019509318816 4497.423561375247
0.11912643058557992 4457.146164936207
0.1317669354345269 3781.463908066036
0.14419796924510392 3509.6236271928083
0.15684580028039374 2940.853585685238
0.16972024869412175 2715.1887211157955
0.18227245710657164 2546.188299197272
0.19477416222977595 2503.296108516737
0.20733408359476746 2093.004497131976
0.21991992144750205 2004.4537261352332
0.232536462838014 1791.2883060064435
0.24518505143884148 1731.6557139816207
0.25783785074606796 1558.4100011766911
0.27039766737784826 1480.6769664574729
0.28291044117596137 1405.3772700479678
0.2955705379804196 1315.0039774976713
0.3081399642793135 1250.350871619799
0.3207216073146966 1180.6218417168175
0.33341168081967953 1107.6332351066098
0.34607587720379873 1067.400300155786
0.3586128576244043 1051.1499529542882
0.3711536269502752 994.8555752429737
0.3836672702512419 957.1483521185477
0.39630714272578926 896.0905613330464
0.40893995931531385 873.6989999215582
0.4215634989091992 841.2126678187363
0.43418079502572243 797.3641901938811
0.44676205768024124 763.7124954415683
0.4593692028514979 729.8219697655928
0.4718965482805636 710.3173093124291
0.484473503821826 686.4529608459766
0.49708590060588537 671.3900860335821
0.5096361353798309 642.2011302745949
0.5222277017157837 611.5146187347941
0.5348355227589762 606.0445452660744
0.5474920039788634 581.6114218668785
0.5601365361534102 568.939907540439
0.5727270239485918 540.0695709517008
0.585252064697125 536.9970803877562
0.5977898476833521 516.7116993912834
0.6103996074847267 504.05068785563526
0.6230020924267485 477.9755990142052
0.635603086028681 464.1793950919548
0.6482301980282476 457.7827254842742
0.6608495463994356 438.8603111494068
0.6734744173919008 429.96531568561846
0.6860022567240325 420.26465776507547
0.6985809637891288 409.658788377082
0.711190849177106 392.5589515725376
0.7237149565943758 387.45463829697667
0.7363081577644105 374.6306166059688
0.7489074805118866 364.05747676745773
0.7615319556341428 350.30473620434145
0.7741323050847936 342.6149769415431
0.7866754473434161 333.46164462225704
0.7993235825500581 318.2370030677953
0.8119084864763936 310.6473572898911
0.8245003008651004 299.26935001292145
0.8371030476789455 293.4279131597867
0.8496433960979606 286.35085184546233
0.8622716392225013 277.63884291030985
0.8748814140551437 268.1993572435702
0.8874320306379432 261.9855413862476
0.8999827699152811 250.85176707552588
0.9125618598383768 243.88920412858775
0.9252292314560288 238.90578362304228
0.937854414986714 232.7773587630735
0.9504457821018796 227.23774752553012
0.9630431388995907 217.97813216873246
0.9755988646043404 210.16632700352042
0.9881575396632251 205.29928426135461
1.0007426245805044 198.74621692528348
1.0132961828208351 194.17347840518883
1.0258723107356658 187.69515646625607
1.03853603112619 180.41798304249087
1.0511519513207899 177.48016969528027
1.0637085884787183 170.28355964435298
1.0762949902025638 164.44601280434583
1.0889194251788599 160.57005680597592
1.1015128135865735 155.0886454178299
1.1140372123598796 150.8631470959691
1.1266438572582176 145.60251700927785
1.1392985127936948 141.41119098728393
1.1518802725229782 138.26472784360612
1.1644525285109781 133.65094704952338
1.1770445539533563 129.11861026003092
1.1896240437944763 124.3753887092735
1.2022063409730113 121.07324070827221
1.2147708906645516 117.37156994329297
1.2273521312637719 113.26980312801967
1.2399769911738905 110.79790527684675
1.252566722009597 106.81170558384078
1.2651332198084202 103.55846604105477
1.2777516590554772 100.58107840350424
1.2903456750126396 97.4116037141119
1.3029343638221473 93.7787488910519
1.315537692904696 91.13375722533473
1.328117471481921 88.01359423253543
1.3407038618127143 85.31479270659209
1.353303995632368 82.76387934969348
1.365880197900988 80.08796662584331
1.3784547377611067 77.55300226828633
1.391028228472756 75.203292894326
1.40361760886344 73.61470234723264
1.4162307266845857 71.36875766118308
1.4288327238231346 68.78309088347206
1.4414357605605108 66.27942906815333
1.4540420662985862 64.50473958489661
1.4666290001310325 62.63553291659214
1.479223233927614 60.44533320477188
1.4917979405670958 58.78167783182103
1.5043420725912262 57.44761646685052
1.5169427293249784 56.10573097409707
1.5295424653470207 54.43800408707609
1.5421299704605866 52.696498811865276
1.5547395520031355 51.14654120146415
1.5673496087201675 49.698576272617665
1.57996998797302 48.74676601664307
1.5925093854124477 47.50414336209854
1.6050513674379885 46.17870915731618
1.617648660017451 44.917609492922544
1.6302445001949695 43.42922341254383
1.6428527694112265 41.82172356897982
1.6554322216394664 40.29347607986297
1.6680440255859175 38.84633081772992
1.6806789206890516 37.46446016249542
1.6932331315939073 36.18152039776533
1.7057845975195443 34.794305938868106
1.7183896309732563 33.614808511776296
1.730987418544084 32.35437996151761
1.7435623448937718 31.211892154109254
1.756142663464054 30.222164894312044
1.7687458921757966 29.09176123811729
1.7813334782050374 27.936444001565548
1.7938985526958422 27.004196905571938
1.8064980806819788 26.098209357185166
1.8190945363690583 25.286929654919536
1.8316935397102947 24.377959758351185
1.844293806653549 23.34063624263245
1.8568876791935949 22.543580830040078
1.8694996979258112 21.845208714123352
1.8820874678435413 20.997615856144908
1.894648007129095 20.361222237793694
1.907224423824134 19.65521012894108
1.9197955083167144 19.06428659217185
1.9324077190392628 18.203081957756524
1.9450267994293666 17.767122015513355
1.9575901294987028 17.100878732358723
1.9701677233625459 16.635276760827722
1.9827403283412892 15.963083876671803
1.9953314743596584 15.328796169298318
2.0079478346643813 15.027650561245094
2.0205022754362756 14.310457562737383
2.0330913752296635 13.944473798376961
2.0457223504519266 13.482647437911453
2.0582763462883724 13.156535896741952
2.070869909095253 12.713815327209874
2.08351994991158 12.314749406365381
2.0960971256414136 11.916531970716186
2.1086272060888454 11.535361715355137
2.121187091512556 11.173894290783398
2.1338231323869725 10.846958672195683
2.1464102873771314 10.495029929607293
2.1589635630855706 10.20961128111041
2.1715722325463167 9.855011724816112
2.1842062325035867 9.521041822288954
2.196758254187653 9.277426692661708
2.2093298486834203 8.896763596630922
2.221925909239817 8.672804601415365
2.2344895913326566 8.456623905245623
2.247040534594894 8.048940757700981
2.259624100314448 7.779686824661811
2.2722295314965963 7.442404875230946
2.2848348222229355 7.017093016845001
2.2974000386780045 6.796127834686196
2.3099677799709886 6.473638443274029
2.322578483572145 6.266311178779651
2.335159521230426 6.005413461431456
2.3476935649900095 5.769537967456608
2.3603433164871683 5.598385814246712
2.373033299473776 5.389928842897488
2.3855678635589874 5.158934388025751
2.398060143366869 4.9238346383228935
2.4107789685311154 4.824829999080887
2.423453109943782 4.625691984147907
2.43583119520973 4.477522323161201
2.4484709440435948 4.332437656916897
2.4612848053934635 4.294432335602899
2.473794880423981 4.06455008135993
2.4861107686591404 3.9980924549024484
2.4987555116598172 3.824698368432316
2.5115847832453397 3.7300011403966202
2.524093324138898 3.6381407803726074
2.5365627011107614 3.598829013736985
2.549307751622655 3.3650440938956945
2.5619784398313175 3.3882361449039022
2.574212755798348 3.17056174109551
2.5867319401348907 3.2277711565896383
2.5998869040801833 3.180308553533337
2.612601991730718 3.0725740621796525
2.6241685674096242 3.179474276419197
2.636617431092518 2.9457531858910526
2.650287847625167 2.9617567712618342
2.6633415931334277 2.732109818618454
2.674176912131973 2.9666457791878833
2.6865492607137456 2.8930158475339627
2.7007770451010473 2.9767654035040017
2.714588441641023 2.531508718611919
2.7248746414473484 2.5344538317311045
2.7364378284531186 2.40960951029429
2.7506817507001964 2.2278527338728455
2.764797699055813 3.543846869614252
2.7766321634107753 4.7712200492955255
2.7856940556078076 4.5412020925994785
