0.017832091871974955 22776.5165694766
0.030213835030786812 17611.003795627934
0.04297487357678392 11909.56544786401
0.055775837984367936 10967.002556450909
0.06882863412500512 10307.627545538648
0.08110696464570455 6912.844645418475
0.09370674553631715 6255.805663485987
0.10636019509318731 4526.311564324714
0.11912643058557897 4469.027464463179
0.13176693543452583 3782.3476998113915
0.14419796924510278 3502.33554785811
0.1568458002803925 2911.3070551638925
0.1697202486941204 2680.837414804946
0.18227245710657017 2491.0643064091005
0.1947741622297744 2443.2579363069863
0.2073340835947658 2025.7376631534592
0.2199199214475003 1932.8254514972464
0.23253646283801213 1728.8333409276847
0.2451850514388395 1654.0617559082798
0.2578378507460659 1483.3261904951378
0.2703976673778461 1412.5574007320877
0.2829104411759591 1336.3650916228094
0.2955705379804172 1239.9816634077658
0.30813996427931106 1187.411839140493
0.32072160731469407 1115.2839673065812
0.33341168081967687 1045.4597362533864
0.34607587720379596 1009.6452805932963
0.3586128576244015 987.4630519454264
0.3711536269502722 936.6119974436731
0.3836672702512388 900.2225202391971
0.3963071427257861 836.1124066311933
0.4089399593153106 822.7667737693093
0.4215634989091958 785.9141752620714
0.434180795025719 747.4267486092774
0.44676205768023763 713.682219081749
0.45936920285149424 681.5084534692833
0.4718965482805598 663.4010983386504
0.48447350382182214 643.9551946737894
0.49708590060588137 626.7250384164333
0.5096361353798268 599.6014505404938
0.5222277017157795 572.2106353674787
0.534835522758972 561.8011391842018
0.5474920039788591 542.6738366904276
0.5601365361534058 527.7327599848012
0.5727270239485871 506.14351971933996
0.5852520646971203 497.41249765169357
0.5977898476833472 479.67823123440513
0.6103996074847218 470.1922096365213
0.6230020924267435 443.82322029477547
0.6356030860286759 432.1796437926111
0.6482301980282423 426.43222002550505
0.6608495463994304 408.49338334314547
0.6734744173918954 398.8825934365496
0.6860022567240269 389.9484560254769
0.6985809637891233 381.70022677804127
0.7111908491771003 361.8120074374662
0.7237149565943699 358.8731084597671
0.7363081577644046 348.1973928389467
0.7489074805118807 339.66734713763367
0.7615319556341367 325.1179996354872
0.7741323050847875 318.78844756772025
0.7866754473434098 308.62781250554264
0.7993235825500518 297.7513228144267
0.8119084864763871 288.70097102492366
0.8245003008650938 279.2237988519582
0.8371030476789388 273.61124903173754
0.8496433960979538 266.19260493357007
0.8622716392224944 257.74540951119286
0.8748814140551368 248.58423863160982
0.8874320306379362 244.43225447796735
0.8999827699152739 233.78589290358448
0.9125618598383695 227.48881784079632
0.9252292314560213 223.37547071569082
0.9378544149867064 217.50106214820968
0.950445782101872 212.20238018829093
0.9630431388995829 203.68329539776101
0.9755988646043326 197.1985186149518
0.9881575396632172 192.35887978755167
1.0007426245804965 186.8844706559982
1.013296182820827 182.30631837074796
1.0258723107356575 176.94998984485807
1.0385360311261818 170.27811531247565
1.0511519513207814 167.48344940907458
1.0637085884787099 161.59231625700485
1.0762949902025551 155.7772578639922
1.0889194251788512 152.5654308857513
1.1015128135865648 146.94748530568353
1.1140372123598705 143.64940853508992
1.1266438572582085 138.48055849799937
1.1392985127936857 134.49523138801894
1.1518802725229689 131.15662566831458
1.1644525285109688 126.58601413640629
1.177044553953347 122.62427150501182
1.1896240437944667 118.92149873147062
1.2022063409730017 115.59417129158382
1.2147708906645418 112.30615300511334
1.227352131263762 107.95236128040727
1.2399769911738805 105.87717570222263
1.2525667220095869 102.05841032058764
1.26513321980841 99.31456457830893
1.277751659055467 96.34942589181128
1.2903456750126294 93.79151332266083
1.302934363822137 90.66776062344486
1.3155376929046856 88.25875623591477
1.3281174714819104 85.07231866580494
1.3407038618127036 82.52484010526746
1.3533039956323571 80.42860937851107
1.365880197900977 77.46371936959743
1.3784547377610958 75.59532774946447
1.3910282284727449 73.13878720497814
1.403617608863429 71.64362581137497
1.4162307266845744 69.53261267347258
1.4288327238231233 66.91074700458739
1.4414357605604993 64.57997708768809
1.4540420662985747 63.05968129123254
1.4666290001310207 61.44314389588571
1.4792232339276021 59.71100642526257
1.491797940567084 58.00397105327733
1.504342072591214 56.4453160978814
1.5169427293249664 55.21216562800002
1.5295424653470084 53.76676401038165
1.5421299704605742 51.99264551622447
1.554739552003123 50.47776297749364
1.567349608720155 49.148112391662
1.5799699879730074 48.37582351293714
1.592509385412435 47.21967338764921
1.6050513674379756 45.921858109078954
1.617648660017438 44.616127028564854
1.6302445001949566 43.109645007456365
1.6428527694112134 41.735757339051766
1.6554322216394532 40.21325887543301
1.6680440255859041 38.72172684463383
1.6806789206890382 37.431321605374144
1.6932331315938938 35.99271015979087
1.7057845975195305 34.72099963845542
1.7183896309732425 33.79307758669395
1.7309874185440703 32.514899391756565
1.743562344893758 31.424307400685798
1.75614266346404 30.571603179803063
1.7687458921757824 29.39339774172244
1.7813334782050232 28.276097708099595
1.7938985526958278 27.182509296445
1.8064980806819644 26.344907778521918
1.8190945363690438 25.653131686973573
1.83169353971028 24.780561017700766
1.8442938066535342 23.812133072414586
1.85688767919358 22.978986567404046
1.8694996979257963 22.188909048922422
1.8820874678435262 21.43266165563297
1.8946480071290799 20.782660000376406
1.9072244238241187 20.097780642070532
1.919795508316699 19.474494035139728
1.9324077190392472 18.707195700703984
1.945026799429351 18.204525538752637
1.9575901294986873 17.59224541561994
1.97016772336253 17.08139295793433
1.9827403283412732 16.493754057930182
1.9953314743596424 15.876962168202054
2.0079478346643653 15.534804263863672
2.020502275436259 14.832864551429598
2.033091375229647 14.379894950445726
2.04572235045191 13.941713152413048
2.058276346288356 13.649989484774599
2.0708699090952365 13.217387002630831
2.083519949911563 12.794963849751605
2.0960971256413967 12.347366493693645
2.1086272060888285 11.985798868618604
2.1211870915125393 11.603744764592532
2.133823132386955 11.284575204768506
2.1464102873771145 11.032359797609464
2.1589635630855537 10.620459175259754
2.1715722325462994 10.348864802225709
2.1842062325035694 9.975635102283146
2.1967582541876354 9.703893920170506
2.209329848683403 9.437102237302755
2.221925909239799 9.157758540801952
2.234489591332639 8.86506705086788
2.247040534594876 8.478904651663463
2.2596241003144297 8.305292017846863
2.272229531496578 7.878163145157727
2.2848348222229173 7.453842594320783
2.2974000386779863 7.245374879428377
2.30996777997097 6.902257705911474
2.3225784835721264 6.729847282910203
2.3351595212304073 6.401365402417337
2.347693564989991 6.1671722902233155
2.3603433164871497 5.903291207716125
2.373033299473757 5.698715503895166
2.3855678635589683 5.55447578443912
2.39806014336685 5.351645608243717
2.410778968531096 5.2020688559449
2.423453109943763 5.000354485287545
2.4358311952097105 4.807155611583468
2.4484709440435752 4.727169591916829
2.461284805393444 4.600154751066009
2.4737948804239616 4.332463241357359
2.4861107686591204 4.370847060484281
2.4987555116597973 4.210115745359396
2.5115847832453193 4.008343810955897
2.5240933241388777 3.88873657807457
2.536562701110741 3.9679234613684073
2.5493077516226346 3.7600697189399135
2.561978439831297 3.753420197783238
2.574212755798327 3.4968048535372818
2.5867319401348703 3.458442577386217
2.599886904080163 3.362223649756853
2.6126019917306973 3.4594332297815136
2.6241685674096034 3.4501585435425004
2.6366174310924966 3.331971223118993
2.6502878476251457 3.2012758803808183
2.6633415931334063 3.2184472138721207
2.674176912131952 3.2442168900937194
2.6865492607137242 3.105306772297889
2.700777045101026 3.0969759724018826
2.7145884416410015 2.791788117295315
2.7248746414473266 2.810535240020553
2.736437828453097 2.8488816289632894
2.7506817507001746 2.8146902410590986
2.7647976990557908 3.695149159466445
2.776632163410753 4.888123730586391
2.7856940556077854 0.674708182220913
