0.017832091871975115 22824.003518753707
0.030213835030787086 17278.359897683207
0.04297487357678431 11220.868450887141
0.05577583798436844 9814.352003635804
0.06882863412500574 8788.074549680508
0.08110696464570528 5587.525999229383
0.093706745536318 4757.590908766174
0.10636019509318828 3253.2031922717833
0.11912643058558005 3089.6343496217764
0.13176693543452703 2536.243887399932
0.14419796924510409 2256.2981003647956
0.1568458002803939 1807.7929781893613
0.16972024869412192 1605.3006263754585
0.18227245710657183 1464.6457655182962
0.19477416222977614 1407.878154007318
0.20733408359476768 1133.7696620992213
0.2199199214475023 1052.7801957957784
0.23253646283801424 920.5046967535935
0.24518505143884173 859.2103195345708
0.2578378507460683 764.9271663514211
0.27039766737784854 706.1581808508785
0.28291044117596165 652.1938648277461
0.29557053798041993 597.3363341702119
0.30813996427931384 562.3550313889663
0.320721607314697 516.9554378277807
0.3334116808196799 478.88572742760323
0.3460758772037991 454.05694446505817
0.35861285762440476 438.71352757096963
0.3711536269502756 408.61985436533206
0.3836672702512423 388.0095736412173
0.3963071427257897 355.04520132771245
0.4089399593153143 344.54412709635534
0.42156349890919964 324.4259167929134
0.43418079502572293 304.37776714723464
0.4467620576802417 289.81608476954995
0.4593692028514984 271.6534866978169
0.4718965482805641 263.9740963595985
0.4844735038218266 251.14627412847972
0.4970859006058859 241.84475304897236
0.5096361353798314 229.1770102646541
0.5222277017157843 216.62899074710901
0.5348355227589768 209.44852004712612
0.5474920039788641 200.37770460622238
0.5601365361534109 193.88514461897432
0.5727270239485923 184.74715527805077
0.5852520646971257 178.87195350108237
0.5977898476833526 171.11052763025174
0.6103996074847273 165.7025681048393
0.6230020924267492 156.3292799839917
0.6356030860286817 149.5361854847471
0.6482301980282483 146.56686683852348
0.6608495463994364 140.5365893094464
0.6734744173919015 136.0735889538983
0.6860022567240331 129.7317486858425
0.6985809637891296 127.7993276681481
0.7111908491771067 119.81605218866241
0.7237149565943766 117.81803392998516
0.7363081577644113 113.88237869561127
0.7489074805118875 110.56898199531022
0.7615319556341436 104.3914417777671
0.7741323050847945 102.43960583098773
0.786675447343417 98.24581517709913
0.799323582550059 95.00900337971724
0.8119084864763946 91.35135141043158
0.8245003008651013 87.83994776231062
0.8371030476789464 86.26087599063112
0.8496433960979616 82.61078239076457
0.8622716392225023 80.48613477065467
0.8748814140551447 77.54501734547871
0.8874320306379442 75.10172329017453
0.8999827699152821 72.53796546899846
0.9125618598383778 69.93082908048545
0.9252292314560298 68.00424020342633
0.937854414986715 66.0209541274009
0.9504457821018807 63.543691368872565
0.9630431388995917 61.29534216638958
0.9755988646043415 58.7979587613632
0.9881575396632262 57.43534856952921
1.0007426245805056 56.03047012395647
1.0132961828208362 54.29128426041922
1.0258723107356669 52.33317873893026
1.038536031126191 50.34626502026454
1.0511519513207912 49.65817151129384
1.0637085884787196 47.55261646638883
1.076294990202565 45.90763854578078
1.088919425178861 44.52115074959509
1.1015128135865748 42.84049249346029
1.1140372123598807 41.91855427650197
1.1266438572582187 40.324101463362936
1.1392985127936959 39.09848594682838
1.1518802725229795 37.66114353765586
1.1644525285109792 36.53964201256743
1.1770445539533576 35.4956082994759
1.1896240437944776 34.39420725684224
1.2022063409730126 33.37144935079912
1.214770890664553 32.150514948408386
1.2273521312637732 31.15103460033451
1.2399769911738918 30.095831711433714
1.2525667220095984 29.1517903273201
1.2651332198084215 28.194508256383184
1.2777516590554785 27.414322520819695
1.2903456750126412 26.583625679868838
1.3029343638221487 25.646308977553087
1.3155376929046976 24.703141448980304
1.3281174714819224 24.11024157321468
1.3407038618127158 23.38334919602529
1.3533039956323696 22.493098747016255
1.3658801979009894 21.760540676215196
1.3784547377611083 21.100455235823695
1.3910282284727575 20.58234639541652
1.4036176088634416 20.022208942035068
1.4162307266845873 19.389170183113148
1.4288327238231362 18.737064848078482
1.4414357605605124 18.04272068981428
1.4540420662985878 17.508081125377753
1.466629000131034 17.087847505067277
1.4792232339276157 16.555122841724376
1.4917979405670976 16.045269400606617
1.5043420725912278 15.721460175467236
1.5169427293249802 15.204071008757087
1.5295424653470222 14.812587257647383
1.5421299704605882 14.400069650040113
1.5547395520031373 14.009340253864236
1.5673496087201693 13.651132252234149
1.5799699879730218 13.376541038229432
1.5925093854124495 12.99338968510641
1.6050513674379903 12.679044098399741
1.6176486600174527 12.342894855719615
1.6302445001949712 11.847936407758638
1.6428527694112283 11.472952386547718
1.6554322216394681 11.104420457915575
1.6680440255859195 10.649191731376218
1.6806789206890536 10.267731330508388
1.693233131593909 9.901411796597191
1.705784597519546 9.52578016816939
1.718389630973258 9.180825640386976
1.730987418544086 8.928845842839472
1.7435623448937738 8.529838798099407
1.756142663464056 8.32203225740408
1.7687458921757986 7.947719087636547
1.7813334782050394 7.735492662759418
1.793898552695844 7.457756185258167
1.8064980806819808 7.17055702674543
1.8190945363690603 6.953597048339879
1.8316935397102967 6.673657852924925
1.844293806653551 6.461456293169422
1.856887679193597 6.234608244373298
1.8694996979258132 6.0560690015567795
1.8820874678435433 5.858059364120801
1.8946480071290972 5.628725020296371
1.9072244238241363 5.426268760945733
1.9197955083167164 5.260166020848947
1.9324077190392648 5.100515314423687
1.9450267994293686 4.933643671151648
1.957590129498705 4.743324267012425
1.970167723362548 4.5998711267059145
1.9827403283412914 4.444628616671139
1.9953314743596606 4.343542566941714
2.0079478346643835 4.19997374495516
2.020502275436278 4.044040525261345
2.0330913752296658 3.919405169062413
2.045722350451929 3.7961264383336726
2.0582763462883746 3.7107915337833073
2.0708699090952556 3.5878541235290293
2.083519949911582 3.4839574421847805
2.096097125641416 3.3697344526466138
2.1086272060888476 3.2790805284453057
2.1211870915125584 3.169306633304261
2.1338231323869747 3.1069370016551017
2.146410287377134 2.9903611717593597
2.1589635630855732 2.922885247378358
2.171572232546319 2.8284144076227906
2.1842062325035894 2.7530767744651583
2.1967582541876554 2.6608117885656424
2.209329848683423 2.570958035118563
2.221925909239819 2.503566883980545
2.234489591332659 2.4115172261057554
2.2470405345948965 2.3470441556075246
2.25962410031445 2.239448048869411
2.2722295314965986 2.148394037936279
2.284834822222938 2.0632898144674456
2.297400038678007 1.938890256643973
2.3099677799709912 1.8451650662992576
2.3225784835721472 1.8341700901702436
2.3351595212304286 1.7715631558656766
2.347693564990012 1.6916949932180354
2.360343316487171 1.6253790270511446
2.3730332994737786 1.571911405348193
2.38556786355899 1.5341838505213707
2.398060143366872 1.4578679246078263
2.410778968531118 1.4267960352908113
2.4234531099437846 1.3664518393152132
2.4358311952097327 1.3139929605859848
2.448470944043598 1.2763286697875726
2.4612848053934666 1.2467095736472669
2.473794880423984 1.2300434708954515
2.486110768659143 1.2224520665580143
2.49875551165982 1.1711915436868605
2.5115847832453424 1.144308632181274
2.5240933241389008 1.1289720420517189
2.536562701110764 1.1066899711785727
2.5493077516226577 1.0762227160580138
2.5619784398313206 1.0597575188798307
2.5742127557983507 1.0042108867038604
2.586731940134894 0.9572979908154444
2.5998869040801864 0.9584065708779604
2.612601991730721 0.9473080234282273
2.624168567409627 0.926813076044773
2.6366174310925206 0.934490668214094
2.6502878476251697 0.8850086835886725
2.6633415931334308 0.8569743324693153
2.6741769121319763 0.881955815806008
2.6865492607137487 0.7953100949327426
2.7007770451010504 0.7449167074479799
2.714588441641026 0.8083274194409175
2.7248746414473515 0.8875685854720139
2.7364378284531217 0.8194741812658732
2.7506817507001995 0.6707765994000576
2.7647976990558156 0.8337202521841514
2.7766321634107785 1.0998909173685119
2.7856940556078107 0.5826494446410604
