0.01783209187197512 22883.124611659663
0.03021383503078709 17716.595707202738
0.04297487357678432 12019.006931068085
0.055775837984368457 11077.924486706941
0.06882863412500574 10385.516977101079
0.0811069646457053 6969.034037990198
0.09370674553631801 6286.723964834045
0.1063601950931883 4549.035975035722
0.11912643058558006 4462.36891733472
0.13176693543452705 3760.6886266924116
0.1441979692451041 3461.485047070741
0.15684580028039394 2846.474271651524
0.16972024869412194 2598.3318978935904
0.18227245710657186 2388.262507517776
0.19477416222977617 2324.585915303344
0.2073340835947677 1905.464212105788
0.21991992144750233 1797.195033127397
0.23253646283801427 1597.8996306004385
0.24518505143884178 1506.3325841432334
0.2578378507460683 1341.2830436742813
0.2703976673778486 1267.7931308996851
0.2829104411759617 1186.3103717068002
0.29557053798042 1086.561022009041
0.3081399642793139 1039.1355764399432
0.32072160731469707 967.388094988848
0.33341168081968 898.7744234996892
0.3460758772037992 856.6719772289633
0.35861285762440476 827.2815733135485
0.37115362695027565 783.7652126199916
0.38366727025124236 746.4771303960545
0.39630714272578976 687.3450370025306
0.40893995931531435 674.2679881999753
0.4215634989091997 638.3490926123455
0.434180795025723 604.7954194886038
0.4467620576802418 573.4989295331098
0.4593692028514985 542.6300093777891
0.47189654828056415 526.5672785185059
0.48447350382182663 508.78593472498693
0.497085900605886 491.99297768510826
0.5096361353798314 466.93493510539633
0.5222277017157843 443.3381755281394
0.5348355227589768 429.89947691964477
0.5474920039788642 414.96287622066836
0.560136536153411 400.0484714082587
0.5727270239485924 384.2005170367396
0.5852520646971258 374.92847487688687
0.5977898476833527 359.1587108841536
0.6103996074847274 350.1769721447568
0.6230020924267493 329.7037847421273
0.6356030860286818 318.74000390478784
0.6482301980282483 314.44804331336286
0.6608495463994365 299.2095007949839
0.6734744173919016 291.55615384857606
0.6860022567240333 283.5563909287379
0.6985809637891297 276.5487536100663
0.7111908491771068 259.7335782663122
0.7237149565943767 257.1923761386848
0.7363081577644114 249.2380737531811
0.7489074805118876 241.39214197231075
0.7615319556341437 230.77566546993276
0.7741323050847946 225.2385076522568
0.7866754473434171 217.0618870388274
0.7993235825500591 210.01426287021638
0.8119084864763947 202.8281937892018
0.8245003008651015 195.4984245316508
0.8371030476789465 191.58319859188876
0.8496433960979617 184.61377232143641
0.8622716392225024 179.5872788734776
0.8748814140551449 172.2474726973232
0.8874320306379443 168.87161807899992
0.8999827699152823 162.1441584088712
0.9125618598383779 157.0326122808758
0.9252292314560299 153.48025481125276
0.9378544149867151 149.2556305850368
0.9504457821018808 145.15812026695033
0.9630431388995918 139.06088128299086
0.9755988646043416 134.41449139926473
0.9881575396632263 130.9565607118473
1.0007426245805058 126.84898490134336
1.0132961828208364 123.39139123477914
1.025872310735667 119.9261495711375
1.0385360311261913 114.68902662831431
1.0511519513207912 112.69372101265179
1.0637085884787196 108.86003987200348
1.0762949902025651 104.89138150982252
1.0889194251788612 102.26465758465132
1.101512813586575 98.56836872416496
1.114037212359881 96.16477483470801
1.126643857258219 92.50842679286785
1.139298512793696 90.06250832476086
1.1518802725229795 87.03905928918823
1.1644525285109795 84.38146899377176
1.1770445539533578 81.5633052628242
1.1896240437944778 79.23838508912729
1.2022063409730128 76.81215636740218
1.2147708906645531 74.69046018344977
1.2273521312637734 71.54866590264018
1.239976991173892 70.09441524663903
1.2525667220095986 67.53123730848989
1.2651332198084217 65.61814311388676
1.2777516590554787 63.451250131052866
1.2903456750126412 61.6571982453877
1.3029343638221489 59.74453688809544
1.3155376929046976 58.097828789423914
1.3281174714819226 56.00461150284846
1.3407038618127158 54.29823777755035
1.3533039956323696 52.628794268056396
1.3658801979009896 50.79530316144489
1.3784547377611085 49.487056296985116
1.3910282284727578 48.08269651239203
1.4036176088634418 46.799151552513415
1.4162307266845875 45.4747559235445
1.4288327238231364 43.813507935044846
1.4414357605605126 42.43452189871971
1.454042066298588 41.2519939947832
1.4666290001310343 40.11150316576169
1.479223233927616 38.99891961164365
1.4917979405670978 37.91586821938704
1.504342072591228 36.8857251598065
1.5169427293249804 35.934978346821865
1.5295424653470224 34.940445609175356
1.5421299704605884 33.809273671820826
1.5547395520031375 32.797742669684546
1.5673496087201695 32.038672504573746
1.579969987973022 31.55321209933511
1.5925093854124497 30.735571571180838
1.6050513674379905 29.91970005622548
1.6176486600174529 29.022789295509725
1.6302445001949715 27.995025382550168
1.6428527694112285 27.019972411295146
1.6554322216394683 26.062804616097196
1.6680440255859197 25.08438679730607
1.6806789206890538 24.19311301612639
1.6932331315939093 23.390961728582962
1.7057845975195463 22.530093987830565
1.7183896309732583 21.823617532115566
1.7309874185440863 21.01691369722228
1.743562344893774 20.260172936639567
1.7561426634640562 19.62048368614103
1.7687458921757988 18.90065160976888
1.7813334782050396 18.231268784067733
1.7938985526958444 17.562225503532876
1.806498080681981 16.954565174209687
1.8190945363690607 16.51197087183334
1.831693539710297 15.901591276849773
1.8442938066535512 15.333019368488138
1.8568876791935973 14.722635741501506
1.8694996979258134 14.299865396775441
1.8820874678435435 13.780084203949684
1.8946480071290974 13.36299302016559
1.9072244238241365 12.897494531926835
1.9197955083167166 12.531796972358688
1.932407719039265 12.0678454815405
1.945026799429369 11.659618400961028
1.9575901294987053 11.29024132007254
1.9701677233625483 10.926451574448826
1.9827403283412917 10.548952710352795
1.9953314743596609 10.21407742785043
2.007947834664384 9.931331937929457
2.020502275436278 9.496790754158816
2.033091375229666 9.188497147732267
2.0457223504519293 8.907754408811302
2.058276346288375 8.740997858337295
2.0708699090952556 8.506694118239142
2.0835199499115826 8.165584563500296
2.096097125641416 7.867573508420787
2.108627206088848 7.681185596817911
2.121187091512559 7.428713402727823
2.1338231323869747 7.171631480222952
2.146410287377134 7.03665793674919
2.1589635630855737 6.762937738786028
2.1715722325463194 6.56238593598485
2.1842062325035894 6.409608982746224
2.196758254187656 6.24174319246984
2.2093298486834234 6.024724715846144
2.2219259092398196 5.859942942226532
2.2344895913326592 5.644664283118917
2.2470405345948965 5.435601285212557
2.2596241003144506 5.277512133286247
2.272229531496599 5.041795920002548
2.284834822222938 4.744791907282024
2.2974000386780076 4.604994781876889
2.3099677799709912 4.367479086376588
2.3225784835721477 4.275019105127009
2.3351595212304286 4.115104502785092
2.3476935649900126 3.980242148002991
2.3603433164871714 3.799415286335209
2.373033299473779 3.7022044245606773
2.3855678635589905 3.59457572979756
2.3980601433668722 3.390248012726434
2.410778968531118 3.3108213569421103
2.423453109943785 3.204324598178511
2.435831195209733 3.099060654177323
2.448470944043598 3.0125806251710254
2.4612848053934666 2.9440328999458516
2.473794880423984 2.805106923188948
2.4861107686591435 2.826215002675678
2.4987555116598203 2.67094823432868
2.511584783245343 2.5779119451826955
2.524093324138901 2.4922443437519566
2.5365627011107645 2.4802528888858566
2.549307751622658 2.406681254960544
2.5619784398313206 2.325900851627491
2.574212755798351 2.2906526704229173
2.5867319401348943 2.210305548034989
2.599886904080187 2.143413223742392
2.6126019917307213 2.1790071738297723
2.6241685674096273 2.2070202578781735
2.636617431092521 2.126374341431173
2.65028784762517 2.0222896691234786
2.663341593133431 2.1134896555837597
2.6741769121319767 2.055905858310812
2.6865492607137487 2.0049436952870376
2.700777045101051 2.001328583358737
2.7145884416410264 1.9402280033006831
2.724874641447352 1.6709518682398536
2.736437828453122 1.8715341348888992
2.7506817507002 1.7554735898355223
2.764797699055816 1.8886165834171869
2.776632163410779 2.6276804846829354
2.785694055607811 1.4958847981621926
