0.017832091871975052 22720.592683048173
0.03021383503078698 17510.098350121403
0.04297487357678416 11756.065662861138
0.05577583798436825 10757.494813390453
0.06882863412500549 10088.84302202571
0.081106964645705 6729.601329016762
0.09370674553631766 6069.226494239772
0.10636019509318789 4369.766696892452
0.11912643058557962 4322.855458016164
0.13176693543452656 3664.7206868077924
0.14419796924510359 3397.8936386872824
0.15684580028039335 2844.18604658066
0.1697202486941213 2627.6207087586436
0.18227245710657117 2464.1494436197304
0.19477416222977545 2426.0082521777804
0.20733408359476693 2028.0439157319342
0.2199199214475015 1945.8169794280977
0.2325364628380134 1743.393586651583
0.24518505143884087 1685.5659112765702
0.25783785074606735 1518.5033258784392
0.2703976673778476 1448.517599558232
0.28291044117596065 1377.0863352951512
0.2955705379804189 1289.0823611179942
0.30813996427931273 1231.8753549996654
0.32072160731469584 1161.9188904467421
0.3334116808196787 1095.0039319648765
0.3460758772037979 1061.4792695881017
0.3586128576244034 1047.5404252656067
0.37115362695027426 992.4167322374884
0.3836672702512409 958.0160871782948
0.39630714272578826 895.0932196913426
0.40893995931531285 877.6943906040491
0.42156349890919814 844.8434533275152
0.4341807950257214 803.4115506755757
0.44676205768024013 769.9852092934932
0.4593692028514968 738.1778660796033
0.47189654828056243 719.5074124067695
0.4844735038218248 698.0930324789574
0.49708590060588415 681.2588099431712
0.5096361353798295 654.0764330914396
0.5222277017157824 625.0204892891998
0.5348355227589748 618.2600119344091
0.5474920039788621 595.615236628226
0.5601365361534089 582.6435694757254
0.5727270239485903 556.3227526065313
0.5852520646971235 551.016878654567
0.5977898476833505 531.7752374685597
0.6103996074847251 521.265477604615
0.623002092426747 493.39409186826384
0.6356030860286794 481.3735410484316
0.648230198028246 474.07585040707687
0.660849546399434 456.1902096034608
0.6734744173918992 445.76899190583447
0.6860022567240307 436.681795621979
0.698580963789127 426.8063822901456
0.7111908491771042 408.5437975743286
0.7237149565943739 404.1126063036492
0.7363081577644086 391.993472658928
0.7489074805118848 382.8343602348066
0.7615319556341409 367.19849557797
0.7741323050847917 360.2224167899624
0.7866754473434141 349.8657017984767
0.7993235825500562 334.9849719762758
0.8119084864763916 326.45525601408247
0.8245003008650984 315.14577470361803
0.8371030476789434 309.30083125241447
0.8496433960979585 302.4790404911422
0.8622716392224992 292.93708614066037
0.8748814140551416 282.76499635266225
0.8874320306379411 277.8946066185807
0.8999827699152789 265.4448356900032
0.9125618598383745 258.5150951177337
0.9252292314560264 254.25909980457573
0.9378544149867116 247.59012811604487
0.9504457821018772 241.68162675042012
0.9630431388995883 232.41925518803237
0.975598864604338 224.36725427921084
0.9881575396632226 218.90797770087917
1.000742624580502 212.45380184967908
1.0132961828208327 207.68079794907436
1.0258723107356633 200.79570875176643
1.0385360311261875 194.01192774437575
1.0511519513207874 190.88281494757845
1.0637085884787156 183.27913908742732
1.0762949902025611 177.12202814055124
1.0889194251788572 173.58890084527684
1.1015128135865708 167.43650777603142
1.1140372123598767 163.63342295829213
1.1266438572582147 157.49012010494684
1.1392985127936919 152.9615294583248
1.1518802725229753 149.65543540105713
1.1644525285109752 144.6967439962337
1.1770445539533534 140.27290243191226
1.1896240437944734 135.4135220842582
1.2022063409730084 131.7438611076543
1.2147708906645487 127.95319549121014
1.227352131263769 123.36182603733755
1.2399769911738874 120.68455967844241
1.252566722009594 116.47664836154132
1.265133219808417 113.17261320179075
1.2777516590554738 109.96927250567842
1.2903456750126365 106.93567386478647
1.302934363822144 103.1668387206495
1.3155376929046927 100.24436575019234
1.3281174714819177 96.78352478965304
1.340703861812711 93.88559359137203
1.3533039956323647 91.33130271241693
1.3658801979009845 88.20121289617087
1.3784547377611034 85.66293189757687
1.3910282284727526 83.03665557755558
1.4036176088634367 81.42450732280746
1.4162307266845822 79.0475307592723
1.428832723823131 76.09367769113823
1.4414357605605073 73.41256164418924
1.4540420662985827 71.58069177942501
1.4666290001310287 69.64106706232722
1.4792232339276103 67.46112180487732
1.4917979405670923 65.5453471829982
1.5043420725912224 64.04211883694772
1.5169427293249746 62.556753359619464
1.5295424653470169 60.85603396340836
1.5421299704605826 58.804005046687664
1.5547395520031317 57.25038183491335
1.5673496087201635 55.64469408184933
1.5799699879730162 54.66616199471527
1.5925093854124437 53.27689121296951
1.6050513674379845 51.88237495913294
1.617648660017447 50.41050261393017
1.6302445001949655 48.81574845586419
1.6428527694112225 47.16557727449534
1.6554322216394624 45.38230936706224
1.6680440255859135 43.849560618296884
1.6806789206890476 42.40264311410627
1.693233131593903 40.799542918622905
1.70578459751954 39.315337401249245
1.718389630973252 38.22568023668299
1.73098741854408 36.67570397945073
1.7435623448937676 35.4916557837721
1.7561426634640498 34.43973125688611
1.7687458921757921 33.191003945737
1.781333478205033 31.90186109402866
1.7938985526958375 30.726813885867667
1.8064980806819744 29.811874898160145
1.8190945363690538 28.93185604375941
1.8316935397102903 27.945086693452843
1.8442938066535444 26.816007655556213
1.8568876791935904 25.863027029175495
1.8694996979258065 25.02210326296124
1.8820874678435366 24.08639276963598
1.8946480071290903 23.34631967513413
1.9072244238241294 22.64140543263236
1.9197955083167095 21.93910909952946
1.932407719039258 21.07594198122445
1.9450267994293617 20.53287274460801
1.957590129498698 19.763089142087765
1.970167723362541 19.197538425574415
1.9827403283412843 18.538511667724354
1.9953314743596535 17.79577286478918
2.0079478346643764 17.476838373706116
2.0205022754362703 16.617074611170388
2.0330913752296587 16.1635110107822
2.0457223504519217 15.627728029273529
2.0582763462883675 15.32044776557822
2.070869909095248 14.823053322459055
2.0835199499115746 14.365313256369017
2.0960971256414083 13.926632569246424
2.10862720608884 13.445214543216073
2.121187091512551 13.087365888893304
2.133823132386967 12.64006276313748
2.146410287377126 12.30916848552442
2.1589635630855653 11.978951988358977
2.1715722325463114 11.57358701097359
2.1842062325035814 11.157661300138352
2.1967582541876474 10.865198824962903
2.209329848683415 10.523945282989247
2.221925909239811 10.24437065025409
2.234489591332651 9.9575970265896
2.247040534594888 9.50050956180232
2.259624100314442 9.233373893763144
2.2722295314965906 8.830237754517507
2.2848348222229298 8.39480106742151
2.2974000386779987 8.063984507243743
2.309967779970983 7.697923249270721
2.3225784835721393 7.515785068421734
2.33515952123042 7.182636783489801
2.3476935649900037 6.877491447722019
2.3603433164871626 6.610678727034552
2.37303329947377 6.437083082504044
2.3855678635589816 6.20989821704861
2.3980601433668634 5.9304037239707625
2.410778968531109 5.824592958699287
2.423453109943776 5.577692851967974
2.4358311952097242 5.436522666208838
2.448470944043589 5.235564714685717
2.4612848053934577 5.120125663905529
2.4737948804239753 4.873033749131971
2.486110768659134 4.804670342976291
2.498755511659811 4.657185230467858
2.5115847832453335 4.491794296756619
2.524093324138892 4.328774174302082
2.5365627011107548 4.353615773265108
2.5493077516226488 4.0905601148620665
2.5619784398313112 4.172602053931216
2.5742127557983414 3.884360164689869
2.5867319401348845 3.8462840521877344
2.599886904080177 3.7972207798738054
2.6126019917307115 3.850467890984909
2.6241685674096176 3.824077755014294
2.6366174310925112 3.6549428496381937
2.6502878476251603 3.6122989481614356
2.663341593133421 3.5699165833397632
2.6741769121319665 3.499076428005048
2.686549260713739 3.5128028237003193
2.7007770451010407 3.333225967837567
2.714588441641016 2.9637869760100326
2.7248746414473417 3.1266245049632038
2.736437828453112 2.987001801613334
2.7506817507001897 2.5945823927381535
2.764797699055806 4.043086572638384
2.7766321634107687 5.059967512256129
2.7856940556078005 3.599414948451878
