0.017832091871975087 22788.3947061507
0.030213835030787034 17596.897509659688
0.04297487357678424 11859.097048376434
0.05577583798436835 10902.840518369252
0.06882863412500562 10270.951257728208
0.08110696464570516 6883.487031248743
0.09370674553631785 6240.062526150317
0.1063601950931881 4514.348172754405
0.11912643058557985 4478.902109981173
0.1317669354345268 3805.6574513765313
0.14419796924510386 3540.0385145234927
0.15684580028039366 2971.889686232773
0.16972024869412164 2752.105397858421
0.18227245710657153 2583.767802927847
0.19477416222977584 2546.2862336983603
0.20733408359476732 2133.9743953092334
0.21991992144750194 2050.644475151133
0.23253646283801385 1839.9512278893994
0.24518505143884134 1782.1345450283854
0.25783785074606785 1605.8907508099187
0.2703976673778481 1534.1712646710166
0.2829104411759612 1461.0446311599276
0.29557053798041943 1368.4918880738812
0.30813996427931334 1308.2793936380524
0.32072160731469646 1236.529844568556
0.33341168081967937 1165.7011662131752
0.34607587720379857 1130.1373249927883
0.35861285762440415 1115.9453551634263
0.371153626950275 1058.2450776112814
0.3836672702512417 1021.5673478388203
0.39630714272578904 956.0832893350291
0.40893995931531363 937.6610991034238
0.421563498909199 903.2288423328063
0.4341807950257222 859.2941803149592
0.44676205768024096 823.2558340845876
0.4593692028514977 790.0582479160107
0.4718965482805633 769.9969087298174
0.48447350382182575 747.5786117686845
0.4970859006058851 730.2908250626512
0.5096361353798305 700.3635944872509
0.5222277017157834 669.9566608614801
0.534835522758976 663.1544062338922
0.5474920039788632 638.8014127225609
0.56013653615341 625.0009824244364
0.5727270239485914 596.6119462888346
0.5852520646971247 591.9731323322451
0.5977898476833517 571.1722428113942
0.6103996074847263 560.004377642969
0.6230020924267482 529.958987311354
0.6356030860286807 517.4482597766139
0.6482301980282472 509.82037982333253
0.6608495463994353 490.1369712647404
0.6734744173919004 479.35561078553
0.686002256724032 470.38151720878074
0.6985809637891284 459.2946525923364
0.7111908491771056 440.29383472581793
0.7237149565943753 435.4392453484135
0.73630815776441 421.7042498983761
0.7489074805118863 411.66822422751903
0.7615319556341423 395.47788040033316
0.7741323050847932 387.67143646929543
0.7866754473434157 377.1061893395666
0.7993235825500576 360.64257985052393
0.8119084864763931 351.88228122689975
0.8245003008651 339.70855824524085
0.8371030476789451 333.3865174638721
0.8496433960979601 325.7471991890072
0.8622716392225008 315.77597333539563
0.8748814140551433 304.8081454184319
0.8874320306379427 299.5958520370689
0.8999827699152806 286.12099451962393
0.9125618598383762 278.66665912154514
0.9252292314560282 273.9534574105033
0.9378544149867134 266.9503978242204
0.9504457821018791 260.45555242854306
0.9630431388995901 250.32099332131165
0.9755988646043399 241.60589408888347
0.9881575396632245 235.90566056925203
1.000742624580504 228.8734982309271
1.0132961828208344 223.53637176400568
1.0258723107356653 216.12711592062993
1.0385360311261895 208.89862543690603
1.0511519513207894 205.3830407594086
1.0637085884787179 197.176871900911
1.0762949902025631 190.54801875920788
1.0889194251788592 186.76690825562758
1.101512813586573 180.12442019957433
1.114037212359879 175.87863089759057
1.126643857258217 169.47387384469232
1.139298512793694 164.62772522205012
1.1518802725229775 161.12409960217158
1.1644525285109775 155.73687524696194
1.1770445539533556 151.01979113804884
1.1896240437944756 145.59572746906136
1.2022063409730106 141.71335251214265
1.214770890664551 137.67992301409976
1.2273521312637712 132.7679851758107
1.2399769911738898 130.07103765390147
1.2525667220095962 125.39527251299171
1.2651332198084195 121.82469066333259
1.2777516590554765 118.44172852812494
1.290345675012639 115.02514547298257
1.3029343638221464 110.95429822707499
1.3155376929046954 107.71252585388042
1.3281174714819202 104.15793082887897
1.3407038618127136 100.95882027411109
1.3533039956323671 98.23324434229289
1.3658801979009871 94.95172871429646
1.378454737761106 92.11925098446918
1.3910282284727553 89.25982693891243
1.4036176088634393 87.53208950018306
1.4162307266845848 84.96483926869533
1.428832723823134 81.89192478543647
1.44143576056051 78.93327928791201
1.4540420662985856 77.01871243303377
1.4666290001310316 74.86078952795044
1.4792232339276132 72.50726380290483
1.4917979405670951 70.4215009591223
1.5043420725912253 68.80622299538894
1.5169427293249778 67.21296341077206
1.5295424653470198 65.39601140871756
1.5421299704605858 63.140704987593814
1.5547395520031346 61.4598166798101
1.5673496087201666 59.717886016194946
1.5799699879730191 58.7146008508581
1.5925093854124468 57.227864301719265
1.6050513674379876 55.7194152848264
1.61764866001745 54.21209065647456
1.6302445001949686 52.395107643614594
1.6428527694112256 50.642307178383206
1.6554322216394655 48.76385223442545
1.6680440255859166 47.14085530514678
1.6806789206890507 45.575737359887114
1.6932331315939062 43.86138325392786
1.7057845975195431 42.258017215285555
1.7183896309732554 41.05532433958582
1.7309874185440832 39.33020286692729
1.743562344893771 38.08248941998241
1.7561426634640531 36.942577975771265
1.7687458921757957 35.61830394653068
1.7813334782050363 34.24052681595073
1.793898552695841 33.00344610140298
1.8064980806819777 32.026537343953464
1.8190945363690574 31.072007599950048
1.8316935397102936 29.94823403243636
1.844293806653548 28.781474191191183
1.856887679193594 27.76473726373465
1.86949969792581 26.838136560408177
1.8820874678435402 25.83241963409685
1.894648007129094 25.075645757748994
1.907224423824133 24.297459647238256
1.9197955083167133 23.572075698384392
1.9324077190392617 22.576429336979242
1.9450267994293655 21.9896965256083
1.9575901294987017 21.19289190453779
1.9701677233625448 20.590921784639846
1.982740328341288 19.90341578637723
1.9953314743596573 19.049614102897497
2.0079478346643804 18.744643159909113
2.0205022754362743 17.843423679664124
2.033091375229662 17.394496475028784
2.0457223504519253 16.798327961232996
2.0582763462883715 16.4025043197145
2.070869909095252 15.881084372838448
2.0835199499115786 15.425880341658713
2.0960971256414123 14.920391800996502
2.1086272060888445 14.417160540961042
2.121187091512555 14.046496846305093
2.133823132386971 13.578154979787499
2.1464102873771305 13.182661195460653
2.1589635630855697 12.835626417498691
2.1715722325463154 12.397113077393263
2.1842062325035854 11.94473134563179
2.196758254187652 11.647053061763117
2.2093298486834194 11.299719238434298
2.2219259092398156 10.939989863976274
2.2344895913326552 10.637439886808217
2.2470405345948925 10.171596687766543
2.2596241003144466 9.871067720725623
2.272229531496595 9.411248497968977
2.284834822222934 8.958812184391569
2.297400038678003 8.603375906522604
2.3099677799709872 8.215078635363419
2.3225784835721437 8.014692847658168
2.3351595212304246 7.673055600893815
2.347693564990008 7.323261430083626
2.360343316487167 7.097974038160706
2.3730332994737746 6.85112943477497
2.385567863558986 6.59200633292146
2.398060143366868 6.332214300210286
2.410778968531114 6.20250291361078
2.4234531099437806 5.95755937421822
2.4358311952097287 5.778220879444894
2.4484709440435934 5.557730023030712
2.461284805393462 5.450609145667707
2.4737948804239798 5.166631838553378
2.486110768659139 5.133501311857124
2.498755511659816 4.924640900876155
2.5115847832453384 4.7496219144539955
2.5240933241388968 4.582330302398319
2.5365627011107597 4.614187971242058
2.5493077516226537 4.344045555008698
2.561978439831316 4.34935226370623
2.5742127557983463 4.119204571647906
2.5867319401348894 4.086468647741904
2.599886904080182 3.995683686462584
2.612601991730717 4.04878890887894
2.624168567409623 3.980345849474439
2.636617431092516 3.8502889083360383
2.6502878476251657 3.734652511011408
2.6633415931334263 3.72169855788443
2.674176912131972 3.669134774587972
2.6865492607137442 3.7054145201441107
2.700777045101046 3.5975712429769198
2.7145884416410215 3.1311838973223023
2.724874641447347 3.3149124738586564
2.7364378284531172 3.1278898891220575
2.750681750700195 2.892445535493531
2.764797699055811 4.356932062712911
2.776632163410774 5.296788501545875
2.7856940556078063 3.7691100336494254
