0.01783209187197497 22791.96426069251
0.030213835030786836 17599.700286668678
0.04297487357678396 11861.684647560289
0.055775837984367985 10904.67497655387
0.06882863412500517 10272.176037488513
0.08110696464570462 6884.448640851171
0.09370674553631722 6240.425911457126
0.10636019509318739 4513.783259868272
0.11912643058557906 4478.220237052203
0.13176693543452594 3804.1936643187264
0.1441979692451029 3537.702101926313
0.1568458002803926 2969.4631118017137
0.16972024869412053 2748.8234770118147
0.18227245710657033 2580.6789421524727
0.19477416222977453 2542.738079939404
0.20733408359476596 2130.586502157783
0.21991992144750047 2046.5964086015065
0.23253646283801233 1835.6440935639735
0.2451850514388397 1777.5655275933802
0.25783785074606613 1601.512619838856
0.2703976673778463 1529.1461672651778
0.2829104411759593 1455.7508717776097
0.2955705379804175 1363.3991258484677
0.3081399642793113 1302.8589862091924
0.32072160731469435 1231.1303867109966
0.33341168081967715 1159.995041087631
0.3460758772037963 1123.6566663428732
0.35861285762440176 1109.5959725443822
0.37115362695027254 1051.9239271050337
0.38366727025123915 1015.2032775054471
0.39630714272578643 949.9417543836906
0.4089399593153109 931.3874782182422
0.4215634989091962 896.9882119734832
0.4341807950257193 853.1352233839323
0.446762057680238 817.218842576379
0.45936920285149463 783.9465776440512
0.4718965482805602 763.7921472919387
0.4844735038218225 741.1702851909713
0.4970859006058818 724.2111157414306
0.5096361353798272 694.3840466441928
0.5222277017157799 663.9617919098739
0.5348355227589724 657.3846278538998
0.5474920039788596 632.7778034680003
0.5601365361534062 619.0769167153819
0.5727270239485877 590.6504895560034
0.5852520646971208 586.1487264185978
0.5977898476833478 565.4551327238944
0.6103996074847222 554.0335782706328
0.6230020924267441 524.412717474712
0.6356030860286764 511.59033533610324
0.6482301980282429 504.3266603095367
0.6608495463994309 484.6083656483653
0.673474417391896 474.0623821197174
0.6860022567240275 464.9098749198673
0.6985809637891238 453.99261707920107
0.7111908491771008 435.1144752341834
0.7237149565943706 430.23527559308377
0.7363081577644052 416.69421338143286
0.7489074805118813 406.61385058881854
0.7615319556341372 390.5068889121948
0.774132305084788 382.77045114912914
0.7866754473434104 372.3013883475614
0.7993235825500524 355.9360186223738
0.8119084864763878 347.35249501769175
0.8245003008650945 335.3628271893027
0.8371030476789395 328.93122086845904
0.8496433960979545 321.47294333836135
0.8622716392224951 311.5624659022376
0.8748814140551375 300.77038628174955
0.8874320306379369 295.5054314233144
0.8999827699152747 282.26167705404225
0.9125618598383702 274.85960640006766
0.9252292314560221 270.1109365090689
0.9378544149867072 263.16567599503765
0.9504457821018728 256.8118383311152
0.9630431388995838 246.86772653100624
0.9755988646043334 238.05747921922222
0.988157539663218 232.49902225011536
1.0007426245804973 225.5393981334806
1.0132961828208278 220.22836490912337
1.0258723107356584 213.02026779529535
1.0385360311261826 205.74758544436162
1.0511519513207823 202.2619754300197
1.0637085884787107 194.15432667251324
1.076294990202556 187.6455946973195
1.088919425178852 183.83338654832278
1.1015128135865657 177.3343230789293
1.1140372123598716 173.06215466266036
1.1266438572582094 166.80956743321468
1.1392985127936865 162.05707820843838
1.15188027252297 158.538841791801
1.1644525285109697 153.36330276992425
1.1770445539533478 148.59200590636922
1.1896240437944678 143.1780813352714
1.2022063409730028 139.42127001689576
1.214770890664543 135.4094517511032
1.2273521312637632 130.5746456385084
1.2399769911738816 127.93026062483455
1.252566722009588 123.32152741700065
1.265133219808411 119.81443015135902
1.2777516590554678 116.48969078091858
1.2903456750126303 113.04807403796266
1.302934363822138 109.06785607824818
1.3155376929046867 105.85702818307115
1.3281174714819115 102.37364619863867
1.3407038618127047 99.19921659233121
1.3533039956323583 96.54083147520716
1.365880197900978 93.29977350263704
1.378454737761097 90.50393591572163
1.391028228472746 87.68075496055384
1.40361760886343 85.9939648833279
1.4162307266845755 83.46133449844429
1.4288327238231244 80.4456383565613
1.4414357605605004 77.48397177626107
1.4540420662985758 75.63107583707955
1.4666290001310218 73.5211094551583
1.4792232339276035 71.10869261574953
1.4917979405670851 69.10782840583686
1.5043420725912153 67.54825759173926
1.5169427293249675 65.96529383367178
1.5295424653470095 64.16649301490315
1.5421299704605755 61.98485587900626
1.5547395520031244 60.31215462980543
1.5673496087201562 58.573089824460176
1.5799699879730087 57.5997699888884
1.5925093854124364 56.14016276947005
1.605051367437977 54.648511412170286
1.6176486600174393 53.15077567020991
1.630244500194958 51.392809754606326
1.6428527694112147 49.65998518734438
1.6554322216394546 47.80206632520234
1.6680440255859057 46.18132263728481
1.6806789206890396 44.64395182710431
1.693233131593895 42.98888766583416
1.705784597519532 41.41316940733222
1.7183896309732438 40.20119900204423
1.7309874185440717 38.55237818084327
1.7435623448937594 37.316236430716934
1.7561426634640416 36.15599116836461
1.768745892175784 34.88131048932376
1.7813334782050245 33.530174216846326
1.7938985526958293 32.31102347209469
1.806498080681966 31.3416039594317
1.8190945363690454 30.408156609999363
1.8316935397102816 29.3236361581376
1.8442938066535357 28.1606123340825
1.8568876791935816 27.15346969315268
1.8694996979257976 26.256137820989853
1.8820874678435278 25.27127543197007
1.8946480071290814 24.511635637773924
1.9072244238241205 23.768808474429356
1.9197955083167006 23.06220291942462
1.9324077190392488 22.093850784515798
1.9450267994293526 21.50611772771764
1.9575901294986888 20.722799427530834
1.9701677233625317 20.145042805334768
1.982740328341275 19.444303150774388
1.995331474359644 18.61834302231968
2.007947834664367 18.317967312746386
2.020502275436261 17.432102542496786
2.033091375229649 16.991815547086134
2.045722350451912 16.409609748449064
2.0582763462883578 16.025405150212876
2.0708699090952383 15.522648564810032
2.083519949911565 15.054462220410855
2.0960971256413985 14.564612904716627
2.1086272060888303 14.096130833534664
2.121187091512541 13.721000216392799
2.133823132386957 13.265070463590284
2.1464102873771163 12.87088986808592
2.1589635630855555 12.531742898771007
2.171572232546301 12.107804261414476
2.184206232503571 11.680605457487276
2.196758254187637 11.373467707976612
2.2093298486834048 11.01576314780391
2.221925909239801 10.678834949012451
2.2344895913326406 10.400410628308377
2.247040534594878 9.920192047152955
2.2596241003144315 9.620959099086937
2.27222953149658 9.194473798437395
2.284834822222919 8.739294516252505
2.297400038677988 8.39906990751643
2.309967779970972 8.00056350244123
2.322578483572128 7.788962535316839
2.335159521230409 7.459411703859196
2.3476935649899926 7.136571684561862
2.3603433164871515 6.9140216349185515
2.373033299473759 6.684081191184496
2.3855678635589705 6.422535111724557
2.3980601433668522 6.136509712281306
2.410778968531098 6.037705049182426
2.4234531099437646 5.782120118166269
2.4358311952097127 5.608912946308822
2.4484709440435775 5.405830569507011
2.461284805393446 5.2945569833432415
2.4737948804239633 5.0380948414635185
2.4861107686591226 4.972632627416371
2.498755511659799 4.770142146845988
2.5115847832453215 4.6007028984130915
2.52409332413888 4.43097234519759
2.5365627011107432 4.47497255400039
2.549307751622637 4.219618063324021
2.5619784398312992 4.201037548025435
2.5742127557983294 3.9717894981006965
2.5867319401348725 3.976393318470399
2.599886904080165 3.895687444523925
2.6126019917306995 3.9266202159611803
2.6241685674096056 3.8880565254233197
2.636617431092499 3.754351568318463
2.650287847625148 3.6472411697521427
2.6633415931334086 3.569746821001671
2.674176912131954 3.5729058464401233
2.6865492607137265 3.591198665550363
2.7007770451010282 3.473274052583738
2.7145884416410038 2.9948695148446824
2.724874641447329 3.266095761695691
2.736437828453099 3.009132173159765
2.750681750700177 2.765366588868129
2.764797699055793 4.332411197821527
2.7766321634107554 5.048754777701645
2.7856940556077876 4.144850310619596
