0.01783209187197508 23046.542414026975
0.030213835030787027 17697.829863793853
0.04297487357678423 11917.468544347174
0.05577583798436834 10967.521914856592
0.0688286341250056 10306.329798604676
0.08110696464570513 6890.423809458359
0.09370674553631782 6225.306586072993
0.10636019509318807 4508.32918676906
0.11912643058557981 4460.163911527166
0.13176693543452678 3773.91807869198
0.1441979692451038 3490.863542953667
0.1568458002803936 2905.619921848136
0.16972024869412158 2680.441177567537
0.18227245710657147 2497.908769999398
0.19477416222977578 2450.8541998413034
0.20733408359476727 2035.1669902961078
0.21991992144750186 1944.0126020940766
0.2325364628380138 1740.4937090424107
0.24518505143884126 1669.1520352424604
0.2578378507460678 1498.4537510107139
0.27039766737784804 1427.4335840295732
0.2829104411759611 1351.9878347799377
0.2955705379804194 1257.3736284632607
0.3081399642793133 1203.510064698547
0.3207216073146964 1131.8251542944402
0.33341168081967926 1062.0724998037717
0.34607587720379845 1026.670555111782
0.35861285762440404 1006.4499723055541
0.3711536269502749 954.1969382221638
0.3836672702512416 918.3353652214676
0.39630714272578893 853.9762226389521
0.4089399593153135 840.204774329603
0.42156349890919886 803.5674591551088
0.4341807950257221 764.4062469880982
0.44676205768024085 730.3956188187285
0.4593692028514975 698.3882427865752
0.4718965482805632 679.9561033805436
0.48447350382182564 660.1194290283983
0.4970859006058849 643.0471736514322
0.5096361353798304 615.5042139571259
0.5222277017157833 587.8092287769625
0.5348355227589757 578.1780425704316
0.547492003978863 558.0671837359303
0.5601365361534097 543.6749192893668
0.5727270239485912 520.6540244275336
0.5852520646971245 512.7667577217723
0.5977898476833515 494.73749124553007
0.6103996074847261 484.9240418045916
0.6230020924267481 457.9445157210583
0.6356030860286804 446.173458714944
0.648230198028247 440.2906174368317
0.6608495463994352 422.18720207860275
0.6734744173919003 412.30249479999793
0.6860022567240319 403.2270112247318
0.6985809637891283 394.5886021333517
0.7111908491771054 374.88135298090253
0.7237149565943751 371.641664742998
0.7363081577644098 360.5933624603103
0.748907480511886 352.03718144218504
0.7615319556341421 336.9857131846873
0.774132305084793 330.5883358067959
0.7866754473434154 320.34279585058147
0.7993235825500574 308.54354136246957
0.8119084864763929 299.5540130899346
0.8245003008650997 289.59383208430694
0.8371030476789448 283.86376113660793
0.8496433960979599 276.5274143243569
0.8622716392225006 267.62811337003853
0.8748814140551431 258.2980552419358
0.8874320306379425 253.98363392493738
0.8999827699152804 242.82607086088373
0.912561859838376 236.22026061294838
0.925229231456028 232.08112637107877
0.9378544149867132 225.99087201594284
0.9504457821018788 220.64334996137006
0.9630431388995899 211.92413311037177
0.9755988646043396 204.9812016267898
0.9881575396632243 200.03709687168612
1.0007426245805036 194.28763145185826
1.0132961828208342 189.53721769875256
1.0258723107356649 183.92656795923955
1.038536031126189 177.0830341248194
1.051151951320789 174.34307956262194
1.0637085884787174 168.04059295345854
1.076294990202563 162.08046784315056
1.088919425178859 158.86107628817638
1.1015128135865726 152.94894306772485
1.1140372123598785 149.55078824751902
1.1266438572582165 144.14729498059896
1.1392985127936937 139.91561399128432
1.1518802725229773 136.62195589198356
1.164452528510977 131.8978752559489
1.1770445539533554 127.76079257227313
1.1896240437944754 123.75798736458734
1.2022063409730104 120.32308965948768
1.2147708906645507 116.89995361019561
1.227352131263771 112.4682239424179
1.2399769911738894 110.24903111458289
1.252566722009596 106.3203744956878
1.265133219808419 103.41881725539376
1.277751659055476 100.36392324867043
1.2903456750126385 97.75497199269086
1.3029343638221462 94.42972332346756
1.315537692904695 91.87574631964804
1.32811747148192 88.61010168102642
1.3407038618127132 85.87490544937681
1.353303995632367 83.77212773390703
1.3658801979009867 80.70023769122518
1.3784547377611056 78.71619150905812
1.3910282284727549 76.130994424791
1.403617608863439 74.62354158427625
1.4162307266845844 72.39235561382102
1.4288327238231335 69.67039122013409
1.4414357605605095 67.2256969899129
1.4540420662985851 65.62142599148159
1.4666290001310311 63.95302939350556
1.4792232339276128 62.0671140927114
1.4917979405670947 60.28075402956084
1.5043420725912249 58.747682219884204
1.5169427293249773 57.44979236815733
1.5295424653470193 55.95364140791317
1.5421299704605853 54.12680834959436
1.5547395520031342 52.5386413584932
1.5673496087201662 51.13592837733003
1.5799699879730187 50.29855496698549
1.5925093854124464 49.07772435503272
1.6050513674379872 47.73206334562753
1.6176486600174496 46.412816229148056
1.6302445001949681 44.86407022729379
1.6428527694112252 43.412963418273925
1.655432221639465 41.82067564950901
1.6680440255859161 40.269456248936685
1.6806789206890502 38.95998869377968
1.6932331315939058 37.43977360054288
1.7057845975195427 36.11321478338484
1.7183896309732547 35.14953572027754
1.7309874185440828 33.77637842057297
1.7435623448937705 32.66821866464283
1.7561426634640527 31.792186662085975
1.7687458921757953 30.5659472032342
1.7813334782050358 29.400398029658763
1.7938985526958406 28.264031136222552
1.8064980806819773 27.397921375581763
1.819094536369057 26.66653048747058
1.8316935397102931 25.755439659944305
1.8442938066535475 24.759568629527735
1.8568876791935933 23.898442160661144
1.8694996979258096 23.080776934510475
1.8820874678435398 22.25395655424373
1.8946480071290934 21.579924840119276
1.9072244238241325 20.881780647471906
1.9197955083167129 20.2554043310859
1.932407719039261 19.422676989638326
1.9450267994293648 18.91596901917559
1.9575901294987013 18.25945473918891
1.9701677233625443 17.7389766662362
1.9827403283412874 17.126984058644624
1.9953314743596566 16.47803499633368
2.0079478346643795 16.125966651035974
2.020502275436274 15.385203928938683
2.0330913752296618 14.925103159340544
2.045722350451925 14.47724705557275
2.058276346288371 14.169644854532718
2.0708699090952516 13.696138518843654
2.083519949911578 13.292398867108917
2.096097125641412 12.818890821795751
2.1086272060888436 12.424946749249706
2.1211870915125544 12.060490205583015
2.1338231323869707 11.68919151675933
2.1464102873771296 11.434143068054224
2.158963563085569 11.018779485099273
2.171572232546315 10.731916746527123
2.184206232503585 10.346890378037347
2.1967582541876514 10.058974212869355
2.2093298486834185 9.75888919642437
2.221925909239815 9.48140750540718
2.234489591332655 9.168916075294803
2.247040534594892 8.778722839658865
2.259624100314446 8.568289169046873
2.272229531496594 8.144541147624848
2.2848348222229338 7.7436564105369134
2.2974000386780027 7.457049508668707
2.309967779970987 7.127514180378072
2.322578483572143 6.96936308352755
2.335159521230424 6.641417075626558
2.3476935649900077 6.367968628663186
2.3603433164871666 6.09937345006524
2.3730332994737737 5.903740469033787
2.3855678635589856 5.716424820619465
2.3980601433668673 5.52465290346667
2.410778968531113 5.38708666850867
2.42345310994378 5.162443699526641
2.4358311952097282 4.9690031871402685
2.448470944043593 4.8737500631179556
2.4612848053934617 4.747797435997398
2.4737948804239793 4.459952514176831
2.4861107686591386 4.471407083772861
2.498755511659815 4.337461188139307
2.5115847832453375 4.1258758236031925
2.524093324138896 4.009557508547006
2.536562701110759 4.076042276188649
2.5493077516226528 3.842028251094388
2.5619784398313157 3.8654781120032116
2.574212755798346 3.60321195776544
2.586731940134889 3.5559800117394746
2.5998869040801815 3.4591767389080097
2.612601991730716 3.559323029407863
2.624168567409622 3.5082346365463386
2.6366174310925157 3.418821803245071
2.650287847625165 3.2890417104918233
2.6633415931334254 3.3143783888841796
2.674176912131971 3.3059002335762564
2.6865492607137433 3.201729857264115
2.700777045101045 3.142189822603417
2.7145884416410206 2.8600371028796645
2.724874641447346 2.9017963500252235
2.7364378284531163 2.818013932279608
2.750681750700194 2.7324004977606813
2.7647976990558103 3.694111298874148
2.776632163410773 5.252332899675334
2.7856940556078054 1.271088595038425
