0.017832091871975105 22860.354834244932
0.03021383503078707 17675.259194478815
0.04297487357678429 11952.471770335427
0.055775837984368415 11004.49751407592
0.0688286341250057 10343.595867582155
0.08110696464570524 6936.427191439402
0.09370674553631794 6276.020266992708
0.10636019509318823 4540.8860629152005
0.11912643058557998 4481.8342599891685
0.13176693543452694 3792.624888380073
0.144197969245104 3510.137777637066
0.15684580028039383 2917.502122869941
0.16972024869412183 2684.631815214233
0.18227245710657172 2494.8344546274084
0.19477416222977606 2445.1419263375287
0.20733408359476757 2027.4954881274875
0.21991992144750216 1933.072954354746
0.23253646283801413 1727.9361086644176
0.2451850514388416 1653.0477601274717
0.25783785074606813 1481.5361498061686
0.27039766737784837 1409.6448798711376
0.2829104411759615 1332.8940109989198
0.29557053798041977 1236.3735189695706
0.30813996427931367 1182.64397073283
0.32072160731469684 1110.678881651806
0.33341168081967976 1040.2231797647294
0.34607587720379895 1003.1447190000813
0.35861285762440454 980.6498144322103
0.3711536269502754 929.7466679346895
0.3836672702512421 893.0123945463582
0.3963071427257895 829.4373031481958
0.40893995931531407 815.2144046876588
0.4215634989091994 778.709723968651
0.4341807950257227 740.063338148009
0.44676205768024146 706.0768838696818
0.4593692028514982 673.7263620584321
0.4718965482805639 655.5616060013128
0.4844735038218263 635.7818188309234
0.49708590060588564 619.0087617920018
0.5096361353798311 591.5564502291917
0.5222277017157839 564.053961890283
0.5348355227589765 553.7721622681642
0.5474920039788638 534.4042801875048
0.5601365361534105 519.7335273327391
0.5727270239485921 497.58960811107715
0.5852520646971253 489.33517380584743
0.5977898476833523 471.5090797481462
0.610399607484727 461.51516443517187
0.6230020924267489 435.71309810700376
0.6356030860286813 423.84594763997734
0.6482301980282479 418.37350168778585
0.660849546399436 400.4218839286821
0.6734744173919012 390.97600413338915
0.6860022567240328 381.9120970851894
0.6985809637891292 373.59140567425396
0.7111908491771064 354.1887206430484
0.7237149565943761 351.0415406323944
0.7363081577644108 340.5092088483409
0.748907480511887 331.678224946941
0.7615319556341431 317.62233497884455
0.774132305084794 311.25400380019437
0.7866754473434165 301.3678930390292
0.7993235825500585 290.5149373121795
0.8119084864763941 281.82969343098284
0.8245003008651008 272.35168147355887
0.8371030476789459 266.6600949093921
0.849643396097961 259.4121901480407
0.8622716392225017 251.11795821303187
0.8748814140551443 242.15283820162017
0.8874320306379437 237.84930453628823
0.8999827699152816 227.7359512385061
0.9125618598383772 221.28918991923405
0.9252292314560292 217.33207449369428
0.9378544149867144 211.45217259442748
0.9504457821018801 206.4221870438557
0.9630431388995911 198.01262249117738
0.975598864604341 191.58470111918663
0.9881575396632256 186.87099943195167
1.0007426245805051 181.4645842751417
1.0132961828208356 177.00411164322867
1.0258723107356664 171.82610363728892
1.0385360311261906 165.13510757156934
1.0511519513207905 162.3728580530904
1.063708588478719 156.51577720994885
1.0762949902025645 150.9735491288656
1.0889194251788605 147.79220637800887
1.1015128135865742 142.33931814121811
1.11403721235988 139.04984415621612
1.126643857258218 134.11671918990513
1.1392985127936952 130.1767895639813
1.1518802725229789 127.01653403237064
1.1644525285109786 122.63029405139707
1.177044553953357 118.60401786198246
1.189624043794477 114.9804450135523
1.202206340973012 111.78461662425232
1.2147708906645522 108.62553760224061
1.2273521312637725 104.44483734762062
1.2399769911738912 102.25638631355936
1.2525667220095977 98.58505018721463
1.2651332198084209 95.97463077041965
1.2777516590554778 93.00411347492748
1.2903456750126403 90.49552594391785
1.302934363822148 87.4369970434388
1.3155376929046967 85.09241104200427
1.3281174714819217 82.01299460892221
1.340703861812715 79.57122595606356
1.3533039956323687 77.47742993608003
1.3658801979009887 74.63795515367379
1.3784547377611076 72.76895492778242
1.3910282284727569 70.45985493610833
1.403617608863441 68.95868115736634
1.4162307266845864 66.92759421900125
1.4288327238231355 64.39220023629785
1.4414357605605115 62.09723263652674
1.4540420662985871 60.6300070810704
1.4666290001310331 59.0709473312273
1.4792232339276148 57.31710963838508
1.4917979405670967 55.73348663803932
1.5043420725912269 54.22302191045881
1.5169427293249793 53.009623493868254
1.5295424653470215 51.579592942910175
1.5421299704605875 49.94306422052604
1.5547395520031364 48.417952557015205
1.5673496087201684 47.14638214865829
1.579969987973021 46.40091978502111
1.5925093854124486 45.25331184877376
1.6050513674379894 44.044861667688274
1.6176486600174518 42.79059665956757
1.6302445001949704 41.32595723856753
1.6428527694112274 39.983612898951115
1.6554322216394672 38.51021826507354
1.6680440255859186 37.05823481346481
1.6806789206890527 35.81779071181989
1.6932331315939082 34.467231959810334
1.7057845975195451 33.22557521085233
1.7183896309732571 32.27183550492807
1.7309874185440852 31.05471250186481
1.743562344893773 30.031009220980756
1.7561426634640551 29.203555337857985
1.7687458921757977 28.073893489283325
1.7813334782050383 26.980723107169208
1.793898552695843 25.948514298314837
1.8064980806819797 25.120275323490752
1.8190945363690594 24.45702685611942
1.8316935397102958 23.60789512707785
1.84429380665355 22.72007895639011
1.856887679193596 21.903314222384008
1.869499697925812 21.15927012636897
1.8820874678435422 20.419351160395216
1.894648007129096 19.776854709717007
1.9072244238241352 19.13510916465596
1.9197955083167153 18.555831133085395
1.9324077190392637 17.809608708440823
1.9450267994293677 17.331671012459196
1.957590129498704 16.724216160315326
1.970167723362547 16.234389362922418
1.9827403283412903 15.671554852953712
1.9953314743596595 15.103634732655777
2.0079478346643826 14.7703063962126
2.0205022754362765 14.084998143703416
2.0330913752296644 13.65707751743226
2.045722350451928 13.2368346379546
2.0582763462883737 12.961733740239081
2.0708699090952543 12.547049089712228
2.083519949911581 12.126082042162912
2.0960971256414145 11.708785397950539
2.1086272060888467 11.355989325212406
2.1211870915125575 11.011465409872002
2.1338231323869734 10.696117457201487
2.1464102873771327 10.464059882954105
2.158963563085572 10.088968572754075
2.1715722325463176 9.81942323305582
2.184206232503588 9.457587601994762
2.196758254187654 9.215710607012612
2.2093298486834216 8.931539794774196
2.221925909239818 8.654566178470082
2.234489591332658 8.39198336896349
2.247040534594895 8.038364142667696
2.2596241003144493 7.863743169888943
2.2722295314965972 7.434053756083103
2.284834822222937 7.035902192103499
2.297400038678006 6.840152792105339
2.30996777997099 6.518901994663812
2.3225784835721464 6.361872733824025
2.3351595212304272 6.059755488519284
2.347693564990011 5.822507128721184
2.3603433164871697 5.594869488124365
2.3730332994737773 5.388258429022807
2.3855678635589888 5.248148435447058
2.3980601433668705 5.057157659437911
2.4107789685311167 4.913728808721549
2.4234531099437833 4.737304282067987
2.4358311952097313 4.534928708776334
2.4484709440435966 4.457943724907931
2.461284805393465 4.344156254379654
2.4737948804239824 4.084343739783868
2.4861107686591417 4.116576286834952
2.4987555116598186 3.9551392744820655
2.511584783245341 3.7744110968707556
2.5240933241388994 3.6659185076915066
2.5365627011107628 3.743070164756306
2.5493077516226563 3.5491959573075835
2.561978439831319 3.510276514936495
2.5742127557983494 3.29786504629372
2.5867319401348925 3.2754510458857093
2.599886904080185 3.1809901793241377
2.6126019917307195 3.246553345707288
2.6241685674096256 3.266716280599622
2.6366174310925192 3.154699029124394
2.6502878476251683 3.0242344065047626
2.6633415931334294 3.0436921078232113
2.6741769121319745 3.0956862063959996
2.686549260713747 2.9304026031588437
2.700777045101049 2.9397349015155325
2.7145884416410246 2.679857636422442
2.72487464144735 2.622838274109528
2.7364378284531203 2.776563799197637
2.750681750700198 2.4774993190743526
2.7647976990558143 3.3690192129137375
2.7766321634107767 4.45910076038785
2.785694055607809 0.9710521246277491
