0.011111302226268795 27.46853581384441
0.018826453724664342 9.035463638087586
0.02677794685422143 6.948039641429209
0.03475431806975526 4.236376070890641
0.04288760741448046 3.8543287004537934
0.05053832176863446 4.030652812370066
0.05838933411567086 3.4283356497360153
0.06627378778721085 3.6608570684266515
0.07422851917072368 3.796043589114476
0.08210490690344958 4.125429639743185
0.0898507717546376 3.881576154687892
0.09773172448574988 3.780832231606378
0.10575388410384039 3.7532657399511273
0.11357525370417525 3.8904877640035305
0.12136515434875006 3.8071181923763677
0.12919132994421786 3.7718576417080927
0.1370336542860035 3.7986787181457577
0.14489511021874935 3.7439580230669045
0.15277653499429172 3.844804512178808
0.1606605834906921 3.7634884657040866
0.1684866938261572 3.7437540424484053
0.17628349144014194 3.692450192955726
0.18417208705854118 3.8469919983813203
0.19200418524536778 3.875943883242877
0.19984389576687306 3.8979174997039125
0.20775117007881352 3.8818337083862056
0.2156423201742164 3.8952696516271783
0.22345420110542055 3.9179362164939096
0.23126844293022103 3.734903492452887
0.23906578233756698 3.803988830352139
0.24694177603334397 3.8763337644993046
0.2548133731573937 3.8220852636161955
0.26267918972002424 3.8696546955289604
0.2705411159278713 3.811984818925177
0.2783805894313769 3.756553355983025
0.2862361905136274 3.801263080157524
0.2940420678136415 3.8230490667592005
0.30187885752449634 3.8766064387213066
0.3097377309237271 3.7770665654253186
0.31755787073598857 3.7660800743630634
0.325403764536074 3.891104708114013
0.3332597867588951 3.816916852045415
0.3411461294810452 3.8737101127923568
0.34902502666875956 3.7769418396664247
0.3568702484224828 3.8112563311570793
0.36467468965980077 3.8520476592754176
0.3724870706753047 3.8460759788501706
0.38034430095202426 3.8064361380678844
0.38819699821256715 3.8328764850510235
0.39604876620858087 3.8819231742609523
0.4039168087623897 3.8707485160200035
0.4117800137445943 3.8463972648635636
0.41964665991107103 3.848916388626179
0.4274528449655693 3.8624346521523996
0.4352907260632797 3.79863071026215
0.4431480345938972 3.8379810501473366
0.4509518942659215 3.8134424646846847
0.4587988067426549 3.8448350196702705
0.46664953361747136 3.7603501514477817
0.4745159331144286 3.816890226404039
0.4823672997352352 3.8057592060369823
0.49018302015117093 3.834134002690992
0.4980641624135983 3.8229542268588355
0.5059059048192571 3.8522337405441345
0.5137519531827632 3.810025835823963
0.5216048136174862 3.865381724644851
0.5294187931722559 3.8696289496220126
0.5372875405380148 3.8034983732496404
0.5451447801808234 3.7956298386064824
0.5529651579008749 3.8212592490583117
0.5607856120727587 3.843348988941427
0.568623731731989 3.8280105018869572
0.576516860337803 3.829168492627093
0.5843837012490493 3.8465095975540886
0.592229470913257 3.838093285803934
0.6000789727909077 3.82033394729682
0.6079025340408842 3.813065513011197
0.6157279330542259 3.8506267465366895
0.6235697882366185 3.820919852744961
0.631391998924227 3.8420230904944424
0.6392282729352146 3.8570693538327765
0.6471191264356508 3.855162941251972
0.6549801952968423 3.8453944791936308
0.6628043244797235 3.837748693730173
0.6706470001735756 3.8503179742443283
0.6785133746553019 3.8489284466773177
0.6863604038011538 3.8193944151853594
0.6941644450191794 3.819003411632659
0.7020197343778455 3.8606782871175263
0.709904939503162 3.847455585487321
0.7177447227374597 3.8431002037188713
0.7255785841235278 3.803725547176147
0.7334247639960654 3.8441977474206013
0.7412631328470374 3.8527401552731684
0.7491032509697547 3.8422470731722056
0.7569323105081415 3.846365063816815
0.7647717702688351 3.8280127847246193
0.7726384095298235 3.835598974398177
0.7804831596167586 3.855171739422206
0.7883134330345346 3.8020399023329916
0.7961760715350804 3.8460761095207783
0.8040234917114204 3.852615661147055
0.8118675925044808 3.825584242374897
0.8197208157549402 3.841054780489237
0.8275593645194159 3.8260443660672023
0.8354020331141769 3.8259662226047335
0.8432532653737882 3.8587564520463773
0.8510895857151461 3.8419318685443424
0.8589248701980412 3.848505844738817
0.8667595009491245 3.863310835481117
0.8746040326712942 3.8528260471400406
0.8824633553538193 3.8234571603132497
0.8903157486605773 3.8369953287355325
0.8981687897486975 3.8195204662267956
0.9060238677742118 3.8567770846084004
0.9138668750286864 3.853664802769777
0.9217144309423048 3.8531787323166626
0.9295498193465973 3.850126399167199
0.9373661564924024 3.84270089214419
0.945217714583477 3.8486599841645375
0.9530686989725906 3.851059363597424
0.9609120621963605 3.8184161043356606
0.9687691813987485 3.849716873709265
0.9766265966857085 3.854541537834719
0.9844904440175496 3.8636363351139043
0.9923038310102306 3.851546576533932
1.0001188284767493 3.8459736241378706
1.0079685889315648 3.8713770449753855
1.0158174081976068 3.8424174986476207
1.0236734793090092 3.838044648785323
1.03151408471755 3.84744175197247
1.03937276810159 3.866491829881337
1.0472461596277374 3.8631229939598186
1.0550712451749873 3.852038237457591
1.0628929469280477 3.865415948899088
1.0707480049664793 3.8625234996977524
1.0785961733229146 3.863692456119273
1.086434360489187 3.87258076094809
1.0942753046382976 3.878042001844105
1.1021237931335017 3.8884954227510913
1.1099680513816323 3.880621027698661
1.1178026441207198 3.882308899100189
1.1256523183557157 3.8735461507940507
1.1335025584002512 3.868839609209663
1.1413570398619117 3.889307313563638
1.149208516553101 3.871146091472752
1.1570496163864992 3.890465680269719
1.1649014764570986 3.8833923784707003
1.1727598045811733 3.878179305387458
1.1805890969036998 3.8888198429271097
1.1884154156872564 3.884413762814423
1.1962502279480087 3.9010118874813724
1.2041080693222819 3.8997224292104438
1.2119742755823582 3.917411754575192
1.219805579263689 3.8906227523007324
1.2276390581052727 3.917625639611468
1.2354730125909248 3.905379490696232
1.2433244766168017 3.9259023189550644
1.251178337230301 3.914994854491067
1.2590047730949987 3.9083148901557
1.2668570655151652 3.920363172351852
1.2747206957908133 3.9164682364821544
1.282563125595066 3.9219480182588065
1.2904102703502889 3.92564573784878
1.2982613779276189 3.925541917619559
1.30610130140872 3.9346260248070855
1.3139375346863487 3.933196861405284
1.3217747742301595 3.935974691230181
1.3296199550216927 3.938131240656943
1.3374761426395823 3.955523429920358
1.345325871690272 3.9505097131343447
1.3531674854511742 3.981153476405824
1.3610121360506582 3.9720830265153455
1.3688548367989943 3.9744224681389726
1.3767098030322236 3.970715080681353
1.3845528452761198 3.9747288656619095
1.392371498268223 3.978487779782198
1.4002080277967033 3.993136474771984
1.4080617206830754 3.987870026997335
1.4159235696359744 4.006651980009189
1.423757349731693 4.007999519201325
1.4315919209946988 3.996041033233332
1.4394615779210875 4.003069478329544
1.44731033612841 4.015110315224257
1.4551507559994563 4.034594885696195
1.4629968431536795 4.030898921202234
1.4708554225925243 4.046803990909966
1.478696345296083 4.0398723848331315
1.486520750402843 4.041183680818121
1.494358362870166 4.060853166556747
1.5022107102480966 4.070467109639698
1.5100579369417853 4.074113587356207
1.5178949140391966 4.073306686168626
1.5257428723714386 4.083042377607039
1.5335970836900186 4.10321524027014
1.5414531783941994 4.082184072691195
1.5492804208079365 4.114269398380549
1.5571118224719973 4.1269958038421715
1.5649657333218792 4.1361335738099845
1.5728119922585087 4.128292529193484
1.5806553787157551 4.144898525991732
1.588501204900925 4.16682630053923
1.5963516770984394 4.1641447863179675
1.604195366494328 4.185645585624859
1.6120470429388458 4.190870354414679
1.6199005611549537 4.197171481639664
1.6277363434334222 4.1999815405004
1.6355713707029829 4.194360597974705
1.6434171711630434 4.220611498378162
1.6512644548048974 4.241993639459098
1.6591035224800526 4.249495253286286
1.6669433148062585 4.253901567149817
1.674803581238842 4.272593264691474
1.6826571566837472 4.288937938674098
1.6904862231447837 4.308282013952375
1.6983281464315214 4.3165999155989905
1.7061726389757808 4.326219299901496
1.7140205460297904 4.340471605573206
1.721866033996029 4.34998212166031
1.7296994360895246 4.371934280784353
1.7375514158439367 4.397188613690809
1.7453993206448037 4.398900399613877
1.753244256173206 4.430644101255301
1.761093516676905 4.427977984613928
1.7689379803840215 4.464220111505698
1.7767790600976134 4.480601268247716
1.7846192413043889 4.502685712664094
1.792471279224824 4.5280519525450975
1.80032466464843 4.542186625822786
1.8081610030710689 4.551773302073998
1.8160000071086926 4.572379879615607
1.8238493601320944 4.601415766610022
1.8317038009268007 4.60260135640966
1.8395476284978811 4.648502645570435
1.8473846039242008 4.663301960009636
1.855232969599355 4.686624977604217
1.8630704567475325 4.724128638844488
1.870897198529408 4.741156460378219
1.8787419464084312 4.770355963156121
1.8865953816437422 4.795814098020715
1.8944430777814412 4.829068846777668
1.902292388111078 4.8527257858134005
1.9101448556295215 4.863797761759132
1.9180006647274566 4.899845923304268
1.9258419919282213 4.930695119665555
1.9336742080408211 4.971837490812619
1.9415262285296968 4.990549046786648
1.9493721918049358 5.04361215971613
1.9572025998513982 5.0671766950107315
1.9650489641530202 5.09672879435889
1.9729019099508176 5.149015245430296
1.9807448681294864 5.161431682154287
1.988578802848885 5.215009632645629
1.9964274716281385 5.242692393335075
2.0042877242335706 5.294447179444837
2.0121254180925114 5.323407134013672
2.01996282262491 5.328858835278803
2.0278103902871463 5.346133430967056
2.0356527531784607 5.365441402821484
2.043498606257772 5.383013120212885
2.051341618413472 5.375939623813046
2.0591797001083196 5.411629116484046
2.0670255545802987 5.394367784524948
2.0748737304686498 5.416654618360899
2.082726821250585 5.435856843424375
2.090569121420763 5.43936097614138
2.098399564925833 5.463667426692521
2.106253660329383 5.510216891626093
2.1141134463877758 5.489092204054883
2.121945560037977 5.511023151184644
2.129787647012304 5.5427402173910245
2.1376406963334786 5.541754566539962
2.1454859190351097 5.559685405301615
2.153330391111344 5.597481178175925
2.161166636414983 5.601047055470433
2.169021572410293 5.620536059573276
2.176862150992345 5.641827923715328
2.1846899484962075 5.644841379967367
2.1925396769902488 5.685302586552629
2.2003894884484474 5.6777234052192345
2.208233838341525 5.718527986022984
2.2160784460837144 5.728825462692745
2.2239276780509636 5.750373562441277
2.2317709830607217 5.774244745668402
2.239613562302839 5.794844589486162
2.24745474914274 5.820103945061293
2.255299385272429 5.853802480681792
2.2631445310474243 5.87579728274028
2.270984084232587 5.895418629442629
2.2788308122534584 5.920939183425813
2.286677934327635 5.9449128054815
2.2945269784695284 5.970474838051212
2.302375141612655 6.001812953440767
2.310216410778126 6.032951593550011
2.3180618363046697 6.043535969851872
2.3259060479203852 6.0955619602758455
2.3337447647598424 6.1142222346359905
2.34159261235248 6.12378014624028
2.349442229202726 6.169597023958327
2.3572863982725085 6.211579165018128
2.365120346787679 6.232660947847934
2.3729678940337884 6.252537454217201
2.3808214897454536 6.283710916683294
2.388654497821638 6.342996380763661
2.396495171714009 6.365772320849234
2.404345649787604 6.377015041357756
2.412204784178756 6.449658762968026
2.420040192555579 6.482774527497421
2.427865329996784 6.4977472849353894
2.435716687001609 6.555881999889105
2.443571393828707 6.578032385893739
2.4514207495511737 6.609808977116827
2.4592616949105275 6.67151752737271
2.4671098983233755 6.749117641256052
2.4749645646219784 6.763984288685075
2.4828041115395587 6.799177113730554
2.4906400295869475 6.849053545725817
2.498487063471149 6.877196756219242
2.506327191199179 6.922402886919225
2.514161095085391 6.988148153673177
2.522006567218285 7.0583417055508955
2.529863414138146 7.070427082522102
2.537708191700848 7.097345925048805
2.5455409087013727 7.20621689613171
2.553386423254057 7.230859917059104
2.5612419770978248 7.3138028003006985
2.5690913495892165 7.340152806016285
2.5769328010221075 7.4287065160299885
2.5847838403182064 7.433652588936596
2.5926393911209322 7.525297994450261
2.600466963069165 7.596405212035593
2.608293066479815 7.6189363709070355
2.616152083254934 7.698018388530234
2.623999903955676 7.776632957113486
2.6318276808918406 7.846032800654964
2.639672156245514 7.906120041236659
2.647515420170951 7.970078607878967
2.6553596427654296 8.063679314088086
2.6632077236427296 8.150000608915457
2.6710651258305798 8.159274125641428
2.678917361885171 8.246660037425855
2.686743652481787 8.315176443071786
2.694587345336239 8.372514577818771
2.702440665218655 8.508427520253822
2.7102896651475112 8.57485324448382
2.7181327649562936 8.628948674337082
2.7259704321096567 8.710784063437798
2.7338083188235167 8.739824743625052
2.7416534833383475 8.856531493485834
2.7494929939134827 8.922336840367377
2.7573352329187526 9.01002686853723
2.7651948906767294 9.114275420980603
2.7730381553572876 9.156035460662954
2.7808567119393444 9.215279559209318
2.7887095988272197 9.2877172403586
2.7965763022723715 9.275120720841077
2.804407030434629 9.398394350137679
2.8122479682383266 9.444415100976762
2.8200871966183194 9.449129132589531
2.8279251426027296 9.4996833090489
2.8357484948641813 9.53244985958186
2.84359640784956 9.49367683022602
2.851472737483957 9.503101843672198
2.8593030340427954 9.642906598361648
2.8671481316236545 9.677268540904377
2.875013945422595 9.70144558900919
2.8828540109670047 9.748870827811396
2.890686522140932 9.74709346412622
2.8985248787570432 9.906956815735926
2.906379195315388 9.908812896870394
2.9142193330977086 10.017675049445172
2.9220399210923316 10.100599459641657
2.929890225221681 10.241482025793998
2.9377510904384163 10.134502334798825
2.945599984846712 10.282141142695972
2.9534206375454906 10.3796767964161
2.961251186169633 10.49639132041259
2.9691356814231185 10.59288085737198
2.976985308128543 10.67767490216115
2.984806594202899 10.775711208068556
2.992666666660057 10.865380583228326
3.0005515271713827 10.973377971920595
3.008379099974525 11.135203608888544
3.0161919434714854 11.05266866619078
3.0240738641584315 11.300360821411333
3.0319222565911135 11.35866650569362
3.0397225943670123 11.618331894127024
3.0475787812664556 11.63923114552016
3.0554803202013003 11.805998005462298
3.0633086570444727 11.92110614927709
3.071088030398693 12.135805158740268
3.0789651335582073 12.169217369004269
3.0868370873884903 12.36625235941472
3.0946393393514273 12.336263955948798
3.102468459513171 12.631527362600453
3.110344711280071 12.80741939067497
3.1182259949354503 12.864898607294288
3.1260272100712774 13.011370574878207
3.133826239318484 13.234538625347344
3.141738929088731 13.645956552708087
3.1496155318098067 13.596730781773976
3.1573752398628603 13.811833993370938
3.165219427570659 14.033590502895029
3.1731575421721683 14.235718291507425
3.180998921663627 14.455279869396017
3.188732359421529 14.81110661673098
3.196607960578254 14.920383923243184
3.2045835722126093 15.034329056690908
3.2123539266322862 15.317942690250126
3.220051013372251 15.678391153561867
3.2279952540447154 16.033751175288355
3.2359541373941365 16.35288143546584
3.243706301625857 16.54636114854275
3.2514943130832448 16.846833237490216
3.2594564908712877 17.141988545073698
3.267270094637545 17.6760758659689
3.2748556879932353 17.784654435418183
3.2828324088277423 17.88480592942421
3.2909640185080926 18.208847023505186
3.2986039217269343 18.800228631601517
3.3061071322072193 19.507359599221452
3.314224265828964 19.30098352787562
3.322513531920143 20.498845209549174
3.330023158418041 20.569202324928792
3.3373840730719997 21.162046675964426
3.345675265813905 20.55846185007518
3.354084197084286 21.972810590462267
3.3612399462562745 22.13061546826212
3.3684392625992956 22.56347540516056
3.3770880273607706 21.824261278631433
3.3857381175715875 23.34761575296217
3.3923273108036236 24.57624769921884
3.3994295210237055 24.641105918423527
3.4083706098557163 26.090046514965515
3.417256814964663 25.104722446475428
3.4240273867494433 27.130884033689846
3.4307507627612988 26.03930534546516
3.4397023636872137 25.086658481901406
3.4486369674477997 29.814515292271757
3.455745296126515 27.245776121434943
3.461911935772234 33.77934793070003
3.470431563390381 44.334664166747096
3.4783471394019623 0.28628471613693995
