0.01783209187197514 22776.876351692423
0.030213835030787128 17576.08551711275
0.042974873576784374 11840.462130761953
0.05577583798436852 10850.34452997114
0.06882863412500584 10152.225616572945
0.0811069646457054 6775.875319527078
0.09370674553631812 6098.780133273693
0.10636019509318842 4391.200609518084
0.11912643058558021 4321.195409382334
0.13176693543452722 3647.7671469229467
0.14419796924510428 3366.015022739255
0.15684580028039413 2789.26222257147
0.16972024869412217 2560.6292870704583
0.18227245710657208 2375.9683021298306
0.19477416222977642 2326.8992685301555
0.20733408359476796 1924.1201301670515
0.2199199214475026 1831.924076388956
0.23253646283801457 1635.4984342956175
0.24518505143884206 1561.686674833874
0.25783785074606863 1399.4841723129946
0.2703976673778489 1329.2875299361344
0.28291044117596204 1255.135148709825
0.2955705379804203 1163.5110310678958
0.3081399642793143 1112.9526260729701
0.32072160731469745 1043.1842646127461
0.33341168081968037 976.9685533228771
0.3460758772037996 942.2552470867839
0.35861285762440526 920.6214372338089
0.3711536269502761 871.808263044474
0.38366727025124286 837.5812424822385
0.39630714272579026 776.5942955944007
0.40893995931531485 763.534933036274
0.42156349890920025 728.5421068097356
0.43418079502572354 692.2948095786098
0.44676205768024235 660.8582671523048
0.45936920285149907 630.0626894799922
0.47189654828056476 613.398815752205
0.48447350382182724 594.5327434528307
0.4970859006058866 577.9638203807189
0.5096361353798321 552.8916444201169
0.5222277017157849 527.1323281222243
0.5348355227589775 516.9428363112482
0.5474920039788649 499.0840177923466
0.5601365361534116 485.11048629343685
0.5727270239485932 465.2066277979462
0.5852520646971264 456.50968316179467
0.5977898476833535 439.8169955841248
0.6103996074847281 430.8093776655381
0.6230020924267501 406.71715965431827
0.6356030860286825 395.3835307693119
0.6482301980282492 390.00728541126733
0.6608495463994373 373.5023389321099
0.6734744173919025 364.5999247678115
0.6860022567240341 355.6085185802254
0.6985809637891305 348.2923964337504
0.7111908491771077 329.6868483403818
0.7237149565943776 327.05165954310525
0.7363081577644123 317.3277099012914
0.7489074805118885 309.48377091825483
0.7615319556341447 295.8501487401724
0.7741323050847956 290.32300141145055
0.786675447343418 280.60426853800243
0.7993235825500601 271.02285011953126
0.8119084864763957 262.41379047224217
0.8245003008651025 253.59825469577817
0.8371030476789476 248.62920476652113
0.8496433960979627 241.71722873201776
0.8622716392225034 234.0043566429642
0.874881414055146 225.54918547075988
0.8874320306379454 221.61428269396595
0.8999827699152834 212.27523014870323
0.912561859838379 206.3764748511923
0.925229231456031 202.58593237744253
0.9378544149867163 197.26128966341693
0.950445782101882 192.3414674137419
0.963043138899593 184.6227251916407
0.9755988646043429 178.60058177986494
0.9881575396632275 174.1629806300678
1.000742624580507 169.2842381812911
1.0132961828208376 165.12765946753316
1.0258723107356684 160.2711954617106
1.0385360311261926 154.14717216499392
1.0511519513207925 151.66030268532847
1.063708588478721 146.4306108345525
1.0762949902025665 140.993124512398
1.0889194251788625 137.97127599457616
1.1015128135865764 132.83610760561908
1.1140372123598823 129.9478825354433
1.1266438572582202 125.24291196706034
1.1392985127936974 121.67429666148185
1.151880272522981 118.47948554873368
1.164452528510981 114.48067177263344
1.1770445539533594 110.77160106421435
1.1896240437944792 107.57337794143123
1.2022063409730144 104.57253468891862
1.2147708906645547 101.58199472745005
1.227352131263775 97.66765467155578
1.2399769911738936 95.58237938976039
1.2525667220096002 92.21005850423307
1.2651332198084233 89.76785186436436
1.2777516590554803 87.08670050962233
1.290345675012643 84.68359046633873
1.3029343638221504 81.93889737060574
1.3155376929046994 79.77446090085581
1.3281174714819242 76.86017015264076
1.3407038618127176 74.6235973146281
1.3533039956323714 72.6667775984845
1.3658801979009914 69.95448504374471
1.3784547377611103 68.2466449079155
1.3910282284727595 66.14068594410047
1.4036176088634436 64.73941965375643
1.4162307266845893 62.82556153140149
1.4288327238231382 60.459530199338445
1.4414357605605144 58.411332095459954
1.4540420662985898 56.87616814288353
1.466629000131036 55.46969615177212
1.4792232339276177 53.92857675864055
1.4917979405670996 52.398355664551346
1.5043420725912298 51.015603084955224
1.5169427293249822 49.86427533691089
1.5295424653470244 48.51880662370882
1.5421299704605904 46.91055034382247
1.5547395520031393 45.56241512033668
1.5673496087201713 44.44794299559973
1.579969987973024 43.74787851498814
1.5925093854124517 42.659121127966216
1.6050513674379925 41.50056735674785
1.6176486600174549 40.27492826425769
1.6302445001949735 38.9319451538352
1.6428527694112305 37.675073368801776
1.6554322216394706 36.35268352354646
1.6680440255859217 34.95571900697645
1.6806789206890558 33.748419207662096
1.6932331315939115 32.55466220234622
1.7057845975195485 31.36865230215083
1.7183896309732605 30.46815537030923
1.7309874185440886 29.373905294507246
1.7435623448937763 28.358999977987743
1.7561426634640585 27.593340747319914
1.768745892175801 26.534767957933788
1.7813334782050418 25.520530917158716
1.7938985526958466 24.53186430565854
1.8064980806819833 23.757278842720456
1.819094536369063 23.151527434549127
1.8316935397102991 22.371016588402448
1.8442938066535535 21.494693353699176
1.8568876791935995 20.731960934418975
1.8694996979258158 20.048811817730883
1.882087467843546 19.367533195147875
1.8946480071290996 18.766678171914727
1.9072244238241387 18.14654614650507
1.919795508316719 17.573168826638497
1.9324077190392674 16.91427984171408
1.9450267994293713 16.426046694272024
1.9575901294987077 15.869306269679567
1.9701677233625507 15.385415701060616
1.982740328341294 14.871455847462006
1.9953314743596633 14.347619415606248
2.007947834664386 14.007366719548934
2.0205022754362805 13.375623467694297
2.0330913752296684 12.956744566939298
2.0457223504519315 12.573933847768716
2.0582763462883777 12.333607602372098
2.0708699090952583 11.917077548795545
2.083519949911585 11.533083965366211
2.0960971256414185 11.14341531360873
2.1086272060888507 10.819322942820305
2.1211870915125615 10.469071606860835
2.1338231323869774 10.1895529576831
2.1464102873771367 9.955731252548231
2.1589635630855764 9.581675674684393
2.171572232546322 9.31961305384197
2.184206232503592 9.006182985675297
2.1967582541876585 8.741028264498238
2.209329848683426 8.519180984653405
2.2219259092398222 8.27531103092784
2.234489591332662 8.01576727954951
2.2470405345948996 7.663355286669996
2.2596241003144533 7.496131324755444
2.2722295314966017 7.104674638542734
2.2848348222229413 6.736097622117245
2.2974000386780102 6.54151966962785
2.3099677799709943 6.238288637618004
2.322578483572151 6.042755996172736
2.3351595212304317 5.749767611210457
2.3476935649900152 5.556564065520008
2.360343316487174 5.300606666237115
2.3730332994737817 5.141524705440797
2.3855678635589936 5.023925186957673
2.3980601433668753 4.803605930546717
2.410778968531121 4.673546002115881
2.423453109943788 4.4904051738597115
2.4358311952097362 4.331435098733011
2.448470944043601 4.28227870820356
2.4612848053934697 4.18114833934926
2.4737948804239873 3.916367704880953
2.4861107686591466 3.9509665434196246
2.4987555116598235 3.804818091664597
2.511584783245346 3.6313638428432116
2.5240933241389043 3.5337574620251218
2.5365627011107676 3.5976009393805355
2.549307751622661 3.421960771118734
2.561978439831324 3.3972073955737394
2.5742127557983543 3.175597230008547
2.5867319401348974 3.126175908221738
2.59988690408019 3.0344177072351255
2.612601991730725 3.1511009664551524
2.624168567409631 3.151997237188823
2.636617431092524 2.996034857666013
2.6502878476251737 2.9561772815912004
2.6633415931334343 2.9403995605397357
2.67417691213198 2.976249437481934
2.686549260713752 2.8397826594481654
2.700777045101054 2.8154080923179285
2.71458844164103 2.592594198124088
2.724874641447355 2.432032587608013
2.736437828453125 2.6459331030403175
2.7506817507002035 2.494808837318039
2.7647976990558196 3.314679810514455
2.7766321634107825 4.621375903355725
2.7856940556078147 0.5854921047257194
