0.017832091871974987 22765.50286176796
0.030213835030786867 17598.008750289737
0.042974873576784006 11886.372101871659
0.05577583798436805 10914.692948724301
0.06882863412500524 10226.107482407488
0.0811069646457047 6827.275632705331
0.09370674553631733 6133.664659263883
0.10636019509318752 4403.361606194476
0.11912643058557919 4308.863658507379
0.13176693543452608 3611.2403677095763
0.14419796924510306 3299.15652621047
0.15684580028039277 2707.9138279967547
0.1697202486941207 2451.7271661257487
0.18227245710657053 2257.7983673338754
0.19477416222977476 2181.879557629587
0.20733408359476618 1784.188553489041
0.21991992144750072 1668.846757013107
0.23253646283801258 1466.2824047703662
0.24518505143883998 1384.771298724172
0.2578378507460664 1230.1506059183773
0.2703976673778466 1147.0089584105601
0.28291044117595965 1067.4124972348377
0.2955705379804178 979.2271735880798
0.3081399642793117 920.1443553319666
0.3207216073146947 855.985459011227
0.33341168081967754 788.3621934574005
0.3460758772037966 742.6885288947759
0.35861285762440215 718.001793328792
0.37115362695027293 675.3740102488255
0.3836672702512396 638.948108801783
0.3963071427257869 594.1093646423733
0.4089399593153114 569.319204086076
0.42156349890919664 541.4577251815223
0.4341807950257198 508.2751867707914
0.4467620576802385 485.07930223227453
0.45936920285149513 454.27141238182185
0.4718965482805607 439.9675029277437
0.4844735038218231 421.09754384433035
0.49708590060588237 409.85478860053735
0.5096361353798278 387.1075278420324
0.5222277017157805 364.49395747642234
0.534835522758973 357.75548943766097
0.5474920039788602 341.20533332466465
0.5601365361534069 330.1940958791728
0.5727270239485882 312.8767853376947
0.5852520646971214 306.4735643049651
0.5977898476833484 293.4714624988236
0.6103996074847229 284.47951562770106
0.6230020924267448 268.82255987262084
0.6356030860286771 258.13422032127846
0.6482301980282437 253.45510564846742
0.6608495463994316 241.78185450258047
0.6734744173918967 235.17359462899736
0.6860022567240283 228.34232091377856
0.6985809637891246 221.8778553676303
0.7111908491771016 210.29767958463188
0.7237149565943714 206.1770421472076
0.736308157764406 199.05049491427272
0.7489074805118822 192.39839127407515
0.7615319556341381 184.1369367926456
0.7741323050847889 179.30089152544997
0.7866754473434113 173.829141311146
0.7993235825500533 166.8995647998849
0.8119084864763887 161.67948565690497
0.8245003008650954 154.82259789206879
0.8371030476789404 151.23184693601874
0.8496433960979555 146.5408649601113
0.8622716392224961 142.1905584587641
0.8748814140551385 136.48225680570857
0.8874320306379379 132.46927833728887
0.8999827699152757 127.43252457976672
0.9125618598383712 123.30458126638754
0.9252292314560231 119.61904599479925
0.9378544149867083 116.64649750344962
0.9504457821018738 113.26168189714912
0.9630431388995848 108.71586031834799
0.9755988646043345 104.11322087117794
0.9881575396632191 101.86762608571898
1.0007426245804985 98.34951500510735
1.013296182820829 96.05973436508366
1.0258723107356595 92.81987656129431
1.0385360311261838 88.3107991927699
1.0511519513207837 86.83113798959262
1.0637085884787119 83.52929008473687
1.0762949902025574 80.41070563588347
1.0889194251788532 77.83443586245409
1.1015128135865668 75.4544430385207
1.1140372123598727 73.11606863902624
1.1266438572582107 70.74958874468165
1.1392985127936877 68.28085415794767
1.151880272522971 66.7034003709888
1.164452528510971 64.29696116859593
1.1770445539533492 61.66155637454366
1.1896240437944692 59.83431175339069
1.2022063409730042 57.89301443065939
1.2147708906645442 56.138142585313524
1.2273521312637645 54.02362084658392
1.239976991173883 52.77066840580407
1.2525667220095893 50.756210691923265
1.2651332198084124 49.009394189488994
1.2777516590554694 47.48107012365511
1.2903456750126319 45.971939575190106
1.3029343638221393 44.17545718256201
1.315537692904688 42.7431720952374
1.3281174714819128 41.24405209723076
1.340703861812706 40.03691335754402
1.3533039956323598 38.74654872345014
1.3658801979009796 37.408643387443725
1.3784547377610985 36.2449270872515
1.3910282284727475 35.21625902940091
1.4036176088634316 34.161415802717634
1.416230726684577 33.076148566366506
1.428832723823126 31.833527576378867
1.441435760560502 30.67710403518243
1.4540420662985776 29.771883299766234
1.4666290001310236 28.837773435410504
1.479223233927605 27.968780963804694
1.491797940567087 27.227427876831374
1.504342072591217 26.313389030396046
1.5169427293249693 25.79971149685092
1.5295424653470113 24.890702502136172
1.5421299704605773 24.244659460386046
1.5547395520031262 23.373120026465024
1.567349608720158 22.765607038723434
1.5799699879730105 22.270608237213903
1.5925093854124381 21.555816993385907
1.6050513674379787 21.04385278786176
1.6176486600174411 20.41049655220478
1.6302445001949597 19.665650400764243
1.6428527694112165 18.88352654175519
1.6554322216394564 18.2365679359742
1.6680440255859075 17.467144398992456
1.6806789206890413 16.8187193577873
1.6932331315938969 16.22813739972969
1.7057845975195338 15.60827690988041
1.7183896309732458 14.977572366393328
1.7309874185440737 14.487849797143264
1.7435623448937614 13.870053262269916
1.7561426634640436 13.425969012963428
1.768745892175786 12.901025863220417
1.7813334782050265 12.4108648751811
1.7938985526958313 11.998103525447116
1.8064980806819677 11.48048891901096
1.8190945363690474 11.153464977150076
1.8316935397102836 10.741336657152061
1.8442938066535377 10.277640662820158
1.8568876791935838 9.938686662165537
1.8694996979257998 9.624608523825353
1.8820874678435298 9.27149852010402
1.8946480071290834 8.918752551834764
1.9072244238241225 8.609399158120825
1.9197955083167026 8.31366796771146
1.932407719039251 7.979526890007826
1.9450267994293549 7.768884334093189
1.957590129498691 7.502241490509481
1.9701677233625339 7.212558949073674
1.9827403283412772 6.9760617764864445
1.9953314743596462 6.696442914209292
2.0079478346643693 6.552836155049318
2.020502275436263 6.217193875499195
2.033091375229651 6.024730540219839
2.045722350451914 5.812889070683929
2.05827634628836 5.699939454488707
2.0708699090952405 5.480003921233214
2.083519949911567 5.306229076390858
2.0960971256414007 5.141414742759876
2.1086272060888325 4.9774567692231395
2.1211870915125433 4.792936530001697
2.133823132386959 4.688200201839717
2.1464102873771185 4.517804305447758
2.1589635630855577 4.394875264602551
2.1715722325463034 4.252903720542235
2.1842062325035734 4.103191776188486
2.19675825418764 3.997373445053767
2.209329848683407 3.7895444556707023
2.221925909239803 3.745079583477415
2.234489591332643 3.5759286831630352
2.24704053459488 3.464275894456172
2.259624100314434 3.3045849249454866
2.2722295314965826 3.143800135655256
2.284834822222922 2.977095020861504
2.2974000386779907 2.8959981705718763
2.3099677799709744 2.741812929598785
2.322578483572131 2.6531377636191587
2.3351595212304117 2.5623191628871553
2.3476935649899953 2.4445366505972843
2.360343316487154 2.339488654302198
2.3730332994737613 2.2933067305333386
2.385567863558973 2.1773018019212764
2.3980601433668545 2.1269831241517116
2.4107789685311007 2.048184311309796
2.4234531099437673 1.9614501181121575
2.4358311952097154 1.8606571318079634
2.44847094404358 1.848872559732991
2.461284805393449 1.794878982406912
2.4737948804239664 1.6999529675319929
2.4861107686591253 1.6843933039078107
2.498755511659802 1.6317490938801813
2.511584783245324 1.6070745393408221
2.5240933241388825 1.60168819190073
2.536562701110746 1.5249073471709684
2.5493077516226395 1.4721794600841969
2.561978439831302 1.5202867780538643
2.574212755798332 1.4368910905982684
2.586731940134875 1.4192832182697674
2.5998869040801678 1.3973483425887745
2.612601991730702 1.3300385467469218
2.6241685674096082 1.3968961893451428
2.636617431092502 1.3396145700567488
2.650287847625151 1.2745223485623394
2.6633415931334117 1.2873092884639
2.674176912131957 1.3711960951324995
2.686549260713729 1.2723018773469503
2.700777045101031 1.2418929487890524
2.7145884416410064 1.1661077623489682
2.724874641447332 1.0596074199933165
2.736437828453102 1.1429468252690433
2.75068175070018 0.8789774143258706
2.764797699055796 1.4443738934444532
2.7766321634107585 2.0612278190819997
2.7856940556077907 0.7282325187647375
