0.017832091871975105 22738.66610181164
0.03021383503078707 17579.972141735085
0.04297487357678429 11881.633657543192
0.055775837984368415 10923.881070876263
0.0688286341250057 10249.485759034935
0.08110696464570524 6856.159283545822
0.09370674553631794 6178.707857782558
0.10636019509318823 4450.975529055105
0.11912643058557998 4372.580443834962
0.13176693543452694 3680.2910483243095
0.144197969245104 3381.397025007509
0.15684580028039383 2790.260224930011
0.16972024869412183 2544.5151434599097
0.18227245710657172 2352.9168427711575
0.19477416222977606 2288.651445534235
0.20733408359476757 1882.3242642070159
0.21991992144750216 1776.3538728409665
0.23253646283801413 1572.444722902646
0.2451850514388416 1493.6453638283128
0.25783785074606813 1331.8611097117391
0.27039766737784837 1252.8308133438434
0.2829104411759615 1174.561522568565
0.29557053798041977 1082.5952039839026
0.30813996427931367 1025.4986885754051
0.32072160731469684 958.4004894538484
0.33341168081967976 889.0307795825257
0.34607587720379895 846.3282680685633
0.35861285762440454 822.4458831894826
0.3711536269502754 776.1110383588674
0.3836672702512421 739.180556576775
0.3963071427257895 686.5329138743936
0.40893995931531407 665.9483646650789
0.4215634989091994 634.407211316835
0.4341807950257227 598.8311775899247
0.44676205768024146 571.2402571387386
0.4593692028514982 539.523841352418
0.4718965482805639 524.1897743819054
0.4844735038218263 503.94307845810704
0.49708590060588564 490.6295516192961
0.5096361353798311 465.99479214710465
0.5222277017157839 440.89890076150056
0.5348355227589765 432.7570663933089
0.5474920039788638 414.9828233881975
0.5601365361534105 402.725362294276
0.5727270239485921 382.9110377759836
0.5852520646971253 376.1771881914336
0.5977898476833523 360.9812046999973
0.610399607484727 351.0015474371469
0.6230020924267489 331.4844484062411
0.6356030860286813 320.3054880572887
0.6482301980282479 315.46902776041605
0.660849546399436 301.0249260517164
0.6734744173919012 293.44946645864974
0.6860022567240328 285.41316790155327
0.6985809637891292 278.3226357764122
0.7111908491771064 263.52293383790754
0.7237149565943761 260.08040461716166
0.7363081577644108 251.4898593570711
0.748907480511887 243.68148404791492
0.7615319556341431 233.27266438038092
0.774132305084794 227.94421345375258
0.7866754473434165 220.75576045090799
0.7993235825500585 212.31215570477994
0.8119084864763941 205.7663076649926
0.8245003008651008 197.88487306844334
0.8371030476789459 193.36288093893864
0.849643396097961 187.71918319230934
0.8622716392225017 182.15581900146321
0.8748814140551443 174.8983568804466
0.8874320306379437 170.74611752200195
0.8999827699152816 163.99988804332673
0.9125618598383772 158.9277446793653
0.9252292314560292 155.1105300955791
0.9378544149867144 151.03844906915572
0.9504457821018801 146.9120648667726
0.9630431388995911 140.93371950013167
0.975598864604341 135.62709949025984
0.9881575396632256 132.44712805937542
1.0007426245805051 128.2537259103375
1.0132961828208356 125.25814469398527
1.0258723107356664 121.20858648195647
1.0385360311261906 115.96314793854363
1.0511519513207905 114.08020287960642
1.063708588478719 109.73993510828973
1.0762949902025645 105.67195829792574
1.0889194251788605 102.89174612970635
1.1015128135865742 99.35744876360926
1.11403721235988 96.63192176037674
1.126643857258218 93.36048161954834
1.1392985127936952 90.33141427192099
1.1518802725229789 88.11950380622804
1.1644525285109786 85.01037506607194
1.177044553953357 81.86860259162852
1.189624043794477 79.39525798473117
1.202206340973012 77.05217460332375
1.2147708906645522 74.72477186242502
1.2273521312637725 71.89102933988539
1.2399769911738912 70.2920377561242
1.2525667220095977 67.69345409490519
1.2651332198084209 65.5680313132649
1.2777516590554778 63.56620445192162
1.2903456750126403 61.60044973961701
1.302934363822148 59.4038416804049
1.3155376929046967 57.69311065480787
1.3281174714819217 55.53912515116293
1.340703861812715 53.970917993833794
1.3533039956323687 52.334644126304745
1.3658801979009887 50.45853271137424
1.3784547377611076 49.00712475078712
1.3910282284727569 47.62503357403996
1.403617608863441 46.39259428861704
1.4162307266845864 44.98616354984829
1.4288327238231355 43.24463277442144
1.4414357605605115 41.67904685495333
1.4540420662985871 40.54667089968336
1.4666290001310331 39.420161646851916
1.4792232339276148 38.16429411289805
1.4917979405670967 37.196691428392015
1.5043420725912269 36.09714847013595
1.5169427293249793 35.3021749456676
1.5295424653470215 34.2041311736165
1.5421299704605875 33.1973156789754
1.5547395520031364 32.121754490134876
1.5673496087201684 31.266672589123843
1.579969987973021 30.694545957282383
1.5925093854124486 29.813071768057103
1.6050513674379894 29.02684620689414
1.6176486600174518 28.190531374734427
1.6302445001949704 27.192214888430637
1.6428527694112274 26.18695957355523
1.6554322216394672 25.22186797523673
1.6680440255859186 24.221674095937498
1.6806789206890527 23.32822575674639
1.6932331315939082 22.5238867567416
1.7057845975195451 21.678236339936163
1.7183896309732571 20.898029884959886
1.7309874185440852 20.183122955239696
1.743562344893773 19.430534689397103
1.7561426634640551 18.82246192513594
1.7687458921757977 18.104991038650898
1.7813334782050383 17.416538266018463
1.793898552695843 16.77886435896106
1.8064980806819797 16.150843818081636
1.8190945363690594 15.712720129907488
1.8316935397102958 15.134514876982221
1.84429380665355 14.514299679917919
1.856887679193596 14.012230507880787
1.869499697925812 13.591505609931527
1.8820874678435422 13.072821824874753
1.894648007129096 12.615041985863645
1.9072244238241352 12.153445155619465
1.9197955083167153 11.7955390459432
1.9324077190392637 11.329366793705436
1.9450267994293677 11.021992892050138
1.957590129498704 10.623673013755118
1.970167723362547 10.27885576399233
1.9827403283412903 9.900068389951247
1.9953314743596595 9.528469232721886
2.0079478346643826 9.321693933191757
2.0205022754362765 8.846291707103182
2.0330913752296644 8.57210708335632
2.045722350451928 8.273471892122203
2.0582763462883737 8.135776087100567
2.0708699090952543 7.859822937034939
2.083519949911581 7.59709696711723
2.0960971256414145 7.34062362511703
2.1086272060888467 7.098107547463793
2.1211870915125575 6.863063438267028
2.1338231323869734 6.706901020816833
2.1464102873771327 6.4790807684712375
2.158963563085572 6.309373978021103
2.1715722325463176 6.124093012795721
2.184206232503588 5.871441738890751
2.196758254187654 5.699574891494635
2.2093298486834216 5.47752393196314
2.221925909239818 5.3695852573787715
2.234489591332658 5.183970092855519
2.247040534594895 4.965039153812021
2.2596241003144493 4.817922857717343
2.2722295314965972 4.585776577921555
2.284834822222937 4.309709816633373
2.297400038678006 4.174242422769618
2.30996777997099 3.974738921958454
2.3225784835721464 3.8696095197349183
2.3351595212304272 3.7116793927131266
2.347693564990011 3.5395203337583725
2.3603433164871697 3.4067020072527026
2.3730332994737773 3.3004120826544225
2.3855678635589888 3.1795613987100952
2.3980601433668705 3.0521609460569485
2.4107789685311167 2.9611838720333283
2.4234531099437833 2.829802867108611
2.4358311952097313 2.7123598020786917
2.4484709440435966 2.6739659978864045
2.461284805393465 2.612349048346747
2.4737948804239824 2.453067933468843
2.4861107686591417 2.455343684637487
2.4987555116598186 2.361684053155418
2.511584783245341 2.3068156570513247
2.5240933241388994 2.2798759859196416
2.5365627011107628 2.2331481552522767
2.5493077516226563 2.139931637727893
2.561978439831319 2.1262427985441805
2.5742127557983494 2.0553489307391297
2.5867319401348925 1.982527250801324
2.599886904080185 1.953431008426445
2.6126019917307195 1.9180200295376313
2.6241685674096256 1.9718693497019728
2.6366174310925192 1.8840605232414338
2.6502878476251683 1.8325963139409738
2.6633415931334294 1.8279977737406647
2.6741769121319745 1.8763188001732567
2.686549260713747 1.8052677193986344
2.700777045101049 1.8005388964231859
2.7145884416410246 1.716511376222005
2.72487464144735 1.4669228845938265
2.7364378284531203 1.8320075567409493
2.750681750700198 1.3717585276827264
2.7647976990558143 1.9931543624680794
2.7766321634107767 3.5652384835518416
2.785694055607809 1.3645510846409852
