17.799282449393907 7.214097661273491e-09
30.158244330131154 3.0404405818474454e-09
42.89580372913673 1.4790085826597698e-09
55.67321552978553 9.928427983011765e-10
68.70199571606821 1.0145205745022053e-09
80.9577352285149 1.0478778035184095e-09
93.5343336715136 9.200492145637751e-10
106.16450203531903 8.741627086825237e-10
118.9072488188118 9.081522334353075e-10
131.52449629177582 9.27366633716202e-10
143.9326581339747 9.954545337657991e-10
156.55721831376695 9.378061181981016e-10
169.40797891669078 9.090491272384886e-10
181.9370924105474 8.797353752624408e-10
194.41579553660424 9.363170582235612e-10
206.95260779187328 9.365247361015456e-10
219.51528885091182 9.162700623125461e-10
232.10861695601864 9.285784661238486e-10
244.73393330749704 9.288524476038053e-10
257.3634526180588 9.20061152090417e-10
269.90016033281614 9.112407783837029e-10
282.3899117684295 9.275718569651757e-10
295.02671514949367 9.543091783732352e-10
307.57301485045366 9.228587624463073e-10
320.13150881022204 9.063879937529865e-10
332.79823373741607 9.102377583924899e-10
345.4391291552885 9.225514861656993e-10
357.9530426754169 8.926604452281796e-10
370.4707381295704 9.113778276933009e-10
382.9613574682314 8.946530601837081e-10
395.5779737303071 9.308989794689316e-10
408.18754708954486 9.04430726351417e-10
420.78786052196915 8.947425852669806e-10
433.3819419644603 9.071864761518596e-10
445.9400562432304 9.188185926860973e-10
458.52400541726837 8.983881428650359e-10
471.0283016733625 9.076723808508689e-10
483.5821167635718 8.960321031134952e-10
496.17130788792383 8.928961272787453e-10
508.6984513745909 8.997327438268186e-10
521.266850376961 8.974777926676052e-10
533.8514741793921 8.884182547058697e-10
546.4846686282311 8.920198693661897e-10
559.1059360168832 8.813658639269272e-10
571.6732584628986 8.771123368942568e-10
584.1752542788623 8.858043970230861e-10
596.6899688879645 8.770929543812157e-10
609.2765278814395 8.705853469350311e-10
621.8558254006394 8.9098520560145e-10
634.4336343236796 8.669071349819542e-10
647.0375135888845 8.651726821465209e-10
659.6336435100791 8.649519430466443e-10
672.2352858914313 8.682741303065515e-10
684.7400751418547 8.619644907826578e-10
697.2956385332539 8.604122132592758e-10
709.8823228822636 8.576632419485942e-10
722.383387084208 8.55280819319974e-10
734.9534179127145 8.639443583488479e-10
747.5295590555182 8.444295498980013e-10
760.1308062950264 8.555896836913522e-10
772.7079722519646 8.533142919818657e-10
785.22803627289 8.398194946201967e-10
797.8529000643869 8.559755509410581e-10
810.4146489153657 8.564677939034076e-10
822.9832955140954 8.36903700448955e-10
835.5628544232982 8.195682568474119e-10
848.0801297450262 8.347837282233056e-10
860.6851380540385 8.323636239583147e-10
873.2717120511252 8.1587278429776e-10
885.7992366441526 8.180357002547436e-10
898.3268837059719 8.079921627637319e-10
910.8828292509464 8.113953865216188e-10
923.5268940602116 8.158070576010916e-10
936.128848404742 8.056987117407533e-10
948.6970485528731 8.10387162936107e-10
961.27122736308 7.976475515723283e-10
973.8038516777394 7.973457761340494e-10
986.3394199199912 7.999105105728648e-10
998.9013494289071 8.007637339969633e-10
1011.4318102670842 7.95273059028098e-10
1023.984799253619 7.870603824108403e-10
1036.6252195536813 7.868815026117194e-10
1049.2179276058198 7.814243405170015e-10
1061.7514616966673 7.819680292351922e-10
1074.3147055893453 7.732817312096392e-10
1086.9159127567582 7.696706379144961e-10
1099.4861304784436 7.690646959819099e-10
1111.9874855003557 7.685756706084429e-10
1124.5709353219315 7.611739284717647e-10
1137.2023074454532 7.61861466088858e-10
1149.7609178844157 7.546159505583676e-10
1162.310042068112 7.527608417815815e-10
1174.8788993321937 7.509885240268741e-10
1187.4352440593798 7.387651786817115e-10
1199.9943909587364 7.357025340696301e-10
1212.5358230248555 7.382970982262905e-10
1225.0939152889068 7.309953169904222e-10
1237.695546608303 7.303103980660316e-10
1250.2621134875799 7.240760230408907e-10
1262.8054900766422 7.202303736414486e-10
1275.400712546411 7.148240813021649e-10
1287.9715566629113 7.216118212126971e-10
1300.5370834332223 7.102279801506021e-10
1313.1172235398076 7.110536265994544e-10
1325.6738564718507 7.117513037871836e-10
1338.2370889924387 7.012351037180916e-10
1350.8140397151212 6.95696456565492e-10
1363.367102918641 6.970495658156682e-10
1375.9185067723397 6.920340554017356e-10
1388.4688634079062 6.889647504209013e-10
1401.0350804869474 6.81989363600797e-10
1413.6249913217434 6.782775797192145e-10
1426.2038019349843 6.740394925227928e-10
1438.7836502342852 6.737360100423716e-10
1451.3667615196225 6.641818602779966e-10
1463.93053654187 6.621468013593782e-10
1476.5015980969845 6.599120408270852e-10
1489.0531684231876 6.557387172340484e-10
1501.5742203885422 6.514286498275917e-10
1514.1516930632092 6.508186041091461e-10
1526.7282467201912 6.447005663021699e-10
1539.2925919724535 6.383380380161527e-10
1551.8789730350827 6.356486947153962e-10
1564.4658283979172 6.349083132699977e-10
1577.062987304048 6.29634783130777e-10
1589.5793133959044 6.244628632867261e-10
1602.098219318471 6.199896243463023e-10
1614.6728123454723 6.156158644133998e-10
1627.245897674773 6.109291774447146e-10
1639.830599792207 6.071588514765215e-10
1652.3905272785578 6.047617876255305e-10
1664.979414016081 5.990772012164133e-10
1677.5918618421556 5.96720340361442e-10
1690.126927940609 5.96100954888438e-10
1702.6565735125293 5.891191037054032e-10
1715.239652780402 5.857183077288025e-10
1727.811695412483 5.802510352896476e-10
1740.3677490975194 5.769121162399299e-10
1752.9282192150536 5.750508520127015e-10
1765.500774679947 5.683979744620958e-10
1778.0665536787737 5.682571722652749e-10
1790.6168494226254 5.613548116175899e-10
1803.191304333419 5.577235438149125e-10
1815.7666656189658 5.539147470086152e-10
1828.3488212639727 5.513557753612079e-10
1840.9261635435228 5.494846133594219e-10
1853.4868830529422 5.385652847262098e-10
1866.0648394709856 5.373975803075291e-10
1878.6531571147755 5.356817873409455e-10
1891.1949620796393 5.308443501438757e-10
1903.7320037090342 5.280878210881898e-10
1916.2826511063677 5.2061141562549e-10
1928.8701890218213 5.199374721621676e-10
1941.4711267136497 5.167781830593425e-10
1954.0161536900057 5.118173210877359e-10
1966.5646650726826 5.088830401036514e-10
1979.1139383933348 5.041128548962224e-10
1991.6912603842213 4.978380499605016e-10
2004.2724214876746 4.960812714832052e-10
2016.8096506702707 4.935773057802851e-10
2029.388299672487 4.913348441878426e-10
2041.9851108745945 4.851067392691931e-10
2054.5479608747887 4.801968019729518e-10
2067.1183637920344 4.76649756489068e-10
2079.69511478519 4.728612828889297e-10
2092.25394988661 4.68882932805402e-10
2104.806873622057 4.6575622002861e-10
2117.3614093032174 4.629345712378778e-10
2129.928666131578 4.5895227122970596e-10
2142.5135548816706 4.552512138920872e-10
2155.088097602156 4.525891904706553e-10
2167.649640376087 4.4830322158585595e-10
2180.216047885633 4.462248045722324e-10
2192.779331913286 4.402918993443022e-10
2205.362264117683 4.382036423823465e-10
2217.92609518976 4.3185552230053693e-10
2230.4508569275185 4.296028090372375e-10
2243.0042552295354 4.282771977426549e-10
2255.585147649584 4.224532356014955e-10
2268.179105336766 4.223771689887641e-10
2280.7280993008117 4.162291858959597e-10
2293.278360641959 4.1334371137452584e-10
2305.8848259833 4.09348135119754e-10
2318.4578135021575 4.0496756534281126e-10
2331.017443774536 4.023442438820774e-10
2343.5861525124205 3.9808703650029816e-10
2356.174872739318 3.9634291397381204e-10
2368.7353085030536 3.9199156217485183e-10
2381.2692845985334 3.892861612537674e-10
2393.8244176688013 3.855398957405445e-10
2406.4031547082923 3.845948049158325e-10
2418.9736888834113 3.8010475009479637e-10
2431.52780414962 3.7835992415045863e-10
2444.0995103422933 3.7430177772189394e-10
2456.681233242974 3.703934436752024e-10
2469.2659731538656 3.674850625405502e-10
2481.804494353713 3.6493909305837987e-10
2494.349678289375 3.606608515496641e-10
2506.9309198668843 3.5700353900498864e-10
2519.499903784357 3.540332131347806e-10
2532.064286254508 3.520605158150642e-10
2544.6325769440127 3.4852010632712036e-10
2557.208310117243 3.459825883151549e-10
2569.7731778671878 3.421051909715136e-10
2582.350840133166 3.386093442355108e-10
2594.9314527475444 3.3723828647276404e-10
2607.4836540238884 3.3376425307004683e-10
2620.0346458455233 3.3193593231313496e-10
2632.6028953257733 3.2928057948268887e-10
2645.173520726606 3.2563017902605575e-10
2657.730984905749 3.2271548698464384e-10
2670.289609909111 3.2101488235926375e-10
2682.8810325445497 3.170745006979654e-10
2695.4617368341887 3.1366858103253817e-10
2708.003179989755 3.122025670790696e-10
2720.565218595557 3.0917675163782765e-10
2733.1313729151952 3.070133574879317e-10
2745.702996964865 3.052618420305958e-10
2758.2707458588034 3.0201656663458035e-10
2770.8191342981145 2.991614098819296e-10
2783.3972824385987 2.9676329910601885e-10
2795.9689028789417 2.945937243476965e-10
2808.5357668183638 2.916388348909343e-10
2821.1095589697384 2.885816977701225e-10
2833.6756670949308 2.860302340818866e-10
2846.236354374274 2.8469545872933e-10
2858.79560232848 2.8221549524211843e-10
2871.373843645574 2.7949627175101764e-10
2883.954243538599 2.776846643475695e-10
2896.5073357066644 2.7613426962874516e-10
2909.064697944345 2.726666608705345e-10
2921.6386383037598 2.7164607191403106e-10
2934.2207288040527 2.6845747284843927e-10
2946.785817897924 2.662485818984493e-10
2959.3399304871978 2.6339992285380035e-10
2971.912289205687 2.6202872563427887e-10
2984.46722152623 2.596994384049926e-10
2997.00494075996 2.5746858041128834e-10
3009.571504102365 2.5608451939122566e-10
3022.151983789152 2.5350598940361933e-10
3034.723269970324 2.5215809392458463e-10
3047.297141938261 2.4979449490407935e-10
3059.876071431784 2.475766559430482e-10
3072.460353827784 2.4654537600868334e-10
3085.0214375587766 2.441102576012178e-10
3097.56792616596 2.421617397598548e-10
3110.1461395593024 2.4110431575435404e-10
3122.7146498544676 2.389035754347299e-10
3135.258242106282 2.3724123020003166e-10
3147.827394808765 2.357089099432016e-10
3160.407090461748 2.341925226851497e-10
3172.9707868690757 2.323527003969955e-10
3185.520028526011 2.3016332274388926e-10
3198.0928727893415 2.2853019678825615e-10
3210.684273274958 2.273135035358117e-10
3223.239536727099 2.253323105770135e-10
3235.794336704776 2.2263542086337766e-10
3248.365417080094 2.1969005582733504e-10
3260.9281598919256 2.1825569169029975e-10
3273.4964936633673 2.1508479813278344e-10
3286.0602765369263 2.1264208063957617e-10
3298.616161266458 2.1052396718158368e-10
3311.184497268825 2.0848421618739802e-10
3323.7565519663412 2.057480429831694e-10
3336.336479870555 2.0360984331471286e-10
3348.8991222089053 2.014284593634512e-10
3361.442771262142 1.989175948278497e-10
3374.0243084776243 1.967780396135923e-10
3386.614961597868 1.942795094472839e-10
3399.16128606973 1.9196133605844082e-10
3411.723586887969 1.897213351969207e-10
3424.3034483758647 1.882126749989224e-10
3436.8707723403413 1.859220780851889e-10
3449.4368938720895 1.8319001159772219e-10
3461.9898368720965 1.8113233901100506e-10
3474.572720638132 1.792471277225082e-10
3487.1326051509195 1.7715350826373934e-10
3499.6720155540056 1.754244608422093e-10
3512.2465573827917 1.7328836245653018e-10
3524.8212321125134 1.7125384298560732e-10
3537.387157918102 1.691241959370086e-10
3549.9534967742106 1.673010088865715e-10
3562.5272432128218 1.6550422083391278e-10
3575.0914952116 1.6340526917631803e-10
3587.654584597485 1.6166435513276469e-10
3600.2154434833064 1.5927962139895678e-10
3612.781827813574 1.5807237844946406e-10
3625.349028548668 1.558975506219751e-10
3637.907270470111 1.5406229907643102e-10
3650.477005817321 1.5256636399573298e-10
3663.04737240162 1.50385436503151e-10
3675.6208179613163 1.4881773981154414e-10
3688.192852242157 1.4719673684771715e-10
3700.7538430059562 1.4595115890438369e-10
3713.3214918772564 1.4387981137619202e-10
3725.88719617525 1.420053068835147e-10
3738.4440983479285 1.4105772215208764e-10
3751.0156271459587 1.39242231090449e-10
3763.58999013167 1.377720760142393e-10
3776.155626274999 1.3562180217509062e-10
3788.70489003149 1.3396362672180052e-10
3801.275937702054 1.3249268756937445e-10
3813.8566744571744 1.3149601018184924e-10
3826.404431717055 1.300992644019794e-10
3838.9644689081924 1.2817630716036655e-10
3851.5402114943618 1.2694276886914002e-10
3864.1298207037257 1.252027532403032e-10
3876.681423024082 1.2414678561251215e-10
3889.2165722518703 1.230327860035672e-10
3901.7937228048927 1.217143126252318e-10
3914.376239464566 1.2022694187770606e-10
3926.950184147634 1.1891606806784057e-10
3939.510656203867 1.1766731564293577e-10
3952.082754993091 1.1628758873879437e-10
3964.66520672985 1.1504745461628124e-10
3977.223438611204 1.1373934995272448e-10
3989.775857376849 1.1251333210898335e-10
4002.346082688934 1.1115727115913125e-10
4014.9052449751166 1.0990223893451991e-10
4027.454437240128 1.0874883253730839e-10
4040.0221607705066 1.0775534579159845e-10
4052.608105661614 1.0641503489130179e-10
4065.1747165545376 1.0539436685476118e-10
4077.7220075380287 1.0401089057316737e-10
4090.2897990210035 1.0334256358734206e-10
4102.873672523345 1.024390942125169e-10
4115.447644068685 1.0126316017374954e-10
4128.008926808098 1.0005968662619098e-10
4140.585568421012 9.899359803642091e-11
4153.1694370518835 9.780676557362205e-11
4165.708486135632 9.694673428494149e-11
4178.245182757474 9.565657482025775e-11
4190.834603556789 9.478194554715886e-11
4203.40608927648 9.39949074614353e-11
4215.94546673201 9.347684987576864e-11
4228.511593513913 9.19822278853639e-11
4241.075779699394 9.100667183739198e-11
4253.641501584355 9.03860860276719e-11
4266.2134040829205 8.913634939078326e-11
4278.800238462189 8.814786840657807e-11
4291.378797171946 8.768680618637997e-11
4303.915793648459 8.659360515491316e-11
4316.4806669387035 8.530682400902824e-11
4329.060961840782 8.45438637713378e-11
4341.6343365752655 8.360663380877853e-11
4354.198259860986 8.310235858572033e-11
4366.7534805332525 8.219905635504038e-11
4379.309052921206 8.135341728234175e-11
4391.876283675789 8.013971059630385e-11
4404.434457339895 7.980339494601715e-11
4416.997001697697 7.81483292686376e-11
4429.587449292495 7.725069330004586e-11
4442.151636687611 7.673191663643748e-11
4454.676243985357 7.574271278913457e-11
4467.255845270074 7.470549481565564e-11
4479.8575794065855 7.423181128806543e-11
4492.40168445441 7.278039689485388e-11
4504.962144407178 7.189945645531097e-11
4517.519866020664 7.078213048379655e-11
4530.0755333545785 6.97742257883158e-11
4542.6078228888755 6.834984833676638e-11
4555.1794564400525 6.696822104882562e-11
4567.796610844846 6.655416211053152e-11
4580.340024503758 6.546512761485569e-11
4592.907148036285 6.417881776158884e-11
4605.507457041533 6.349263671649882e-11
4618.066519715286 6.284525921373262e-11
4630.61348098353 6.155010704662136e-11
4643.169806111598 6.07576948988592e-11
4655.7516975966855 6.015244392539769e-11
4668.310875988915 5.914862740452273e-11
4680.838737422433 5.844968982103216e-11
4693.4142013659475 5.7685773326703345e-11
4706.006583198429 5.6654620504632406e-11
4718.579788898697 5.573943631905136e-11
4731.107753982311 5.5171874285306896e-11
4743.651571426617 5.4869369179270664e-11
4756.281806400868 5.39124429563974e-11
4768.856185173669 5.35249938942036e-11
4781.385164866601 5.2616755505183094e-11
4793.976276771281 5.18843081304895e-11
4806.607096854939 5.140716484995988e-11
4819.146147308174 5.0885383458262003e-11
4831.661602769959 5.038978733750174e-11
4844.287713525817 4.9963649798375516e-11
4856.860115107401 4.909046332285198e-11
4869.355537556235 4.828580053839641e-11
4881.940425155442 4.7970258323164974e-11
4894.597962536946 4.7295825748267215e-11
4907.1382369119165 4.738054871548777e-11
4919.600076288735 4.637434882341639e-11
4932.2184698095 4.587892350620728e-11
4944.828614579259 4.543985570778695e-11
4957.327103379369 4.510416406929378e-11
4969.86863255852 4.476112037693062e-11
4982.485662226757 4.4223102242354146e-11
4995.110752516737 4.343317124538156e-11
5007.607580415342 4.280758029591601e-11
5020.10090672177 4.241368695432619e-11
5032.776306714229 4.2238159094013437e-11
5045.393898578722 4.215432137876204e-11
5057.824235954894 4.198507348880895e-11
5070.389901954609 4.098397084527985e-11
5083.106030184285 4.0823189733203014e-11
5095.667197680151 4.0723620452555585e-11
5108.05545246385 4.029130005000533e-11
5120.671439914531 4.024277747399334e-11
5133.447634936114 3.898671394093799e-11
5145.895026810736 3.989757018126392e-11
5158.2250506128275 3.847030790075897e-11
5170.95099224376 3.889676563284272e-11
5183.700390094105 3.8333438329745114e-11
5196.118642963537 3.806235320883572e-11
5208.594319785777 3.831005189577258e-11
5221.348995023267 3.8061937004281896e-11
5233.86566836642 3.7942236095425784e-11
5246.017090039119 3.7723218694113486e-11
5258.795061897151 3.733721279138968e-11
5271.8211514158575 3.6733395369967755e-11
5284.059572485596 3.6062277670743406e-11
5296.079024382072 3.727683523870599e-11
5309.081924588613 3.688956388712739e-11
5322.3605651521175 3.570531610755959e-11
5334.390294917684 3.6132683192143335e-11
5346.181802010518 3.5280083251578423e-11
5359.463528890978 3.4353669711033134e-11
5372.933862046457 3.598294076307395e-11
5384.396712939678 3.574827773927251e-11
5395.929354426921 3.49679314211873e-11
5409.783878738565 3.6101768436975015e-11
5423.640526297936 3.722455487558161e-11
5434.195806773826 3.448151996532043e-11
5445.572893198795 3.5157470772855395e-11
5459.895693738757 3.462341990371234e-11
5474.13057561097 3.7097494986174337e-11
5484.976407817414 3.3794289277292856e-11
5495.746636743918 3.2097171008260484e-11
5510.086276689804 3.749075121102958e-11
5524.398688742833 3.444991571929173e-11
5535.78557637482 3.0907756238567946e-11
5545.66396493654 3.866231619597452e-11
5559.311623442359 3.476496788907214e-11
5571.991646927517 7.516153237440413e-11
