0.01783209187197507 22781.424436408182
0.030213835030787006 17615.066510345438
0.0429748735767842 11912.29434165114
0.0557758379843683 10967.930129769113
0.06882863412500556 10308.280026404858
0.08110696464570508 6912.203882782081
0.09370674553631775 6253.30423350899
0.106360195093188 4523.534165722918
0.11912643058557974 4464.511820805184
0.1317669354345267 3777.0573098038562
0.14419796924510372 3494.744603915917
0.1568458002803935 2903.4826455556977
0.16972024869412147 2670.765595798588
0.18227245710657136 2481.6015850546023
0.19477416222977564 2431.764151300301
0.20733408359476713 2015.1268988619152
0.21991992144750172 1920.6191235267124
0.23253646283801363 1715.8015699657503
0.2451850514388411 1640.9220790583538
0.2578378507460676 1470.2150214644448
0.2703976673778478 1397.9528211914928
0.2829104411759609 1321.378450070434
0.29557053798041916 1225.1541953223998
0.30813996427931306 1171.2211972253506
0.3207216073146962 1099.6520946629914
0.33341168081967903 1029.2255329081338
0.34607587720379823 991.9351586848088
0.3586128576244038 969.2440942097154
0.3711536269502746 918.6757849770082
0.3836672702512413 881.8276727666399
0.39630714272578865 818.9806693279041
0.40893995931531324 804.189001003699
0.4215634989091986 768.0347078329809
0.4341807950257218 729.7453497984812
0.4467620576802405 696.0316987995703
0.45936920285149724 663.6473334171301
0.4718965482805629 645.7158975004894
0.4844735038218253 625.8194312534345
0.4970859006058846 609.2133703797696
0.5096361353798301 582.0401563723344
0.5222277017157829 554.6855216020513
0.5348355227589754 544.5999535029821
0.5474920039788627 525.2247658469907
0.5601365361534094 510.7414148850558
0.5727270239485909 488.70937388713236
0.5852520646971241 480.48849370799087
0.5977898476833511 462.80884992644894
0.6103996074847257 452.678904770456
0.6230020924267476 427.47403612799405
0.63560308602868 415.56692878628894
0.6482301980282466 410.22813606543184
0.6608495463994346 392.35676762576554
0.6734744173918997 383.20895949400176
0.6860022567240314 374.08730060423835
0.6985809637891277 365.8698087801662
0.711190849177105 346.82259682258206
0.7237149565943747 343.53844974232595
0.7363081577644094 333.24680752220644
0.7489074805118855 324.3860615644827
0.7615319556341416 310.6649488075004
0.7741323050847925 304.32893967642786
0.7866754473434149 294.68114931003214
0.7993235825500569 283.98596721138944
0.8119084864763924 275.5048188809135
0.8245003008650992 266.1585564545752
0.8371030476789442 260.5192808219295
0.8496433960979592 253.408510163367
0.8622716392224999 245.35555095462755
0.8748814140551424 236.46316958964206
0.8874320306379418 232.16133089189475
0.8999827699152797 222.39500373069248
0.9125618598383753 215.9871325079666
0.9252292314560273 212.04363026954863
0.9378544149867125 206.2571821819535
0.9504457821018781 201.3306845943614
0.9630431388995893 193.1570325661436
0.975598864604339 186.8716875279781
0.9881575396632235 182.22750677757452
1.000742624580503 176.86515328464242
1.0132961828208336 172.56702812174873
1.0258723107356642 167.45194888479423
1.0385360311261884 160.90853421010672
1.0511519513207883 158.19930940758263
1.0637085884787167 152.45444883994068
1.0762949902025623 147.042222015421
1.088919425178858 143.84797791608668
1.101512813586572 138.58508373980067
1.1140372123598778 135.34352262398926
1.1266438572582158 130.57054740838635
1.139298512793693 126.72006066738096
1.1518802725229764 123.59696728441078
1.1644525285109764 119.36302236330744
1.1770445539533545 115.35179688249997
1.1896240437944745 111.8204522543059
1.2022063409730095 108.72499578396086
1.2147708906645498 105.64918436908698
1.22735213126377 101.59198284150894
1.2399769911738885 99.40844118511477
1.252566722009595 95.85056168758976
1.2651332198084182 93.29820094970164
1.2777516590554752 90.38771278486614
1.2903456750126376 87.90639159615071
1.3029343638221453 84.94411461606471
1.315537692904694 82.65903590318035
1.328117471481919 79.67020202104814
1.3407038618127123 77.30175694093742
1.353303995632366 75.24155907821967
1.3658801979009858 72.48613848351341
1.3784547377611047 70.64198154078794
1.391028228472754 68.4201966088487
1.403617608863438 66.95444801723991
1.4162307266845835 64.96245277491339
1.4288327238231324 62.496263343397466
1.4414357605605086 60.242941585325816
1.454042066298584 58.8311372092999
1.4666290001310303 57.28474890131421
1.4792232339276117 55.56264926184333
1.4917979405670936 54.06451365185668
1.5043420725912238 52.60377653937003
1.5169427293249762 51.39872056886098
1.5295424653470182 49.99008759518653
1.5421299704605842 48.44222135988234
1.5547395520031333 46.9286470941998
1.567349608720165 45.703038229638324
1.5799699879730176 44.97058733762306
1.5925093854124452 43.82651207344453
1.605051367437986 42.67453875210404
1.6176486600174484 41.4580151634711
1.630244500194967 40.02930021661585
1.642852769411224 38.72575906014324
1.655432221639464 37.295375119218484
1.668044025585915 35.88859639880865
1.6806789206890491 34.672511252225284
1.6932331315939047 33.371590664726426
1.7057845975195416 32.18262980970882
1.7183896309732536 31.225278683345397
1.7309874185440814 30.058455268129936
1.7435623448937692 29.080613529347943
1.7561426634640516 28.25676800915392
1.768745892175794 27.15297495366988
1.7813334782050347 26.10687561759667
1.7938985526958393 25.116031415587425
1.806498080681976 24.297295524130618
1.8190945363690556 23.65608055518796
1.831693539710292 22.803583787598225
1.8442938066535461 21.95660294723712
1.8568876791935922 21.170800464331627
1.8694996979258083 20.462064899872253
1.8820874678435384 19.734774948179002
1.894648007129092 19.122913346086673
1.9072244238241312 18.490707596293518
1.9197955083167115 17.927396514723814
1.9324077190392597 17.215289319827406
1.9450267994293635 16.75177451603778
1.9575901294987 16.155831371511507
1.970167723362543 15.684342192477539
1.982740328341286 15.136530785973871
1.9953314743596553 14.599512559643829
2.007947834664378 14.256048004893223
2.0205022754362725 13.595003804419882
2.0330913752296604 13.182570668385132
2.0457223504519235 12.775129842757266
2.0582763462883693 12.521102509154469
2.07086990909525 12.11678182496178
2.083519949911577 11.696191460071892
2.09609712564141 11.310911030138389
2.1086272060888422 10.962299760142189
2.121187091512553 10.621936656769837
2.133823132386969 10.338670539695714
2.1464102873771282 10.091874743961139
2.1589635630855675 9.72805666133427
2.171572232546313 9.474292865804273
2.1842062325035836 9.12597900827947
2.1967582541876496 8.887814160921662
2.209329848683417 8.610079010710804
2.2219259092398134 8.350759930949689
2.234489591332653 8.107050182884263
2.2470405345948903 7.756150733354738
2.2596241003144444 7.5873696660633945
2.272229531496593 7.189288036088494
2.284834822222932 6.77572213774732
2.297400038678001 6.598594507381615
2.309967779970985 6.2913254593150665
2.3225784835721415 6.141418911173597
2.3351595212304224 5.853225263184414
2.347693564990006 5.618611179302173
2.3603433164871648 5.38919178567055
2.3730332994737724 5.193500758724867
2.385567863558984 5.065445600688135
2.3980601433668656 4.878435385686591
2.4107789685311114 4.729883888919129
2.4234531099437784 4.567257172343137
2.4358311952097265 4.381613938781064
2.4484709440435912 4.284182489791682
2.46128480539346 4.192056995290684
2.4737948804239775 3.9445471218228785
2.486110768659137 3.9876624127020373
2.4987555116598132 3.806359627598513
2.5115847832453357 3.6423363796869506
2.524093324138894 3.5406902668658806
2.5365627011107574 3.608418512592527
2.549307751622651 3.4315342884315765
2.561978439831314 3.3818303817505226
2.574212755798344 3.2000274325988083
2.586731940134887 3.1489874832138303
2.5998869040801798 3.076940647355824
2.612601991730714 3.1329518007505146
2.6241685674096202 3.1599800632865227
2.636617431092514 3.0398928802934706
2.650287847625163 2.912144853210964
2.6633415931334237 2.9741993107772804
2.674176912131969 2.972012414811445
2.6865492607137416 2.853207028443657
2.7007770451010433 2.8543167748248672
2.714588441641019 2.614558400776802
2.7248746414473444 2.498317236627783
2.7364378284531146 2.7162478546430013
2.7506817507001924 2.391126272913077
2.7647976990558085 3.3333635825886625
2.7766321634107713 4.200296189697852
2.785694055607803 1.1567936233255425
