0.017832091871974966 22744.587718814564
0.030213835030786833 17574.335677181098
0.04297487357678395 11878.649883314218
0.05577583798436798 10899.476499540058
0.06882863412500516 10172.25657339019
0.0811069646457046 6795.0271265386355
0.0937067455363172 6099.691120063484
0.10636019509318738 4393.796717275797
0.11912643058557905 4300.073935373885
0.13176693543452592 3617.1092748587175
0.14419796924510286 3322.567695047867
0.15684580028039258 2726.038028868013
0.1697202486941205 2485.763722930465
0.1822724571065703 2282.304790776083
0.1947741622297745 2222.445729587549
0.20733408359476593 1818.058282794204
0.21991992144750044 1715.4311420967663
0.2325364628380123 1525.2855414102407
0.24518505143883967 1436.7142960616504
0.25783785074606613 1280.696854938038
0.27039766737784626 1209.804283878388
0.28291044117595926 1131.9524169123245
0.29557053798041744 1037.7225038320883
0.3081399642793113 993.9373302256485
0.3207216073146943 924.069051813122
0.3334116808196771 860.7570183664014
0.34607587720379623 822.6115281409895
0.3586128576244017 794.7390391961798
0.3711536269502725 752.8160548531035
0.3836672702512391 717.9568849891385
0.3963071427257864 660.4736684165802
0.40893995931531085 649.8795145459492
0.42156349890919614 615.0863258439648
0.43418079502571927 583.5981401369908
0.44676205768023797 553.9889872558936
0.4593692028514946 524.95201568841
0.47189654828056016 510.0390760611353
0.48447350382182247 493.3488418275814
0.49708590060588176 476.3766799153522
0.5096361353798271 453.0723231490296
0.5222277017157798 431.0282338000356
0.5348355227589723 417.4367624352236
0.5474920039788594 403.9199858668713
0.5601365361534062 389.2389223949317
0.5727270239485875 375.46662952479954
0.5852520646971208 365.96209816425977
0.5977898476833476 350.68074098387956
0.6103996074847222 342.8860048034722
0.623002092426744 322.8053952341808
0.6356030860286763 312.2838510447925
0.6482301980282428 308.0276045682496
0.6608495463994308 293.7168213211358
0.6734744173918958 286.39593205145275
0.6860022567240275 278.2233889147834
0.6985809637891237 272.08952704214795
0.7111908491771007 255.25938850866834
0.7237149565943705 253.32375176949242
0.7363081577644051 245.47293534006187
0.7489074805118812 238.61149218893212
0.7615319556341372 227.59777064267516
0.7741323050847879 222.72020413197802
0.7866754473434103 214.21941978525282
0.7993235825500523 207.620595755911
0.8119084864763877 200.17128835511852
0.8245003008650944 193.15726428045616
0.8371030476789394 189.98566484068039
0.8496433960979544 182.90026323859803
0.862271639222495 178.02845249065086
0.8748814140551374 171.01132435776245
0.8874320306379367 167.70293572790922
0.8999827699152746 160.9689757029862
0.9125618598383701 156.25233562246953
0.925229231456022 152.5173486097969
0.9378544149867071 148.65590715561942
0.9504457821018727 144.3023605650321
0.9630431388995836 138.57420875013835
0.9755988646043333 133.9922403529282
0.9881575396632178 130.5630881912035
1.0007426245804971 126.70255478293834
1.0132961828208278 123.15227432562926
1.0258723107356584 119.57600511761339
1.0385360311261824 114.6882621749898
1.0511519513207823 112.87657949447897
1.0637085884787105 109.09067614095358
1.076294990202556 105.06929973711327
1.0889194251788519 102.56105684607382
1.1015128135865655 98.83060315524604
1.1140372123598714 96.5426090024389
1.1266438572582094 92.68611679917558
1.1392985127936863 90.47476505100306
1.1518802725229698 87.29870439099577
1.1644525285109695 84.6698091370397
1.1770445539533478 82.14303095951685
1.1896240437944676 79.83500348396498
1.2022063409730026 77.43897855264443
1.2147708906645427 75.15832844745304
1.227352131263763 72.08163223986725
1.2399769911738814 70.52758047557214
1.2525667220095877 68.06786718419129
1.2651332198084109 66.18066811923083
1.2777516590554678 64.14833631269806
1.2903456750126303 62.37152871028275
1.3029343638221378 60.41841563921081
1.3155376929046865 58.802911490325776
1.3281174714819113 56.751084606164774
1.3407038618127045 54.93310498073476
1.353303995632358 53.338324485696134
1.365880197900978 51.45616811844059
1.3784547377610967 50.178740955765285
1.3910282284727458 48.70513798943257
1.4036176088634298 47.46162340531562
1.4162307266845753 46.10751277545578
1.4288327238231242 44.50583847437254
1.4414357605605002 43.189133264059045
1.4540420662985756 41.85102355924176
1.4666290001310216 40.84840209650277
1.4792232339276032 39.66764309164218
1.491797940567085 38.533077200302834
1.504342072591215 37.54448065430031
1.5169427293249673 36.61977174004536
1.5295424653470093 35.63870350845041
1.5421299704605753 34.42227933447036
1.5547395520031242 33.448813476253065
1.567349608720156 32.75542442726516
1.5799699879730085 32.25358262306572
1.5925093854124361 31.43593728476144
1.6050513674379767 30.560570631237677
1.6176486600174391 29.673101324469386
1.6302445001949577 28.658786421883867
1.6428527694112145 27.685327881851414
1.6554322216394544 26.772282361816995
1.6680440255859055 25.737829160890534
1.6806789206890393 24.891173289311578
1.6932331315938949 24.075207128161278
1.7057845975195318 23.16564512011013
1.7183896309732436 22.51164394404066
1.7309874185440715 21.67542486178122
1.7435623448937592 20.903183066964537
1.7561426634640414 20.26030537162501
1.7687458921757837 19.534556552709883
1.7813334782050243 18.8356139024654
1.793898552695829 18.14833447737526
1.8064980806819655 17.586357432084128
1.8190945363690452 17.08181108925334
1.8316935397102814 16.516669017044684
1.8442938066535355 15.876042418073233
1.8568876791935813 15.26412816397286
1.8694996979257974 14.814892560532684
1.8820874678435275 14.309822972312965
1.8946480071290812 13.867696216049001
1.90722442382412 13.424455210187212
1.9197955083167004 13.01950753216557
1.9324077190392486 12.59480511732356
1.9450267994293524 12.119590051060497
1.9575901294986886 11.744292801167463
1.9701677233625314 11.400554477501954
1.9827403283412746 10.981799034302774
1.9953314743596438 10.653821062435417
2.0079478346643667 10.362038605280222
2.0205022754362605 9.935320312706923
2.0330913752296484 9.637767875914092
2.0457223504519115 9.372933984160143
2.0582763462883578 9.171981390692592
2.070869909095238 8.933454288375751
2.0835199499115644 8.581276066430023
2.096097125641398 8.27097777875698
2.10862720608883 8.067793562887257
2.1211870915125406 7.823235821441176
2.1338231323869565 7.535651146627835
2.146410287377116 7.417273913581668
2.158963563085555 7.104152066846201
2.1715722325463007 6.8934139361707585
2.1842062325035707 6.773911323734306
2.196758254187637 6.57067417223628
2.2093298486834043 6.371151663543618
2.2219259092398005 6.1851855188746985
2.23448959133264 5.952922909908311
2.2470405345948774 5.752637203798485
2.2596241003144315 5.587825057982875
2.2722295314965795 5.343683487056152
2.284834822222919 5.0339966181444895
2.2974000386779876 4.865582797775334
2.3099677799709717 4.63148666198034
2.3225784835721277 4.5285681034804695
2.335159521230409 4.371571222483422
2.3476935649899926 4.204592410078895
2.360343316487151 4.025409349889971
2.3730332994737586 3.9242709908073956
2.38556786355897 3.8300687669999527
2.398060143366852 3.6220777529050636
2.4107789685310976 3.5427959853502093
2.423453109943764 3.410168698415515
2.4358311952097123 3.284067891031926
2.448470944043577 3.2194217446909916
2.4612848053934457 3.1333037921150124
2.4737948804239633 2.993157293588094
2.486110768659122 2.9902109244643658
2.498755511659799 2.866611388020066
2.511584783245321 2.7778536281652895
2.5240933241388794 2.678719253445475
2.536562701110743 2.6564457419647143
2.5493077516226363 2.5877260509916824
2.561978439831299 2.5273832850401345
2.574212755798329 2.467804867035969
2.586731940134872 2.384187006177861
2.5998869040801647 2.2757064064244226
2.612601991730699 2.370650297075839
2.624168567409605 2.2565658659250523
2.6366174310924984 2.2598138866796402
2.6502878476251475 2.182531316547879
2.6633415931334086 2.2478868821278644
2.6741769121319536 2.2062851211585857
2.686549260713726 2.0634481663357853
2.700777045101028 2.063176771855565
2.7145884416410033 2.0721740555087114
2.7248746414473284 1.7781767625241065
2.7364378284530986 1.925558664858656
2.7506817507001764 1.8879624297769977
2.7647976990557925 2.107983394373971
2.776632163410755 2.1323063714838586
2.785694055607787 1.9216063290363334
