0.017832091871975014 23144.348621830926
0.030213835030786916 17780.12471593408
0.04297487357678407 11984.562228109544
0.05577583798436813 11032.907046521706
0.06882863412500535 10361.778552070897
0.08110696464570483 6928.913189028036
0.09370674553631747 6256.861070400171
0.10636019509318768 4531.805080323789
0.11912643058557937 4475.808758962744
0.13176693543452628 3783.2583153372143
0.14419796924510328 3494.7266895378843
0.15684580028039302 2900.960992186611
0.16972024869412097 2670.9659296849745
0.1822724571065708 2481.8197599497807
0.19477416222977506 2430.79908908149
0.20733408359476652 2012.8826302033585
0.21991992144750105 1917.8520024320226
0.23253646283801294 1715.4178676506785
0.24518505143884034 1639.0711947936015
0.2578378507460668 1469.2482108396848
0.27039766737784704 1397.867617988584
0.28291044117596004 1321.0263561735453
0.29557053798041827 1225.2002042036574
0.3081399642793121 1172.9960520182913
0.3207216073146952 1100.6792971963243
0.33341168081967804 1031.1977535598537
0.3460758772037972 994.8665890171972
0.3586128576244027 972.4410123673725
0.3711536269502735 921.9767701019067
0.38366727025124014 885.9982306889448
0.3963071427257875 822.0540486986183
0.408939959315312 809.3405676550647
0.4215634989091973 772.1881993371701
0.4341807950257205 734.276071190791
0.4467620576802392 700.7080613001824
0.45936920285149585 668.7315501783762
0.47189654828056143 650.9304927020851
0.4844735038218238 631.6349436884071
0.4970859006058831 614.6220418051624
0.5096361353798285 587.511000380593
0.5222277017157813 560.6761339239259
0.5348355227589737 549.8932141468713
0.547492003978861 531.3039185223564
0.5601365361534076 516.2788750605134
0.5727270239485891 495.2761555399696
0.5852520646971223 486.58638726232516
0.5977898476833493 469.03930091601234
0.6103996074847239 459.51044208560876
0.6230020924267458 433.7445537925562
0.6356030860286781 422.09666562304017
0.6482301980282447 416.54947794088764
0.6608495463994326 398.82287689842866
0.6734744173918977 389.3538249647347
0.6860022567240294 380.37429075752937
0.6985809637891256 372.52175845888223
0.7111908491771027 352.6390624648584
0.7237149565943725 349.92509013801924
0.7363081577644071 339.5574331728214
0.7489074805118833 331.2125808207614
0.7615319556341392 316.7934922096452
0.7741323050847901 310.77643561953425
0.7866754473434125 300.54789915504847
0.7993235825500545 290.2955285994337
0.8119084864763899 281.3257758802703
0.8245003008650967 271.8599105204222
0.8371030476789417 266.4587350981125
0.8496433960979567 259.0918050156165
0.8622716392224974 250.93368484882077
0.8748814140551398 241.91741468391936
0.8874320306379392 237.8634008580686
0.899982769915277 227.62650140127113
0.9125618598383726 221.43894490287664
0.9252292314560245 217.29830752197523
0.9378544149867096 211.6953275365911
0.9504457821018752 206.52536503871275
0.9630431388995863 198.16542624991146
0.975598864604336 191.87468817511086
0.9881575396632205 187.1252273015131
1.0007426245805 181.83516322440968
1.0132961828208304 177.3390432292797
1.025872310735661 172.24027316242737
1.0385360311261853 165.59574051484074
1.0511519513207852 162.88106033700734
1.0637085884787136 157.33381567883018
1.076294990202559 151.5170178828165
1.088919425178855 148.44265017116726
1.1015128135865686 142.8913547815984
1.1140372123598745 139.73891259303875
1.1266438572582125 134.69965174014737
1.1392985127936894 130.89110177105596
1.1518802725229729 127.53018282026402
1.1644525285109728 123.18113976500747
1.177044553953351 119.21755067839631
1.189624043794471 115.74347080509753
1.202206340973006 112.49200893150226
1.214770890664546 109.24403550438073
1.2273521312637663 105.03999381575427
1.2399769911738847 102.99245848234067
1.2525667220095913 99.25954748078104
1.2651332198084144 96.6326563972547
1.2777516590554714 93.75576451284302
1.2903456750126339 91.2339251369262
1.3029343638221413 88.24907990280484
1.31553769290469 85.87569443308172
1.3281174714819148 82.7955892609453
1.3407038618127083 80.32406328332812
1.3533039956323618 78.26837090268347
1.3658801979009818 75.37942067656327
1.3784547377611005 73.54109159062564
1.3910282284727498 71.17819926685978
1.4036176088634338 69.719771483614
1.4162307266845793 67.67899031934525
1.4288327238231282 65.13084182828429
1.4414357605605042 62.9070476575233
1.4540420662985796 61.34947545620846
1.4666290001310258 59.81315007466502
1.4792232339276072 58.147608921667064
1.4917979405670891 56.47974803145274
1.5043420725912193 54.9604543775634
1.5169427293249715 53.73244379011178
1.5295424653470135 52.33933129702947
1.5421299704605795 50.608251147544074
1.5547395520031284 49.12258209037412
1.5673496087201604 47.85269017179772
1.579969987973013 47.124048260985894
1.5925093854124406 46.024308858248396
1.6050513674379812 44.73518522479484
1.6176486600174436 43.489526859587116
1.6302445001949621 41.992646567646275
1.642852769411219 40.649544014402714
1.6554322216394588 39.192573436483656
1.66804402558591 37.730891509836454
1.680678920689044 36.44356361662038
1.6932331315938995 35.06082633894712
1.7057845975195365 33.82985834151969
1.7183896309732485 32.90978135939857
1.7309874185440763 31.685710842021223
1.743562344893764 30.601865903183505
1.7561426634640462 29.777370111860925
1.7687458921757886 28.63834127321958
1.7813334782050292 27.561702265131306
1.793898552695834 26.486354745369216
1.8064980806819706 25.676743898006958
1.81909453636905 25.005963526845772
1.8316935397102865 24.146188884904895
1.8442938066535406 23.239515772783015
1.8568876791935864 22.41434559713702
1.8694996979258027 21.63171531359177
1.8820874678435326 20.918185404479186
1.8946480071290863 20.254777811731408
1.9072244238241254 19.5969385738581
1.9197955083167055 18.992155217947516
1.932407719039254 18.24840904837639
1.9450267994293577 17.73560841940563
1.957590129498694 17.165348496829154
1.970167723362537 16.66031240839091
1.9827403283412801 16.0896279015872
1.9953314743596493 15.489844993856707
2.0079478346643724 15.157530709953766
2.0205022754362663 14.46966406238689
2.033091375229654 14.020586134458698
2.0457223504519173 13.591122782635981
2.058276346288363 13.319042505198272
2.0708699090952436 12.892749636555253
2.08351994991157 12.480365469246882
2.096097125641404 12.04156367277797
2.108627206088836 11.70370880463768
2.1211870915125464 11.314206807190391
2.1338231323869628 11.014835267540148
2.1464102873771216 10.771373825343451
2.158963563085561 10.363442400824537
2.1715722325463065 10.087179320737468
2.184206232503577 9.73399665283759
2.196758254187643 9.465441119120976
2.2093298486834105 9.201390450741927
2.2219259092398067 8.934289451739188
2.2344895913326464 8.652486224921962
2.2470405345948836 8.288872263587963
2.2596241003144377 8.08894139200495
2.2722295314965857 7.681460537852761
2.2848348222229253 7.272811110731028
2.2974000386779942 7.058407834176014
2.309967779970978 6.7420217028347755
2.3225784835721344 6.568300519452716
2.3351595212304153 6.223572848688729
2.347693564989999 6.0215348464262775
2.3603433164871577 5.754092820875013
2.3730332994737653 5.571170631453811
2.3855678635589768 5.414448090713469
2.3980601433668585 5.219836642883862
2.4107789685311043 5.0674098080028775
2.423453109943771 4.869879615406093
2.435831195209719 4.677124140671671
2.4484709440435837 4.619675742521162
2.4612848053934524 4.504668853884451
2.47379488042397 4.223112590301362
2.4861107686591293 4.2813006981948645
2.4987555116598057 4.130550475111526
2.511584783245328 3.915805602405685
2.5240933241388865 3.7915623629025994
2.53656270111075 3.8913015337468755
2.5493077516226434 3.6817441133462356
2.561978439831306 3.6763111567454168
2.574212755798336 3.409534086740163
2.586731940134879 3.37001267131167
2.5998869040801718 3.2698213043030733
2.612601991730706 3.386435406720894
2.6241685674096122 3.3768119995565447
2.636617431092506 3.2597597832463046
2.650287847625155 3.1394465637267865
2.6633415931334157 3.1489307042123427
2.674176912131961 3.1927434587840255
2.686549260713733 3.0270007762450497
2.7007770451010353 3.0580658480215073
2.714588441641011 2.820772890858537
2.724874641447336 2.7395040751984343
2.736437828453106 2.8562295560838544
2.750681750700184 2.7515647026028445
2.7647976990558 3.609962335056796
2.776632163410763 5.011945599356834
2.7856940556077947 0.712611437089863
