0.017832091871975056 22771.282479662153
0.030213835030786982 17606.96285681006
0.042974873576784166 11906.504333437979
0.055775837984368255 10964.329555524022
0.0688286341250055 10304.96910921734
0.08110696464570501 6910.7277151438
0.09370674553631768 6253.857470459603
0.1063601950931879 4524.86447914758
0.11912643058557963 4467.36377094191
0.13176693543452658 3780.5403393534284
0.14419796924510359 3500.2079031376143
0.15684580028039335 2909.4342148824508
0.16972024869412133 2678.6522173151657
0.1822724571065712 2489.102754112365
0.19477416222977548 2440.8840757856037
0.20733408359476696 2023.6643825438832
0.21991992144750153 1930.503734451683
0.23253646283801344 1726.476943317424
0.2451850514388409 1651.744308958178
0.2578378507460674 1480.938001617934
0.2703976673778476 1410.1623367145794
0.2829104411759607 1333.7303418182523
0.2955705379804189 1237.506271912647
0.3081399642793128 1184.825749291254
0.3207216073146959 1112.662817961827
0.33341168081967876 1042.8170706479307
0.34607587720379795 1006.7464928346348
0.3586128576244035 984.5387045566963
0.3711536269502743 933.6629432360576
0.383667270251241 897.2056354758726
0.3963071427257883 833.3434310693345
0.4089399593153129 819.8017128392526
0.4215634989091982 782.993557072952
0.43418079502572143 744.6430535392157
0.4467620576802402 710.7686120960325
0.45936920285149685 678.579569427429
0.4718965482805625 660.4819540862948
0.4844735038218249 641.0388686572677
0.4970859006058842 623.9036425571194
0.5096361353798297 596.7004658275447
0.5222277017157825 569.3164405593848
0.534835522758975 558.9701480655635
0.5474920039788622 539.8354616243794
0.560136536153409 524.9306195771244
0.5727270239485904 503.2240852861572
0.5852520646971237 494.6190582555841
0.5977898476833506 476.89445165001734
0.6103996074847252 467.27270531464194
0.6230020924267471 441.0828434402695
0.6356030860286795 429.37217556917216
0.648230198028246 423.76051766895307
0.6608495463994342 405.8563372376103
0.6734744173918992 396.26968160162426
0.6860022567240308 387.2454901033795
0.6985809637891272 379.0707559059658
0.7111908491771043 359.32682293904315
0.723714956594374 356.3375885956391
0.7363081577644087 345.68550177938147
0.7489074805118849 337.13579164743567
0.761531955634141 322.6854607920222
0.7741323050847918 316.3775243669493
0.7866754473434142 306.29326440870005
0.7993235825500563 295.53344145161094
0.8119084864763917 286.54540440812985
0.8245003008650985 277.07934569623643
0.8371030476789435 271.402373176553
0.8496433960979586 264.0610144015831
0.8622716392224993 255.64930760080452
0.8748814140551417 246.54176499047918
0.8874320306379412 242.3803667494558
0.899982769915279 231.9142894526835
0.9125618598383746 225.53955652640553
0.9252292314560265 221.48302206035288
0.9378544149867117 215.62676138957445
0.9504457821018774 210.4099196614231
0.9630431388995884 201.92005168776345
0.9755988646043381 195.48417765470867
0.9881575396632227 190.7079828622058
1.0007426245805022 185.20704213028688
1.0132961828208327 180.68975853223873
1.0258723107356633 175.35292030821324
1.0385360311261875 168.71242718685565
1.0511519513207874 165.92896547207064
1.0637085884787159 160.10396871110817
1.0762949902025614 154.3369821024179
1.0889194251788572 151.18873584217044
1.101512813586571 145.57115738012078
1.114037212359877 142.30153555836907
1.126643857258215 137.2181812977772
1.139298512793692 133.21841663852612
1.1518802725229755 129.94593739005336
1.1644525285109752 125.42602267914941
1.1770445539533536 121.40324509856862
1.1896240437944736 117.76187891631125
1.2022063409730086 114.47591562179521
1.2147708906645487 111.2363861848755
1.227352131263769 106.97257867643233
1.2399769911738876 104.83594071733384
1.252566722009594 101.0601883402493
1.2651332198084173 98.36850340207296
1.277751659055474 95.40409578553358
1.2903456750126368 92.85987889125583
1.3029343638221442 89.77927591319892
1.315537692904693 87.3663330961559
1.328117471481918 84.22607410374786
1.3407038618127112 81.68860318847952
1.353303995632365 79.63206697164092
1.3658801979009847 76.68650667615665
1.3784547377611036 74.78590528925638
1.3910282284727526 72.38941388666407
1.403617608863437 70.89487621283399
1.4162307266845824 68.82531974208221
1.4288327238231313 66.22769053408857
1.4414357605605075 63.905718056557674
1.454042066298583 62.4135842137903
1.466629000131029 60.794060638443376
1.4792232339276106 59.079248590655574
1.4917979405670925 57.388684025806036
1.5043420725912227 55.85025002968135
1.5169427293249749 54.6282382146133
1.529542465347017 53.17366762024305
1.5421299704605829 51.42590724557346
1.554739552003132 49.92215016395017
1.5673496087201637 48.618965133074006
1.5799699879730165 47.85721637423968
1.592509385412444 46.70331920892998
1.6050513674379847 45.42345465397926
1.6176486600174471 44.14302393313599
1.6302445001949657 42.63897417369868
1.6428527694112227 41.280151413707884
1.6554322216394626 39.77146707415471
1.6680440255859137 38.2841126172317
1.6806789206890478 37.00798304871227
1.6932331315939033 35.59589470509219
1.7057845975195403 34.323241035390936
1.7183896309732523 33.400143967597174
1.7309874185440801 32.12892086495632
1.7435623448937678 31.06055317168765
1.75614266346405 30.223791816957377
1.7687458921757924 29.05518179689522
1.7813334782050332 27.94362045692943
1.793898552695838 26.861370808449156
1.8064980806819746 26.044291905105627
1.819094536369054 25.352957855901625
1.8316935397102905 24.472454339524965
1.8442938066535446 23.535254373722758
1.8568876791935907 22.70197179084426
1.8694996979258067 21.930204338699557
1.8820874678435369 21.17207461328493
1.8946480071290905 20.521554105888434
1.9072244238241296 19.85886288865774
1.9197955083167098 19.251091027378894
1.9324077190392581 18.488215656826323
1.945026799429362 17.986419567167985
1.9575901294986984 17.379809091594925
1.9701677233625412 16.87295207943028
1.9827403283412846 16.282473023643725
1.9953314743596537 15.688520587630963
2.007947834664377 15.346370323377737
2.0205022754362707 14.64685609544035
2.0330913752296587 14.194526737865772
2.0457223504519217 13.755914992147291
2.058276346288368 13.491518692148682
2.070869909095248 13.050794898593667
2.083519949911575 12.629850314540995
2.0960971256414083 12.187750519907109
2.1086272060888405 11.833995012367549
2.1211870915125512 11.460267796189516
2.133823132386967 11.144036195354614
2.1464102873771265 10.900222685219068
2.1589635630855657 10.488977687567244
2.1715722325463114 10.22319095644629
2.184206232503582 9.847408239431001
2.196758254187648 9.587783434292437
2.2093298486834154 9.312055655832834
2.2219259092398116 9.035997996749312
2.2344895913326512 8.747595369925193
2.2470405345948885 8.370555083918966
2.2596241003144426 8.197659613050108
2.272229531496591 7.777791628585779
2.28483482222293 7.353047362236755
2.297400038677999 7.139689505367668
2.3099677799709832 6.81511880042461
2.3225784835721393 6.6400593760649995
2.3351595212304206 6.3115470663801645
2.347693564990004 6.0750614729455
2.360343316487163 5.826663224896596
2.37303329947377 5.628018469922834
2.385567863558982 5.48225088766987
2.398060143366864 5.286924457553174
2.4107789685311096 5.130350249390282
2.423453109943776 4.931488484833012
2.4358311952097242 4.740780743929842
2.4484709440435894 4.6609185112434
2.4612848053934577 4.5426573216638575
2.4737948804239753 4.262794083083478
2.4861107686591346 4.322176690389444
2.4987555116598115 4.149689015610069
2.5115847832453335 3.951770248800152
2.524093324138892 3.8367455343178922
2.536562701110755 3.926504734563684
2.549307751622649 3.7155712247675634
2.5619784398313117 3.7065550638174045
2.574212755798342 3.4603011112315496
2.586731940134885 3.4212022091419487
2.5998869040801775 3.3141926425673125
2.612601991730712 3.411048461217868
2.624168567409618 3.4109619270965794
2.6366174310925117 3.301372504128168
2.650287847625161 3.153469631293008
2.6633415931334214 3.1580461293559363
2.674176912131967 3.211495562882679
2.6865492607137393 3.0485343415419917
2.700777045101041 3.0923992651035657
2.7145884416410166 2.7560109940234194
2.724874641447342 2.7456771748255586
2.7364378284531123 2.8282693082081867
2.75068175070019 2.7339065064093004
2.7647976990558063 3.505793379448602
2.7766321634107687 5.100175890369749
2.785694055607801 0.8869714174126853
