0.017832091871975108 22868.578322632173
0.030213835030787072 17658.825285349638
0.0429748735767843 11900.596695713912
0.05577583798436842 10938.982896508933
0.06882863412500571 10305.81109074799
0.08110696464570526 6906.033060210896
0.09370674553631796 6258.757953208046
0.10636019509318824 4526.437123136208
0.11912643058557999 4489.265705189305
0.13176693543452697 3812.487350386588
0.14419796924510403 3543.70590721425
0.15684580028039385 2974.2504194693142
0.16972024869412186 2751.3018965934243
0.18227245710657175 2582.339789649521
0.1947741622297761 2542.5729788543754
0.2073340835947676 2130.1098440271794
0.2199199214475022 2044.3550665952948
0.23253646283801416 1831.937781238289
0.24518505143884164 1773.6020113466227
0.2578378507460682 1597.2436004883418
0.2703976673778484 1522.6084641294442
0.28291044117596154 1448.530826397689
0.2955705379804198 1356.7028882723375
0.3081399642793137 1293.7101875864973
0.32072160731469684 1222.7651587358098
0.33341168081967976 1150.6537739391722
0.346075877203799 1112.742508443433
0.3586128576244046 1097.7387724688417
0.37115362695027543 1040.1175914765586
0.38366727025124214 1002.9038783848631
0.39630714272578954 938.5868718764873
0.4089399593153141 918.6313191378152
0.4215634989091995 885.025118523915
0.43418079502572277 840.7164676585022
0.4467620576802415 805.1755917005117
0.45936920285149824 771.4390230182926
0.47189654828056393 751.1612267346392
0.48447350382182636 727.8158138563427
0.4970859006058857 711.6542579909224
0.5096361353798312 681.6994083479004
0.522227701715784 650.8487356961778
0.5348355227589766 644.7376496466673
0.5474920039788639 619.8797905727773
0.5601365361534106 606.5123668393031
0.5727270239485921 577.1684803427733
0.5852520646971254 573.5727719088678
0.5977898476833524 552.8564817144301
0.610399607484727 540.4338119265718
0.623002092426749 511.96070435048574
0.6356030860286814 498.6547712219239
0.648230198028248 491.75020583547223
0.6608495463994362 471.99970633534133
0.6734744173919013 462.03318212669626
0.6860022567240329 452.5270706216993
0.6985809637891293 441.2404038699782
0.7111908491771065 423.27299187418487
0.7237149565943762 418.1800431774567
0.7363081577644109 404.73767120245566
0.7489074805118872 394.16315830178183
0.7615319556341432 378.9080550115223
0.7741323050847941 371.1144117428517
0.7866754473434167 361.0587088813309
0.7993235825500586 344.8632558745032
0.8119084864763942 336.72288905173946
0.824500300865101 324.647969362956
0.837103047678946 318.423496345372
0.8496433960979611 310.82812936430884
0.8622716392225018 301.3735768480769
0.8748814140551444 291.1784095872461
0.8874320306379438 285.3765397691776
0.8999827699152817 272.9645200787822
0.9125618598383773 265.48118562818297
0.9252292314560293 260.61632020536166
0.9378544149867146 253.8966347745126
0.9504457821018802 247.89044657837795
0.9630431388995914 237.96474321167167
0.9755988646043411 229.5597482484226
0.9881575396632257 224.0871231798208
1.0007426245805051 217.31655414992878
1.0132961828208358 212.15071259128916
1.0258723107356664 205.11926324460683
1.0385360311261906 197.7442771943229
1.0511519513207908 194.52060879300706
1.0637085884787192 186.59003527287032
1.0762949902025645 180.29098629886613
1.0889194251788605 176.45230718283975
1.1015128135865744 170.31480516065358
1.1140372123598803 165.86390840700545
1.1266438572582183 160.0152676302099
1.1392985127936954 155.37559201890346
1.1518802725229789 151.97669657798778
1.1644525285109788 147.03941588038737
1.1770445539533572 142.3218282795469
1.1896240437944772 137.11453570792528
1.2022063409730122 133.45865449674528
1.2147708906645525 129.5634394062609
1.2273521312637727 124.94787410988826
1.2399769911738914 122.34779456261538
1.2525667220095977 117.90386340692689
1.265133219808421 114.5368389142028
1.277751659055478 111.19957643336679
1.2903456750126405 107.81573927894983
1.3029343638221482 103.91517753121352
1.315537692904697 100.95580061978912
1.328117471481922 97.5983276466664
1.3407038618127152 94.54801558575454
1.353303995632369 91.85988185345339
1.365880197900989 88.95044159024262
1.3784547377611076 86.14354317654558
1.3910282284727569 83.4924583589839
1.4036176088634411 81.82250037951636
1.4162307266845866 79.36922760045671
1.4288327238231358 76.46520584044664
1.4414357605605117 73.62254385990947
1.4540420662985873 71.83866479790044
1.4666290001310334 69.8045656071106
1.479223233927615 67.45374816192866
1.491797940567097 65.55272479596283
1.504342072591227 64.10156101027964
1.5169427293249795 62.53253013303439
1.5295424653470218 60.8042312271319
1.5421299704605875 58.776864749826444
1.5547395520031366 57.1554092586181
1.5673496087201686 55.486037839100675
1.5799699879730211 54.50684905640147
1.5925093854124488 53.13531466673429
1.6050513674379896 51.699936394440094
1.617648660017452 50.27728788842421
1.6302445001949706 48.62165816335771
1.6428527694112276 46.902559685293554
1.6554322216394675 45.16732496164024
1.6680440255859188 43.6303426030737
1.680678920689053 42.12594262017998
1.6932331315939084 40.61033627958113
1.7057845975195454 39.06802513978795
1.7183896309732574 37.88014754709706
1.7309874185440854 36.35005763426119
1.7435623448937732 35.140021498971976
1.7561426634640553 34.06390544279312
1.768745892175798 32.82476607085771
1.7813334782050385 31.50532977890561
1.7938985526958433 30.402807007483442
1.80649808068198 29.465774960341886
1.8190945363690596 28.60857226191042
1.831693539710296 27.555626595099817
1.8442938066535501 26.427678849003815
1.8568876791935962 25.501359889117673
1.8694996979258125 24.67666891958575
1.8820874678435424 23.754797497075806
1.8946480071290963 23.018086651074128
1.9072244238241354 22.28302458721136
1.9197955083167157 21.62693872018773
1.9324077190392641 20.68686100140834
1.945026799429368 20.1488002772785
1.9575901294987041 19.39504730065187
1.9701677233625472 18.8837899214724
1.9827403283412905 18.17937476766955
1.9953314743596597 17.41006974152837
2.0079478346643826 17.115880769275744
2.020502275436277 16.305974879101548
2.033091375229665 15.886000103852462
2.045722350451928 15.33575186890926
2.058276346288374 14.966627732115832
2.0708699090952547 14.469982143720975
2.0835199499115813 14.031639300278123
2.096097125641415 13.58651289383518
2.1086272060888467 13.171329833111551
2.1211870915125575 12.76990432993487
2.133823132386974 12.377142841025567
2.146410287377133 12.002242749862141
2.1589635630855724 11.690234865605913
2.171572232546318 11.292210886590317
2.1842062325035885 10.894896384007614
2.1967582541876545 10.619483372375656
2.209329848683422 10.212348496264815
2.2219259092398183 9.920022050886885
2.234489591332658 9.683747654878427
2.247040534594895 9.227489871236148
2.2596241003144493 8.932881730463407
2.2722295314965977 8.546472885769834
2.2848348222229373 8.0827251227929
2.2974000386780062 7.803168755588567
2.30996777997099 7.420894900527424
2.3225784835721464 7.203412984223744
2.3351595212304277 6.900908453207975
2.3476935649900113 6.618852750180442
2.36034331648717 6.44083669472151
2.3730332994737777 6.191617464498536
2.385567863558989 5.948068707700971
2.398060143366871 5.682526231244068
2.4107789685311167 5.570942214617595
2.4234531099437837 5.35184984877579
2.435831195209732 5.193374532544975
2.4484709440435966 4.987802901331778
2.4612848053934653 4.912326789272488
2.473794880423983 4.654713989130321
2.486110768659142 4.607385969198916
2.498755511659819 4.398267739596717
2.5115847832453415 4.272290788595113
2.5240933241389 4.125278847601771
2.536562701110763 4.131955464248779
2.5493077516226568 3.8670705270830226
2.5619784398313192 3.861000029938445
2.57421275579835 3.6561385700813775
2.5867319401348925 3.679670119736748
2.599886904080185 3.6286571312777096
2.61260199173072 3.5541299078687536
2.624168567409626 3.5816768578639024
2.6366174310925197 3.3782488585283708
2.650287847625169 3.3839261035230757
2.6633415931334294 3.2335785351648796
2.674176912131975 3.26058280386642
2.6865492607137473 3.308971013244151
2.700777045101049 3.2925888434601203
2.714588441641025 2.76712475791814
2.72487464144735 2.863793267659734
2.7364378284531203 2.6530328865052604
2.750681750700198 2.5213535793030855
2.7647976990558147 4.025675933232194
2.776632163410777 4.619043035773939
2.7856940556078094 4.143287571514479
