0.017832091871974997 22782.47320325056
0.03021383503078688 17433.170032293827
0.04297487357678402 11558.373096933627
0.05577583798436807 10380.64330710916
0.06882863412500527 9531.747001042031
0.08110696464570474 6233.2836496217515
0.09370674553631736 5481.57529279599
0.10636019509318756 3864.0745459851237
0.11912643058557924 3747.7449144329125
0.13176693543452614 3128.32170927627
0.1441979692451031 2843.4731958227226
0.15684580028039286 2324.046187398839
0.16972024869412078 2105.3929769250353
0.18227245710657058 1940.9867804997152
0.19477416222977484 1887.2233173443312
0.20733408359476627 1542.925313821582
0.2199199214475008 1454.9249805992415
0.2325364628380127 1288.0593176300245
0.2451850514388401 1218.715806528924
0.2578378507460665 1089.249499121232
0.2703976673778467 1022.7238883295122
0.28291044117595976 957.1208483853607
0.29557053798041794 883.0766226882303
0.3081399642793118 839.7984340224283
0.32072160731469485 780.9208543817562
0.33341168081967765 728.2544182359791
0.3460758772037968 697.5591519090752
0.3586128576244023 678.4746851778243
0.3711536269502731 638.5730239297313
0.38366727025123976 610.932383669455
0.39630714272578704 563.1095912262117
0.4089399593153116 550.9083274448477
0.4215634989091968 522.9553877990404
0.43418079502572 494.98937135674515
0.4467620576802387 471.9491829550308
0.45936920285149535 447.00616815186453
0.47189654828056093 435.2137258695167
0.4844735038218233 418.44795183840677
0.49708590060588254 405.27086604149605
0.509636135379828 386.7118011480151
0.5222277017157807 366.9681598253494
0.5348355227589732 358.21482769417935
0.5474920039788604 344.5922648990822
0.5601365361534071 334.51709104764575
0.5727270239485885 320.0985569918078
0.5852520646971217 312.5266882995309
0.5977898476833486 299.92430938770167
0.6103996074847232 292.60634095168496
0.623002092426745 276.27379935633314
0.6356030860286774 266.80828120066326
0.6482301980282439 262.71912240001086
0.6608495463994319 251.56175465791904
0.673474417391897 244.86521618142925
0.6860022567240286 236.64807930725124
0.6985809637891248 232.42266962248547
0.711190849177102 218.86033669061945
0.7237149565943717 217.04535348509097
0.7363081577644063 210.03823229010032
0.7489074805118824 204.60078546654418
0.7615319556341384 194.24352547122047
0.7741323050847893 191.0331302014294
0.7866754473434117 183.92472399335443
0.7993235825500536 177.88836784184585
0.811908486476389 171.55742079816886
0.8245003008650957 165.34908722374598
0.8371030476789407 162.37845900307272
0.8496433960979558 157.00437149361602
0.8622716392224964 152.68725335736553
0.8748814140551389 146.82324749436268
0.8874320306379382 143.56083021781336
0.899982769915276 137.90540244693298
0.9125618598383716 133.85642388367887
0.9252292314560235 130.89030311509717
0.9378544149867086 127.29135193097726
0.9504457821018742 123.48353495047103
0.9630431388995853 118.60191514625066
0.9755988646043349 114.48891135409758
0.9881575396632195 111.52018830392763
1.000742624580499 108.64315722376104
1.0132961828208293 105.76423670256304
1.02587231073566 102.49316189307407
1.0385360311261842 98.4641273265394
1.051151951320784 97.13045733537827
1.0637085884787123 93.42423394970837
1.0762949902025578 90.04139945278757
1.0889194251788537 87.73329739128074
1.1015128135865673 84.52904665685216
1.1140372123598732 82.64799168149712
1.1266438572582111 79.620592739869
1.1392985127936883 77.42686766915641
1.1518802725229718 74.90672849922949
1.1644525285109715 72.56871951972909
1.1770445539533496 70.25565766447463
1.1896240437944696 68.294485439343
1.2022063409730046 66.39593906482003
1.2147708906645447 64.22719040723109
1.227352131263765 61.853784496443694
1.2399769911738834 60.282845884702155
1.25256672200959 58.23543945210318
1.265133219808413 56.64853317331127
1.2777516590554698 55.027505945328045
1.2903456750126323 53.417772018232114
1.30293436382214 51.63549050265285
1.3155376929046887 50.10965212849753
1.3281174714819135 48.45014933081455
1.3407038618127067 47.09872994743032
1.3533039956323603 45.59465787490805
1.3658801979009803 43.93826285285957
1.378454737761099 42.794341817677
1.3910282284727482 41.66896810974207
1.4036176088634322 40.64817702461172
1.4162307266845777 39.397964064833204
1.4288327238231266 37.98466403274621
1.4414357605605026 36.72054358135054
1.454042066298578 35.53283185575719
1.466629000131024 34.72329269793272
1.4792232339276057 33.716045120388166
1.4917979405670874 32.79667241343316
1.5043420725912175 31.958213038097522
1.51694272932497 31.098479272317086
1.529542465347012 30.296172543803216
1.5421299704605778 29.32113482791397
1.5547395520031269 28.545157157381148
1.5673496087201586 27.92461928685438
1.5799699879730111 27.42137845503474
1.5925093854124388 26.641539271374935
1.6050513674379794 25.93694658284125
1.6176486600174418 25.133374269527636
1.6302445001949604 24.297415673202014
1.6428527694112172 23.512498721743576
1.655432221639457 22.69769564862816
1.6680440255859081 21.75526916483398
1.6806789206890422 21.006152593973475
1.6932331315938978 20.350080078994367
1.7057845975195345 19.56211106976361
1.7183896309732465 18.921267380967297
1.7309874185440743 18.33443323403119
1.743562344893762 17.62069877892104
1.7561426634640442 17.125918761902454
1.7687458921757866 16.457545793454937
1.7813334782050272 15.881457099524845
1.793898552695832 15.324886525160425
1.8064980806819686 14.767672025234909
1.819094536369048 14.385797935085124
1.8316935397102843 13.879311585559647
1.8442938066535386 13.307928736151558
1.8568876791935844 12.83690410212667
1.8694996979258005 12.526725630369818
1.8820874678435306 12.063788887123401
1.8946480071290843 11.656732328516325
1.9072244238241234 11.252337096984835
1.9197955083167035 10.913112255677794
1.9324077190392517 10.577808920125705
1.9450267994293555 10.242678267235684
1.957590129498692 9.85208285887081
1.9701677233625348 9.555814487453908
1.982740328341278 9.197027779229733
1.995331474359647 8.915616494614577
2.00794783466437 8.689903411959333
2.020502275436264 8.304931136866527
2.033091375229652 8.067216867049229
2.045722350451915 7.825705134539253
2.058276346288361 7.694287190854842
2.0708699090952414 7.43687759482961
2.083519949911568 7.212806541921377
2.0960971256414016 6.982202914922834
2.1086272060888334 6.7584969720562444
2.121187091512544 6.544825808336349
2.13382313238696 6.335395117887971
2.1464102873771194 6.16546027384603
2.1589635630855586 6.027085623577782
2.1715722325463043 5.810905374167711
2.1842062325035743 5.6840970186983855
2.1967582541876407 5.488947238868296
2.209329848683408 5.310412930308404
2.221925909239804 5.1534264460694
2.234489591332644 5.013510574357059
2.247040534594881 4.830072289824376
2.259624100314435 4.652583194111145
2.2722295314965835 4.432979083245317
2.2848348222229227 4.236319505473934
2.2974000386779916 4.051156261721487
2.3099677799709757 3.8402274901348314
2.3225784835721317 3.7516081525105833
2.3351595212304126 3.6013696153203036
2.347693564989996 3.485203056242754
2.360343316487155 3.3090932804948543
2.3730332994737626 3.2380262569971037
2.385567863558974 3.150489923025578
2.398060143366856 2.9544346248509292
2.4107789685311016 2.913916323429565
2.423453109943768 2.765437689179502
2.4358311952097162 2.702554690363829
2.448470944043581 2.662111236602283
2.4612848053934497 2.59956626222546
2.4737948804239673 2.4671674841748588
2.4861107686591266 2.4549361870442037
2.498755511659803 2.3728353579790884
2.5115847832453255 2.300079586554945
2.524093324138884 2.259287046113785
2.5365627011107468 2.2072146640100896
2.549307751622641 2.1469153369554435
2.5619784398313032 2.160812836893979
2.5742127557983334 2.0495841804907498
2.586731940134876 1.9769332953515002
2.5998869040801686 1.9126191992018249
2.6126019917307035 1.969606794211677
2.624168567409609 1.8825565283520242
2.636617431092503 1.883112914528738
2.650287847625152 1.8966959493890863
2.6633415931334126 1.7989009850410957
2.674176912131958 1.7610648920478291
2.6865492607137305 1.7202635798495334
2.7007770451010322 1.6646964279577994
2.7145884416410078 1.6458907163042933
2.7248746414473333 1.511661476915518
2.736437828453103 1.725490344913212
2.750681750700181 1.298179317956171
2.764797699055797 1.6721576360532653
2.77663216341076 1.928844054445784
2.785694055607792 1.8700116137037208
