0.017832091871975004 22963.73076528136
0.030213835030786895 17779.615258200512
0.04297487357678404 12061.887966461221
0.05577583798436809 11118.889392321407
0.0688286341250053 10426.016977832252
0.08110696464570477 6998.206944221585
0.0937067455363174 6316.616884751637
0.1063601950931876 4572.163724788274
0.1191264305855793 4486.952057272845
0.1317669354345262 3783.600838709209
0.14419796924510317 3485.949644488843
0.1568458002803929 2869.5471188262445
0.16972024869412086 2622.4016071087262
0.18227245710657067 2411.722788663513
0.19477416222977492 2349.842119994426
0.20733408359476635 1928.5334671616592
0.21991992144750092 1821.434620121748
0.23253646283801277 1621.7360983269557
0.24518505143884017 1530.446243527583
0.25783785074606663 1364.4110441408832
0.2703976673778468 1291.6137239858665
0.28291044117595987 1210.4138467397893
0.29557053798041805 1110.4983619311472
0.3081399642793119 1063.717193986771
0.32072160731469496 990.8320197361902
0.3334116808196778 922.6241499716338
0.34607587720379696 881.7493525773482
0.3586128576244025 852.5200311017999
0.37115362695027326 808.5191943732481
0.38366727025123987 771.3715436207351
0.3963071427257872 710.7481528837645
0.40893995931531174 699.1492367193378
0.421563498909197 662.4613614456414
0.4341807950257202 628.4791980105944
0.44676205768023886 596.6588528557553
0.4593692028514955 565.6822954148521
0.4718965482805611 549.5231053984395
0.48447350382182347 531.8959522411786
0.49708590060588276 514.4976567664436
0.5096361353798282 488.94710164067817
0.5222277017157809 465.34067318389
0.5348355227589734 451.36903158808235
0.5474920039788607 436.62692458668585
0.5601365361534073 420.9695892142536
0.5727270239485888 405.4178610929654
0.585252064697122 395.8589851667105
0.5977898476833489 379.61884240325315
0.6103996074847234 370.940698378731
0.6230020924267453 349.4482138968827
0.6356030860286777 338.24346060812144
0.6482301980282442 333.7943680428238
0.6608495463994322 318.1615122494388
0.6734744173918973 310.1624337410935
0.6860022567240288 301.92779432641436
0.6985809637891252 294.93513567317535
0.7111908491771023 277.0694016644826
0.7237149565943719 274.8770548337081
0.7363081577644066 266.3857337577627
0.7489074805118827 258.7074947892494
0.7615319556341388 247.1773702405334
0.7741323050847896 241.69380120358088
0.786675447343412 232.79557988580308
0.799323582550054 225.57321754518512
0.8119084864763894 217.76421666574464
0.8245003008650961 210.08754803397716
0.8371030476789411 206.3120522780574
0.8496433960979561 198.77938329246624
0.8622716392224967 193.48372832543464
0.8748814140551392 185.7386682648415
0.8874320306379386 182.33952664145295
0.8999827699152764 175.0069847893702
0.912561859838372 169.81421243219012
0.9252292314560239 165.88855901659844
0.9378544149867091 161.6314346373546
0.9504457821018747 157.11901650089428
0.9630431388995856 150.69283820453313
0.9755988646043353 145.79238267485394
0.9881575396632198 142.01563744096242
1.0007426245804993 137.7821564007685
1.0132961828208298 134.01156978245086
1.0258723107356604 130.29634305499263
1.0385360311261846 124.75888174434472
1.0511519513207843 122.69673630192933
1.0637085884787127 118.67198442737302
1.0762949902025583 114.2851313432802
1.088919425178854 111.56262475420067
1.1015128135865677 107.53029782690103
1.1140372123598736 104.97022443034118
1.1266438572582116 100.96782366316519
1.1392985127936888 98.42517225778953
1.1518802725229722 95.14109821278923
1.164452528510972 92.20831167554759
1.1770445539533503 89.33243307918582
1.18962404379447 86.8378482360138
1.202206340973005 84.19907549905233
1.2147708906645451 81.8040461483365
1.2273521312637654 78.38282992740591
1.2399769911738838 76.85496133041562
1.2525667220095904 74.07306134435053
1.2651332198084135 72.0610353084048
1.2777516590554705 69.74461946461743
1.290345675012633 67.8320811360997
1.3029343638221405 65.73825710427442
1.3155376929046891 63.95649046720116
1.328117471481914 61.67718827091997
1.3407038618127072 59.7567182561821
1.353303995632361 58.01275249832282
1.3658801979009807 55.98218540712592
1.3784547377610996 54.56142427864774
1.3910282284727487 52.97710348241417
1.4036176088634327 51.63305568077887
1.4162307266845782 50.19535823795175
1.4288327238231273 48.38621428501186
1.4414357605605033 46.9000158852152
1.4540420662985787 45.543638934764985
1.4666290001310247 44.3599339101968
1.4792232339276061 43.13283145812674
1.491797940567088 41.89721483872314
1.5043420725912182 40.773004241865195
1.5169427293249707 39.77486177891512
1.5295424653470127 38.731914156304356
1.5421299704605784 37.41228344310777
1.5547395520031273 36.33037735208699
1.5673496087201593 35.51516875798098
1.5799699879730118 34.987120641856684
1.5925093854124395 34.10507958711998
1.60505136743798 33.17273874481688
1.6176486600174425 32.23088987078132
1.630244500194961 31.092313679950735
1.6428527694112178 30.034165827625593
1.6554322216394577 28.989104026010185
1.6680440255859088 27.91370064269243
1.680678920689043 26.974758894210176
1.6932331315938984 26.03389993887086
1.7057845975195352 25.080070625366957
1.7183896309732472 24.36932315997899
1.730987418544075 23.437703217249403
1.7435623448937627 22.634053850256123
1.756142663464045 21.920958468421166
1.7687458921757873 21.128050296442407
1.781333478205028 20.369923587536157
1.7938985526958326 19.636575422424734
1.8064980806819693 19.003009881285436
1.8190945363690487 18.480449755939354
1.8316935397102851 17.835662641668375
1.8442938066535393 17.182356467481792
1.8568876791935853 16.50870782179827
1.8694996979258014 16.00454169433254
1.8820874678435313 15.45574617830251
1.8946480071290852 14.997983103454745
1.907224423824124 14.497351419562658
1.9197955083167042 14.062537465798798
1.9324077190392526 13.565126151966696
1.9450267994293564 13.089787586623661
1.9575901294986926 12.687543925570532
1.9701677233625357 12.292386249924258
1.9827403283412788 11.86163086439866
1.995331474359648 11.479680628696766
2.0079478346643707 11.178208194644386
2.020502275436265 10.706339719857938
2.033091375229653 10.382076785448994
2.045722350451916 10.057689645040469
2.0582763462883618 9.8467838841077
2.0708699090952423 9.596231987369208
2.083519949911569 9.228936616945573
2.0960971256414025 8.885590684124265
2.1086272060888342 8.673216177721555
2.121187091512545 8.382255040749929
2.133823132386961 8.085925994165338
2.1464102873771203 7.973986872622875
2.1589635630855595 7.636645388849633
2.171572232546305 7.407149447290055
2.184206232503575 7.25104868813426
2.1967582541876416 7.042078153779124
2.2093298486834088 6.823442568456491
2.2219259092398054 6.637744510267383
2.234489591332645 6.401646877459017
2.2470405345948823 6.166684099311817
2.259624100314436 5.986814440358617
2.2722295314965844 5.733434474284607
2.2848348222229236 5.395381750167792
2.2974000386779925 5.222254599778711
2.3099677799709766 4.955059232438292
2.3225784835721326 4.857644614185995
2.3351595212304135 4.672555457182655
2.347693564989997 4.5133496644142035
2.360343316487156 4.319773915492106
2.3730332994737635 4.186954813732723
2.385567863558975 4.087172037138927
2.3980601433668567 3.873279653741241
2.4107789685311025 3.7783410933702264
2.4234531099437695 3.651011232485006
2.4358311952097176 3.533130464677431
2.4484709440435823 3.440495446717367
2.4612848053934506 3.3550536060180516
2.4737948804239682 3.1967620979215927
2.4861107686591275 3.2344664016495326
2.498755511659804 3.0446985999182714
2.5115847832453264 2.9516486065396492
2.5240933241388848 2.830124510077525
2.536562701110748 2.84321294943935
2.5493077516226417 2.733352193245807
2.561978439831304 2.669950089576729
2.5742127557983343 2.6115437679895273
2.5867319401348774 2.505735378218218
2.59988690408017 2.4472924415448265
2.6126019917307044 2.5210150129305497
2.6241685674096105 2.485192907480722
2.636617431092504 2.423948342108606
2.6502878476251532 2.279749113298665
2.663341593133414 2.381869751618354
2.6741769121319594 2.3919395222471334
2.6865492607137313 2.2706402638098013
2.700777045101033 2.268323748929188
2.7145884416410087 2.2133261377306224
2.724874641447334 1.8609170675626647
2.7364378284531043 2.1047638768574037
2.750681750700182 2.1465316309601494
2.7647976990557983 2.074813069076475
2.7766321634107607 2.560171131503066
2.785694055607793 1.5707660778350174
