0.01783209187197501 22900.374927889214
0.030213835030786906 17731.082176457523
0.04297487357678406 12030.184547178895
0.055775837984368117 11091.398191094922
0.06882863412500533 10400.026822760356
0.08110696464570481 6981.4121007273225
0.09370674553631744 6302.373781086271
0.10636019509318764 4562.276342294517
0.11912643058557934 4478.788105293745
0.13176693543452625 3777.3145666616647
0.14419796924510322 3481.341857155022
0.15684580028039297 2866.21915158866
0.16972024869412092 2620.7567310737327
0.18227245710657075 2410.3742428004466
0.194774162229775 2349.7595955542206
0.20733408359476646 1928.5879678642082
0.219919921447501 1822.5452700331334
0.23253646283801288 1623.3984652230897
0.24518505143884028 1532.427681875948
0.25783785074606674 1366.6534148000533
0.27039766737784693 1294.4075489604177
0.28291044117596 1213.5433258746702
0.29557053798041816 1113.8112159005682
0.308139964279312 1067.6014455936136
0.3207216073146951 994.5624939677772
0.3334116808196779 926.7294515268392
0.34607587720379707 886.5256216811194
0.3586128576244026 857.3534124768325
0.3711536269502734 813.4175413314352
0.38366727025124003 776.3623411238675
0.3963071427257874 715.4857318752382
0.4089399593153119 704.369854557855
0.42156349890919714 667.491526043829
0.4341807950257204 633.6101222052392
0.4467620576802391 601.653969396108
0.4593692028514957 570.8145324148601
0.4718965482805613 554.5755793131473
0.4844735038218237 537.1837902488185
0.497085900605883 519.531264032699
0.5096361353798284 494.03973768014174
0.5222277017157811 470.4621197768904
0.5348355227589736 456.26614276516585
0.5474920039788609 441.7206957257999
0.5601365361534075 425.8812664756409
0.572727023948589 410.5578530528211
0.5852520646971222 400.8020439385749
0.5977898476833492 384.4946335830518
0.6103996074847237 375.95374538782715
0.6230020924267455 354.15492292312456
0.6356030860286779 342.95009417511613
0.6482301980282444 338.4978520659822
0.6608495463994325 322.84479505433785
0.6734744173918975 314.8150690757686
0.6860022567240291 306.45915322526656
0.6985809637891255 299.50487543182913
0.7111908491771025 281.33289005085413
0.7237149565943722 279.20841683137206
0.736308157764407 270.6957935105629
0.748907480511883 263.06351772108417
0.7615319556341391 251.32573274281657
0.7741323050847899 245.84860464837197
0.7866754473434123 236.79615236811384
0.7993235825500543 229.4740509755709
0.8119084864763897 221.50034178734933
0.8245003008650964 213.7936908308701
0.8371030476789414 210.0643826098881
0.8496433960979565 202.3954440523404
0.8622716392224972 197.0205926912333
0.8748814140551395 189.2449016412022
0.887432030637939 185.8090650922677
0.8999827699152768 178.3509446091689
0.9125618598383723 173.13882912903276
0.9252292314560242 169.1052556841782
0.9378544149867094 164.8154621383589
0.950445782101875 160.23816467588702
0.963043138899586 153.7492882861533
0.9755988646043358 148.78465541518028
0.9881575396632203 144.96298086793462
1.0007426245804996 140.657284408657
1.0132961828208302 136.81801785936335
1.0258723107356609 133.00120448990018
1.038536031126185 127.41887906066195
1.0511519513207848 125.36530110014252
1.0637085884787132 121.28784072273835
1.0762949902025587 116.79740267154034
1.0889194251788545 114.05252083862005
1.1015128135865682 109.94298630814832
1.114037212359874 107.34265907464052
1.126643857258212 103.2594341600543
1.1392985127936892 100.69078592963093
1.1518802725229726 97.29347255945854
1.1644525285109724 94.33296016465992
1.1770445539533507 91.43123225365555
1.1896240437944705 88.91208350329373
1.2022063409730055 86.22152085231555
1.2147708906645458 83.7567227372103
1.227352131263766 80.26514466967377
1.2399769911738845 78.67206212190348
1.2525667220095908 75.86937075553747
1.265133219808414 73.83122325838256
1.277751659055471 71.4632877914485
1.2903456750126334 69.54630547450077
1.302934363822141 67.37755667456491
1.3155376929046898 65.5813529872411
1.3281174714819146 63.265291524629944
1.3407038618127078 61.29621374109113
1.3533039956323614 59.50696249749968
1.3658801979009814 57.42473556388127
1.3784547377611 55.97655476510158
1.3910282284727493 54.3427020123866
1.4036176088634333 52.975610557249
1.4162307266845788 51.51510685903514
1.4288327238231278 49.66748683552699
1.441435760560504 48.16928041091558
1.4540420662985793 46.761998698255155
1.4666290001310254 45.56278709484099
1.4792232339276068 44.31272617497939
1.4917979405670887 43.02042811585889
1.5043420725912189 41.86817998421641
1.516942729324971 40.88296982169563
1.5295424653470133 39.81176379741237
1.542129970460579 38.4407312132269
1.554739552003128 37.348169367530005
1.56734960872016 36.51445356451295
1.5799699879730125 35.96889408955385
1.5925093854124401 35.07991197746579
1.6050513674379807 34.113243162357854
1.6176486600174431 33.14240049562191
1.6302445001949617 31.990550128323516
1.6428527694112185 30.91093207443631
1.6554322216394584 29.832160704060833
1.6680440255859095 28.72890831541005
1.6806789206890436 27.775168876648873
1.693233131593899 26.81124784166016
1.705784597519536 25.821124950328443
1.718389630973248 25.110754116731634
1.730987418544076 24.143439330651784
1.7435623448937634 23.330226497483665
1.7561426634640456 22.5879299127922
1.7687458921757881 21.783527393618698
1.7813334782050287 21.003325300403688
1.7938985526958335 20.238875782957315
1.8064980806819702 19.599749413936856
1.8190945363690496 19.05742602615581
1.8316935397102858 18.406076046314404
1.8442938066535401 17.722272387976137
1.856887679193586 17.0260372294706
1.869499697925802 16.503466148037653
1.8820874678435322 15.945206970755809
1.8946480071290859 15.481180152050923
1.907224423824125 14.968898994181194
1.919795508316705 14.511245101885676
1.9324077190392535 14.011175163436677
1.945026799429357 13.51053910574175
1.9575901294986935 13.10220473236579
1.9701677233625363 12.699775657228695
1.9827403283412797 12.243935945606557
1.9953314743596486 11.855250671424391
2.0079478346643715 11.542426314556703
2.020502275436266 11.075487476478983
2.0330913752296538 10.739672045629804
2.045722350451917 10.403961778030705
2.0582763462883626 10.190014080168941
2.070869909095243 9.922725991234726
2.0835199499115697 9.54769757696498
2.0960971256414034 9.198323541285015
2.108627206088835 8.977272373318092
2.121187091512546 8.675902786273094
2.133823132386962 8.372132737607942
2.146410287377121 8.264584713265371
2.1589635630855604 7.892649212166
2.171572232546306 7.665401080708655
2.184206232503576 7.510962345849506
2.1967582541876425 7.291950593945759
2.2093298486834096 7.063648527969744
2.2219259092398063 6.872661545651452
2.234489591332646 6.634568408050033
2.247040534594883 6.389000007054262
2.259624100314437 6.199779250567287
2.2722295314965852 5.9439168781604
2.2848348222229244 5.588248777751673
2.2974000386779934 5.407059922145604
2.3099677799709775 5.13608073562632
2.3225784835721335 5.035717845443841
2.335159521230415 4.835780576143752
2.3476935649899984 4.676942536948592
2.3603433164871572 4.480482790400992
2.3730332994737644 4.3319523726088045
2.385567863558976 4.241554090046775
2.3980601433668576 4.013539631364032
2.410778968531104 3.9175475753195563
2.4234531099437704 3.780571610777301
2.4358311952097185 3.659205557449047
2.4484709440435832 3.5646165877492257
2.461284805393452 3.472957297180994
2.4737948804239696 3.3116771529650446
2.4861107686591284 3.3512536857495876
2.4987555116598053 3.171670371535448
2.5115847832453273 3.068761210938699
2.5240933241388857 2.9343329201783495
2.536562701110749 2.944500012311593
2.5493077516226426 2.847954135489618
2.561978439831305 2.7850822452150967
2.5742127557983356 2.7058239807314988
2.5867319401348783 2.5947952194307793
2.599886904080171 2.5378212106739126
2.6126019917307057 2.629787038848231
2.6241685674096114 2.571912878983663
2.636617431092505 2.5138851531801416
2.650287847625154 2.352558772053049
2.663341593133415 2.4754632390051396
2.6741769121319603 2.5085148285577694
2.6865492607137327 2.3570277943960445
2.7007770451010344 2.3378214927574468
2.71458844164101 2.325785023359995
2.7248746414473355 1.9385729007275587
2.7364378284531052 2.196754139770304
2.750681750700183 2.2451730045092
2.7647976990557996 2.1356118287818733
2.776632163410762 2.433816561975635
2.7856940556077943 1.3945357998360695
