0.01783209187197512 22905.334407259197
0.03021383503078709 17733.9605985965
0.04297487357678432 12031.246767742648
0.055775837984368457 11091.263725344199
0.06882863412500574 10399.895589132875
0.0811069646457053 6980.69865942243
0.09370674553631801 6301.065627337656
0.1063601950931883 4561.179641839533
0.11912643058558006 4477.021785339347
0.13176693543452705 3775.4893175172783
0.1441979692451041 3478.8086174599243
0.15684580028039394 2863.6741436047087
0.16972024869412194 2617.587543993366
0.18227245710657186 2407.460830453931
0.19477416222977617 2346.1329058739093
0.2073340835947677 1925.4143997490482
0.21991992144750233 1818.9227047272561
0.23253646283801427 1619.5920083127285
0.24518505143884178 1528.5843370131881
0.2578378507460683 1362.8236326911228
0.2703976673778486 1290.2266382771486
0.2829104411759617 1209.2739384003728
0.29557053798042 1109.4454756720397
0.3081399642793139 1062.9288929212812
0.32072160731469707 990.087125333049
0.33341168081968 922.0455237278976
0.3460758772037992 881.2538446485894
0.35861285762440476 852.0154775513373
0.37115362695027565 808.1547258385086
0.38366727025124236 770.9623289804482
0.39630714272578976 710.3285067232032
0.40893995931531435 698.8011251884982
0.4215634989091997 662.0988794673344
0.434180795025723 628.2192214065582
0.4467620576802418 596.299294365635
0.4593692028514985 565.3304133242482
0.47189654828056415 549.1049609406901
0.48447350382182663 531.5731906446707
0.497085900605886 514.1056991226787
0.5096361353798314 488.636012909418
0.5222277017157843 464.9560606694361
0.5348355227589768 450.9923346612449
0.5474920039788642 436.2135727457873
0.560136536153411 420.5664693103842
0.5727270239485924 405.01621479770625
0.5852520646971258 395.33599567554165
0.5977898476833527 379.13295102565206
0.6103996074847274 370.4347482748753
0.6230020924267493 348.99517223703566
0.6356030860286818 337.7282853848477
0.6482301980282483 333.3385672744607
0.6608495463994365 317.7019838180785
0.6734744173919016 309.71165038573406
0.6860022567240333 301.46059131574
0.6985809637891297 294.43760053576165
0.7111908491771068 276.6095905659726
0.7237149565943767 274.32150103186126
0.7363081577644114 265.9480322759891
0.7489074805118876 258.1782331486412
0.7615319556341437 246.70221421848203
0.7741323050847946 241.18527879340022
0.7866754473434171 232.33835456507055
0.7993235825500591 225.0464363649984
0.8119084864763947 217.32240408925412
0.8245003008651015 209.67193687558378
0.8371030476789465 205.85272060664084
0.8496433960979617 198.35356080775514
0.8622716392225024 193.03047461755457
0.8748814140551449 185.32577911991436
0.8874320306379443 181.93605034709978
0.8999827699152823 174.57545535903182
0.9125618598383779 169.3643848424607
0.9252292314560299 165.4950013370678
0.9378544149867151 161.1605426128152
0.9504457821018808 156.76108744177074
0.9630431388995918 150.2565265763703
0.9755988646043416 145.42266877746283
0.9881575396632263 141.6311335883703
1.0007426245805058 137.40806425688
1.0132961828208364 133.64113822811296
1.025872310735667 129.95209554809273
1.0385360311261913 124.40602073599837
1.0511519513207912 122.32200742662424
1.0637085884787196 118.28748382084504
1.0762949902025651 113.94074004790541
1.0889194251788612 111.23261982954197
1.101512813586575 107.20410585546475
1.114037212359881 104.66009862876172
1.126643857258219 100.67217046291623
1.139298512793696 98.13885699162383
1.1518802725229795 94.83396747288248
1.1644525285109795 91.93501447888171
1.1770445539533578 89.05840714562
1.1896240437944778 86.54839391762874
1.2022063409730128 83.9336519428165
1.2147708906645531 81.57030912135687
1.2273521312637734 78.16631968038496
1.239976991173892 76.60725444844071
1.2525667220095986 73.83736272666542
1.2651332198084217 71.84508412207417
1.2777516590554787 69.51846745327768
1.2903456750126412 67.60563707206637
1.3029343638221489 65.51549271777493
1.3155376929046976 63.7399937766023
1.3281174714819226 61.468132307075166
1.3407038618127158 59.5694577369079
1.3533039956323696 57.82202298503595
1.3658801979009896 55.794600181649436
1.3784547377611085 54.37894888092609
1.3910282284727578 52.807048443453404
1.4036176088634418 51.45485240443609
1.4162307266845875 50.02384311407898
1.4288327238231364 48.23133635661707
1.4414357605605126 46.74037417944341
1.454042066298588 45.40102211866832
1.4666290001310343 44.21422621963602
1.479223233927616 43.00289688622079
1.4917979405670978 41.767739145760636
1.504342072591228 40.65094846043772
1.5169427293249804 39.64934467249471
1.5295424653470224 38.596879328541014
1.5421299704605884 37.29780123331712
1.5547395520031375 36.21684319316214
1.5673496087201695 35.40155841371122
1.579969987973022 34.879673296600885
1.5925093854124497 33.98952951616575
1.6050513674379905 33.07428415570474
1.6176486600174529 32.11747773004276
1.6302445001949715 30.992468912133525
1.6428527694112285 29.941259929466536
1.6554322216394683 28.8965736642767
1.6680440255859197 27.814053157453603
1.6806789206890538 26.87678853254566
1.6932331315939093 25.947355615419145
1.7057845975195463 24.995505005188967
1.7183896309732583 24.279197597581174
1.7309874185440863 23.346739583584764
1.743562344893774 22.54754826689911
1.7561426634640562 21.83707857172693
1.7687458921757988 21.046964176239157
1.7813334782050396 20.29446147979203
1.7938985526958444 19.56446774347418
1.806498080681981 18.923294588505446
1.8190945363690607 18.410721532371298
1.831693539710297 17.763416078951604
1.8442938066535512 17.108784137193435
1.8568876791935973 16.442288073872096
1.8694996979258134 15.948611691125965
1.8820874678435435 15.392196986722153
1.8946480071290974 14.941897157739538
1.9072244238241365 14.43561459195251
1.9197955083167166 14.009521890151028
1.932407719039265 13.512260462456874
1.945026799429369 13.033854973434973
1.9575901294987053 12.645350458965082
1.9701677233625483 12.252060355150125
1.9827403283412917 11.812227694682186
1.9953314743596609 11.445559449085945
2.007947834664384 11.132765047033436
2.020502275436278 10.665659963320993
2.033091375229666 10.3358679690101
2.0457223504519293 10.017794674639477
2.058276346288375 9.810813418730499
2.0708699090952556 9.562938911945926
2.0835199499115826 9.1898123164406
2.096097125641416 8.849535991865242
2.108627206088848 8.635720286077369
2.121187091512559 8.35134397924568
2.1338231323869747 8.059054887479954
2.146410287377134 7.941769729908135
2.1589635630855737 7.604092141990693
2.1715722325463194 7.380321519310065
2.1842062325035894 7.223110430511448
2.196758254187656 7.027636975774594
2.2093298486834234 6.792179377984701
2.2219259092398196 6.612586924176852
2.2344895913326592 6.372055848672425
2.2470405345948965 6.143996963015554
2.2596241003144506 5.961943397555247
2.272229531496599 5.712611048319088
2.284834822222938 5.372004549799849
2.2974000386780076 5.196886494814207
2.3099677799709912 4.937730779332466
2.3225784835721477 4.8364975188614325
2.3351595212304286 4.655730576779876
2.3476935649900126 4.495650525158793
2.3603433164871714 4.3087660620952
2.373033299473779 4.170844542933148
2.3855678635589905 4.071320297688483
2.3980601433668722 3.8553732406802026
2.410778968531118 3.7598846417755016
2.423453109943785 3.6347651785286335
2.435831195209733 3.520235410386289
2.448470944043598 3.4226750699417425
2.4612848053934666 3.3364895225746265
2.473794880423984 3.1859950292786463
2.4861107686591435 3.222931582486565
2.4987555116598203 3.03659420877251
2.511584783245343 2.9398386172934603
2.524093324138901 2.8229418762765284
2.5365627011107645 2.8303035635496725
2.549307751622658 2.7371739626046314
2.5619784398313206 2.6620310877400066
2.574212755798351 2.604569418576565
2.5867319401348943 2.4940732604557927
2.599886904080187 2.4348113075387627
2.6126019917307213 2.5071385117407923
2.6241685674096273 2.475098067251464
2.636617431092521 2.420202331504276
2.65028784762517 2.27211106723361
2.663341593133431 2.3889704400045555
2.6741769121319767 2.383443491622918
2.6865492607137487 2.2577050155116405
2.700777045101051 2.2670097421078146
2.7145884416410264 2.2209461454466406
2.724874641447352 1.8732510082675793
2.736437828453122 2.102594257249457
2.7506817507002 2.1110785172160083
2.764797699055816 2.1266260801106256
2.776632163410779 2.54054670779829
2.785694055607811 1.3949992411824867
