0.01783209187197508 22881.071711133598
0.030213835030787027 17691.943896276858
0.04297487357678423 11962.046873927364
0.05577583798436834 11007.641262757481
0.0688286341250056 10343.086751320474
0.08110696464570513 6930.808457288112
0.09370674553631782 6263.38916965182
0.10636019509318807 4525.7295011329325
0.11912643058557981 4459.788270262737
0.13176693543452678 3767.615583480523
0.1441979692451038 3477.8050478460673
0.1568458002803936 2884.056700638175
0.16972024869412158 2644.554925123967
0.18227245710657147 2454.241156824606
0.19477416222977578 2398.2619809991033
0.20733408359476727 1983.0591744484366
0.21991992144750186 1883.2994985731123
0.2325364628380138 1676.7278175431984
0.24518505143884126 1599.9354097127602
0.2578378507460678 1430.6697558099586
0.27039766737784804 1354.3357974373746
0.2829104411759611 1275.983089744863
0.2955705379804194 1180.5948543854026
0.3081399642793133 1123.651161532134
0.3207216073146964 1053.786955018673
0.33341168081967926 981.8938513960481
0.34607587720379845 940.6165767579364
0.35861285762440404 917.2416186956482
0.3711536269502749 867.5210798991463
0.3836672702512416 829.8674806030795
0.39630714272578893 770.8975940066175
0.4089399593153135 752.6375275135335
0.42156349890919886 718.0085742302421
0.4341807950257221 679.9408540978884
0.44676205768024085 648.2496130257986
0.4593692028514975 615.6418484325487
0.4718965482805632 598.1769793599316
0.48447350382182564 577.3090143631182
0.4970859006058849 562.5700511180696
0.5096361353798304 535.7093075212906
0.5222277017157833 508.4220907837677
0.5348355227589757 499.30486603396673
0.547492003978863 480.10375773041244
0.5601365361534097 466.7311080951895
0.5727270239485912 444.5124278817267
0.5852520646971245 437.49400658674614
0.5977898476833515 420.5091433695514
0.6103996074847261 409.5982418444491
0.6230020924267481 386.94196417910854
0.6356030860286804 374.9061856817935
0.648230198028247 369.9701728899193
0.6608495463994352 353.2432665701269
0.6734744173919003 344.946405547275
0.6860022567240319 336.01591388986975
0.6985809637891283 327.9908040892177
0.7111908491771054 310.8965797343905
0.7237149565943751 307.29164593328994
0.7363081577644098 297.5391140915447
0.748907480511886 288.6911071468277
0.7615319556341421 276.6805747551978
0.774132305084793 270.4537998184626
0.7866754473434154 262.15554273907765
0.7993235825500574 252.1093751227684
0.8119084864763929 244.65309533553128
0.8245003008650997 235.78721312376237
0.8371030476789448 230.4585260846828
0.8496433960979599 224.1136576188245
0.8622716392225006 217.06017160568663
0.8748814140551431 208.92272493669515
0.8874320306379425 204.37053249316077
0.8999827699152804 196.19592190171292
0.912561859838376 190.254825191611
0.925229231456028 186.3100751301931
0.9378544149867132 181.13632744627003
0.9504457821018788 176.7057207234615
0.9630431388995899 169.3645542700495
0.9755988646043396 163.5741765809956
0.9881575396632243 159.46908594162196
1.0007426245805036 154.59661327096748
1.0132961828208342 150.90326530220196
1.0258723107356649 146.2944789103405
1.038536031126189 140.18752165953953
1.051151951320789 137.80828150470066
1.0637085884787174 132.60543595426986
1.076294990202563 127.8634308395561
1.088919425178859 124.70372897350447
1.1015128135865726 120.37239123275366
1.1140372123598785 117.29087811972511
1.1266438572582165 113.2699025601492
1.1392985127936937 109.63893867054098
1.1518802725229773 107.02640708091171
1.164452528510977 103.37588004853755
1.1770445539533554 99.66278454015105
1.1896240437944754 96.52482146597615
1.2022063409730104 93.83828921555074
1.2147708906645507 91.0577898152828
1.227352131263771 87.57295357207155
1.2399769911738894 85.6548290705205
1.252566722009596 82.51784039270366
1.265133219808419 80.1251413747836
1.277751659055476 77.56260147758051
1.2903456750126385 75.36213078986354
1.3029343638221462 72.69281562303935
1.315537692904695 70.71142085596449
1.32811747148192 68.10740370963896
1.3407038618127132 66.14859462280124
1.353303995632367 64.19247540131875
1.3658801979009867 61.88145318387984
1.3784547377611056 60.18896629341937
1.3910282284727549 58.403432671087465
1.403617608863439 57.02342282176902
1.4162307266845844 55.275552031370545
1.4288327238231335 53.11570160403095
1.4414357605605095 51.24118149468675
1.4540420662985851 49.920599492061584
1.4666290001310311 48.5760125449578
1.4792232339276128 46.98765283262858
1.4917979405670947 45.82977376820684
1.5043420725912249 44.51382480404347
1.5169427293249773 43.507877969750304
1.5295424653470193 42.265481680433325
1.5421299704605853 41.00007224936571
1.5547395520031342 39.66717566204163
1.5673496087201662 38.60517348404839
1.5799699879730187 37.92436042319971
1.5925093854124464 36.90039408775418
1.6050513674379872 35.94267496312364
1.6176486600174496 34.92947361494523
1.6302445001949681 33.67714020434818
1.6428527694112252 32.489886743571674
1.655432221639465 31.2938168496281
1.6680440255859161 30.090205261756303
1.6806789206890502 29.0014742842838
1.6932331315939058 27.945595711203083
1.7057845975195427 26.95080342446737
1.7183896309732547 26.023336882191273
1.7309874185440828 25.112770179924656
1.7435623448937705 24.23218396443066
1.7561426634640527 23.485722997294747
1.7687458921757953 22.583522595908473
1.7813334782050358 21.72398623626257
1.7938985526958406 20.901892194089335
1.8064980806819773 20.181044260310284
1.819094536369057 19.629557275681957
1.8316935397102931 18.875806323577223
1.8442938066535475 18.164419421714353
1.8568876791935933 17.511343988764676
1.8694996979258096 16.970089279083314
1.8820874678435398 16.324981553728175
1.8946480071290934 15.800775878391116
1.9072244238241325 15.221873935219223
1.9197955083167129 14.780302053498778
1.932407719039261 14.169781104097813
1.9450267994293648 13.816294505625264
1.9575901294987013 13.300144205405115
1.9701677233625443 12.891436718241165
1.9827403283412874 12.443801856315416
1.9953314743596566 11.9721514420088
2.0079478346643795 11.700998621382338
2.020502275436274 11.119233839784103
2.0330913752296618 10.799759199578952
2.045722350451925 10.419457515455285
2.058276346288371 10.229231933676799
2.0708699090952516 9.894014975786314
2.083519949911578 9.524681799889182
2.096097125641412 9.237585271393112
2.1086272060888436 8.932771891570185
2.1211870915125544 8.637770900676612
2.1338231323869707 8.42329943297056
2.1464102873771296 8.173003614800919
2.158963563085569 7.937077548475485
2.171572232546315 7.708815289176936
2.184206232503585 7.419349020824737
2.1967582541876514 7.203567639219422
2.2093298486834185 6.947178751501244
2.221925909239815 6.770090823566523
2.234489591332655 6.57607479133015
2.247040534594892 6.269942511514039
2.259624100314446 6.127490591508848
2.272229531496594 5.814526905274077
2.2848348222229338 5.447179443400955
2.2974000386780027 5.293884270198325
2.309967779970987 5.052421325108727
2.322578483572143 4.910655033463449
2.335159521230424 4.710128110920231
2.3476935649900077 4.501276248879197
2.3603433164871666 4.323477332622226
2.3730332994737737 4.184327652109003
2.3855678635589856 4.031129994433269
2.3980601433668673 3.871655885134468
2.410778968531113 3.770443826782704
2.42345310994378 3.6236333415501094
2.4358311952097282 3.4728920151227234
2.448470944043593 3.403270569308863
2.4612848053934617 3.3218348872678916
2.4737948804239793 3.1381192304405907
2.4861107686591386 3.12293585354119
2.498755511659815 3.016658481132822
2.5115847832453375 2.912737898072637
2.524093324138896 2.8515693717207187
2.536562701110759 2.8689567465334576
2.5493077516226528 2.7148168152221572
2.5619784398313157 2.64940458368081
2.574212755798346 2.566483319190441
2.586731940134889 2.5138569132802076
2.5998869040801815 2.4590637306684817
2.612601991730716 2.4890591191786937
2.624168567409622 2.529419082654836
2.6366174310925157 2.4057263946698257
2.650287847625165 2.3476529873708913
2.6633415931334254 2.331993280805369
2.674176912131971 2.393742491954024
2.6865492607137433 2.2796441175145414
2.700777045101045 2.314990842254715
2.7145884416410206 2.1343477423239636
2.724874641447346 1.9820461167691366
2.7364378284531163 2.173092650996928
2.750681750700194 1.7695235256919448
2.7647976990558103 2.4331343844739655
2.776632163410773 3.8270489217305284
2.7856940556078054 1.4767985039232738
