0.017832091871975056 22925.19756334826
0.030213835030786985 17622.67914629477
0.04297487357678417 11896.973395807734
0.05577583798436826 10960.344432666303
0.0688286341250055 10281.330461008467
0.08110696464570502 6877.973580407076
0.09370674553631769 6203.851007187632
0.10636019509318792 4494.056844907917
0.11912643058557966 4430.118621786122
0.13176693543452658 3738.6289229509807
0.1441979692451036 3447.149009199967
0.15684580028039338 2848.9199947169022
0.16972024869412136 2616.33313031668
0.18227245710657122 2420.158624486895
0.1947741622297755 2366.1170129725683
0.207334083594767 1948.898566054115
0.21991992144750158 1850.855257585746
0.2325364628380135 1652.4324609122602
0.24518505143884092 1570.2761657176986
0.2578378507460674 1404.5451631377239
0.27039766737784765 1333.2677108460844
0.2829104411759607 1255.4945145687827
0.29557053798041893 1158.998658412232
0.30813996427931284 1110.5736763700854
0.32072160731469596 1038.3763650215903
0.3334116808196788 970.5762076628898
0.34607587720379795 933.509548257522
0.35861285762440354 908.3378174168123
0.3711536269502744 861.1887627609036
0.38366727025124103 825.3141148381532
0.3963071427257884 763.1614222717552
0.40893995931531296 751.5693068799509
0.42156349890919825 714.6844843588879
0.4341807950257215 679.3700462852523
0.44676205768024024 647.0526911659495
0.4593692028514969 615.7930235863535
0.47189654828056254 599.0805673226964
0.48447350382182497 580.9258984233021
0.49708590060588426 563.5979440856095
0.5096361353798298 537.8360039501216
0.5222277017157825 512.7337272332294
0.5348355227589751 500.6332570758625
0.5474920039788623 483.9150327460027
0.560136536153409 468.693642935086
0.5727270239485904 450.8358131970169
0.5852520646971238 441.40167537071954
0.5977898476833508 424.3723903444539
0.6103996074847253 415.786224694497
0.6230020924267472 392.19039116143057
0.6356030860286795 380.7175523354533
0.6482301980282461 375.78067490378777
0.6608495463994342 359.2486546746027
0.6734744173918993 350.63242799035373
0.6860022567240309 341.74539721128997
0.6985809637891273 334.701465560786
0.7111908491771044 315.44395637128827
0.7237149565943741 313.32789312745643
0.7363081577644088 303.9218125855622
0.748907480511885 296.0087602824508
0.761531955634141 282.8552208920584
0.7741323050847919 277.30221768333973
0.7866754473434143 267.52446544100087
0.7993235825500564 259.10220900364527
0.8119084864763918 250.5288537819413
0.8245003008650986 241.9395196920867
0.8371030476789436 237.53926988429262
0.8496433960979587 229.99619676255168
0.8622716392224994 223.31486193453242
0.8748814140551419 214.91165130262686
0.8874320306379413 211.2152346594488
0.8999827699152791 202.5521872654661
0.9125618598383747 196.9508780665207
0.9252292314560266 192.78996837432678
0.9378544149867118 187.81089720585265
0.9504457821018775 182.98899210662046
0.9630431388995886 175.49650458342623
0.9755988646043383 170.0309545620313
0.9881575396632228 165.63847800748727
1.0007426245805022 160.95393309295835
1.013296182820833 156.85580476157574
1.0258723107356635 152.53069372538334
1.0385360311261878 146.27602167443106
1.0511519513207876 143.96047313413962
1.063708588478716 139.14508286580985
1.0762949902025614 133.9459493677009
1.0889194251788574 131.12739493398274
1.101512813586571 126.23688544437051
1.114037212359877 123.46598579479189
1.126643857258215 118.92466295469835
1.139298512793692 115.78719861508755
1.1518802725229755 112.35408335062442
1.1644525285109755 108.74077320544937
1.1770445539533538 105.24878475848905
1.1896240437944736 102.37235462847244
1.2022063409730086 99.42884309336235
1.214770890664549 96.550808307022
1.2273521312637692 92.63172286526162
1.2399769911738876 90.82428236571144
1.2525667220095942 87.58014252258708
1.2651332198084173 85.32961648482552
1.2777516590554743 82.72157949551801
1.2903456750126368 80.4283711921682
1.3029343638221444 77.94794338742379
1.3155376929046931 75.93696829688227
1.328117471481918 73.1748541705692
1.3407038618127114 71.00415612945798
1.353303995632365 69.0202577164416
1.365880197900985 66.50989969816655
1.3784547377611036 64.8773054431095
1.3910282284727529 62.90281137362953
1.4036176088634371 61.542598168710896
1.4162307266845826 59.772898441562795
1.4288327238231315 57.51880769693634
1.4414357605605077 55.71439611377084
1.4540420662985831 54.137922282336795
1.4666290001310291 52.76875070886657
1.4792232339276108 51.396328723782744
1.4917979405670925 49.95906172407396
1.5043420725912229 48.53791436269741
1.516942729324975 47.4381769491188
1.5295424653470173 46.20307971878246
1.542129970460583 44.6157032322943
1.5547395520031322 43.4067743368935
1.567349608720164 42.34955243193491
1.5799699879730167 41.722650875220424
1.5925093854124441 40.70408537791818
1.605051367437985 39.57964706437633
1.6176486600174473 38.43419536898345
1.630244500194966 37.126354740809646
1.642852769411223 35.93570740043442
1.6554322216394628 34.667597769966314
1.668044025585914 33.35296984763497
1.680678920689048 32.244203984036915
1.6932331315939035 31.067056268902842
1.7057845975195405 29.95890375726522
1.7183896309732525 29.12427727029317
1.7309874185440803 28.027849044588564
1.743562344893768 27.101398539487462
1.7561426634640502 26.29629373965665
1.7687458921757928 25.323063506910163
1.7813334782050334 24.40796548163127
1.7938985526958382 23.482603525682872
1.8064980806819748 22.765605789040805
1.8190945363690543 22.17375958499902
1.8316935397102907 21.401698018660515
1.8442938066535448 20.61627905072748
1.8568876791935909 19.837285306404375
1.869499697925807 19.18356758680428
1.882087467843537 18.58692708611044
1.8946480071290908 18.01830654664642
1.9072244238241298 17.40493474574421
1.9197955083167102 16.884176087140705
1.9324077190392583 16.27665693967848
1.9450267994293622 15.736253766736684
1.9575901294986986 15.26601793036246
1.9701677233625414 14.780297168122773
1.9827403283412848 14.282665878851544
1.995331474359654 13.821715760550335
2.007947834664377 13.45883914794446
2.020502275436271 12.864263913562901
2.033091375229659 12.486111394025228
2.045722350451922 12.110876907530864
2.058276346288368 11.867387188610442
2.0708699090952485 11.50914059643722
2.083519949911575 11.112782090630832
2.0960971256414087 10.721078841601082
2.108627206088841 10.444482745760627
2.1211870915125517 10.059970760169676
2.1338231323869676 9.81386394862155
2.146410287377127 9.633682043386047
2.158963563085566 9.234211566520043
2.171572232546312 8.968638548728203
2.184206232503582 8.724108159772035
2.1967582541876483 8.470085873929566
2.2093298486834154 8.246125035999684
2.221925909239812 8.011510351290951
2.2344895913326517 7.742674215478231
2.247040534594889 7.432910730258893
2.259624100314443 7.249312871515764
2.272229531496591 6.919194679860875
2.2848348222229307 6.521774700540574
2.2974000386779996 6.329769674876464
2.3099677799709832 6.025996634977168
2.3225784835721397 5.887844419738976
2.3351595212304206 5.607996687057668
2.347693564990004 5.444343093954214
2.360343316487163 5.183736914406287
2.3730332994737706 5.031480288821031
2.385567863558982 4.9064468119610325
2.398060143366864 4.676338448395915
2.41077896853111 4.581795868240931
2.4234531099437766 4.396355428044014
2.4358311952097247 4.259316058953888
2.4484709440435894 4.213505556181748
2.461284805393458 4.095118781735687
2.4737948804239758 3.847358655100682
2.486110768659135 3.8921140278840456
2.4987555116598115 3.711412525996466
2.511584783245334 3.622929126073527
2.5240933241388923 3.454943647435108
2.5365627011107557 3.4985065646722853
2.549307751622649 3.3504254778715783
2.561978439831312 3.3356088197559943
2.5742127557983423 3.1437831470638313
2.5867319401348854 3.0378406860978604
2.599886904080178 2.955582312398193
2.6126019917307124 3.0963103157726493
2.6241685674096185 3.0666278339247155
2.636617431092512 2.9340810379100684
2.6502878476251612 2.827452545432489
2.663341593133422 2.819492392242407
2.6741769121319674 2.9506223341541813
2.68654926071374 2.801544396879216
2.7007770451010416 2.753169831734717
2.714588441641017 2.642971792346418
2.7248746414473426 2.285291452989117
2.736437828453113 2.5614213121893705
2.7506817507001906 2.5438192860150313
2.7647976990558067 2.828357632427392
2.776632163410769 3.366911269867545
2.7856940556078014 0.7049371398364089
