0.017832091871974955 22983.434416907607
0.030213835030786815 17769.321301912794
0.04297487357678393 12014.254585822304
0.05577583798436794 11061.302897861879
0.06882863412500512 10398.640201334858
0.08110696464570456 6973.878347521352
0.09370674553631717 6312.106355553182
0.10636019509318732 4567.385104402393
0.11912643058557898 4508.370771960875
0.13176693543452583 3816.240514954649
0.1441979692451028 3534.193569182636
0.1568458002803925 2939.373517819278
0.16972024869412042 2706.367680513219
0.1822724571065702 2515.6373074020667
0.19477416222977442 2466.5824532613588
0.20733408359476582 2047.0159868345113
0.21991992144750033 1952.6325716685694
0.23253646283801216 1747.1435821830398
0.24518505143883954 1672.0251119923169
0.25783785074606597 1499.576552559345
0.2703976673778461 1428.2839693294225
0.28291044117595915 1351.4575280471847
0.29557053798041727 1254.5146340205188
0.3081399642793111 1201.0950858390777
0.3207216073146941 1128.6983084931392
0.3334116808196769 1058.041276804398
0.346075877203796 1021.7063895352559
0.35861285762440154 999.4819203706928
0.37115362695027226 948.1816943812104
0.38366727025123887 911.5472796390653
0.39630714272578615 846.8165596787034
0.40893995931531063 833.5009614910335
0.42156349890919587 796.3255744684566
0.43418079502571905 757.2270200240554
0.4467620576802377 723.1284819353241
0.4593692028514943 690.6609864647764
0.4718965482805599 672.3753064978104
0.4844735038218222 652.6294394914253
0.4970859006058815 635.5429126332087
0.5096361353798269 607.7179514930552
0.5222277017157796 580.2460503901209
0.534835522758972 569.6405414876731
0.5474920039788592 550.3862830699833
0.5601365361534059 535.216589601647
0.5727270239485872 513.0961526835982
0.5852520646971204 504.76795659902456
0.5977898476833473 486.89369677293735
0.6103996074847219 477.0276418715777
0.6230020924267436 450.3908315291084
0.635603086028676 438.61796986180906
0.6482301980282424 432.8413587042103
0.6608495463994305 414.6841278593003
0.6734744173918955 404.7805492807469
0.686002256724027 395.9189324670111
0.6985809637891233 387.53750918817707
0.7111908491771004 367.4125595736399
0.72371495659437 364.46915902037244
0.7363081577644047 353.6664710405603
0.7489074805118807 345.02033474252676
0.7615319556341368 330.22258235881276
0.7741323050847876 323.82048239451024
0.7866754473434099 313.5571433522449
0.7993235825500519 302.54096721124057
0.8119084864763872 293.3646329854162
0.824500300865094 283.67196477506195
0.837103047678939 277.9324847472374
0.8496433960979539 270.4658676767139
0.8622716392224945 261.9000158125628
0.8748814140551369 252.63022071826472
0.8874320306379363 248.38732306297348
0.899982769915274 237.5621856864693
0.9125618598383696 231.1546032166204
0.9252292314560214 227.03715099973994
0.9378544149867065 221.06090857298665
0.9504457821018721 215.6213063396356
0.9630431388995832 207.0063848435337
0.9755988646043328 200.40394575045985
0.9881575396632173 195.52196682702504
1.0007426245804967 189.94661094691816
1.0132961828208271 185.25728567972786
1.0258723107356578 179.86961120720144
1.0385360311261818 173.01531682409214
1.0511519513207817 170.2222538525004
1.06370858847871 164.25044228021116
1.0762949902025554 158.31373712690444
1.0889194251788512 155.1346824851588
1.1015128135865648 149.37518098561108
1.1140372123598707 146.01702292984854
1.1266438572582087 140.79012913648126
1.1392985127936857 136.7308069080406
1.151880272522969 133.37104625610002
1.1644525285109688 128.7207821210355
1.1770445539533472 124.68088474905498
1.189624043794467 120.92134844379008
1.202206340973002 117.5214645058658
1.214770890664542 114.16689426157589
1.2273521312637623 109.76684812938156
1.2399769911738807 107.66993680151832
1.252566722009587 103.78221928106166
1.2651332198084102 100.9803608197206
1.277751659055467 97.98044877734146
1.2903456750126294 95.38374125032456
1.3029343638221371 92.19425947006093
1.3155376929046858 89.71022731190813
1.3281174714819106 86.49390493570095
1.3407038618127038 83.8575171872326
1.3533039956323574 81.76761423502967
1.3658801979009771 78.75754058903172
1.3784547377610958 76.84784521788679
1.391028228472745 74.3593234868663
1.4036176088634291 72.82154357916374
1.4162307266845746 70.69410031911355
1.4288327238231235 68.02848675911757
1.4414357605604995 65.65289231539505
1.454042066298575 64.11573442932625
1.466629000131021 62.48209990116924
1.4792232339276024 60.69158062451968
1.4917979405670843 58.94235534461232
1.5043420725912142 57.36931837165152
1.5169427293249667 56.11403615559043
1.5295424653470087 54.6777704893438
1.5421299704605744 52.87645454098717
1.5547395520031233 51.3186988977705
1.5673496087201553 49.95987300693259
1.5799699879730076 49.17942313982721
1.5925093854124353 48.001837821706765
1.6050513674379758 46.68691830498268
1.6176486600174382 45.38839538718606
1.6302445001949568 43.841387937907776
1.6428527694112136 42.45138560953449
1.6554322216394535 40.88410824988007
1.6680440255859044 39.383610232795135
1.6806789206890385 38.06206200697956
1.693233131593894 36.599480432442945
1.7057845975195307 35.29752971046448
1.7183896309732427 34.363960409536155
1.7309874185440706 33.053475519493794
1.7435623448937583 31.940426359351097
1.7561426634640402 31.079959265598433
1.7687458921757828 29.880965656000996
1.7813334782050234 28.758706806247016
1.793898552695828 27.645623239137862
1.8064980806819646 26.800321953655832
1.819094536369044 26.090310912639367
1.8316935397102803 25.196847074794444
1.8442938066535346 24.22381997549928
1.8568876791935804 23.37660352442647
1.8694996979257965 22.56819115168969
1.8820874678435264 21.80390967310097
1.89464800712908 21.13158195468241
1.9072244238241192 20.4371194124529
1.9197955083166993 19.815308077572077
1.9324077190392475 19.006821925482157
1.9450267994293513 18.516151722050292
1.9575901294986875 17.888878119924662
1.9701677233625303 17.382522527156286
1.9827403283412737 16.776440191679566
1.9953314743596426 16.13895215059204
2.0079478346643658 15.80499052321556
2.0205022754362596 15.083969460299773
2.0330913752296476 14.631017511085995
2.0457223504519106 14.185058802964477
2.0582763462883564 13.878007810918254
2.070869909095237 13.441401408736079
2.0835199499115635 13.028874161967384
2.0960971256413967 12.55501775686727
2.108627206088829 12.19074064678892
2.1211870915125397 11.805550585840836
2.1338231323869556 11.477909719108762
2.1464102873771145 11.220319653385797
2.1589635630855537 10.806843078297682
2.1715722325462994 10.53887616900769
2.18420623250357 10.15510410861246
2.196758254187636 9.881644272580834
2.209329848683403 9.596334450106198
2.221925909239799 9.310918148177384
2.234489591332639 9.008360651822507
2.247040534594876 8.627587665578229
2.25962410031443 8.43619518695071
2.272229531496578 8.012038502727581
2.284834822222918 7.58115901002445
2.2974000386779863 7.34893532543733
2.3099677799709704 7.006779702131853
2.322578483572127 6.841254002854914
2.3351595212304077 6.503342760110848
2.3476935649899913 6.267953434582374
2.3603433164871497 6.004846841107614
2.3730332994737573 5.802800863900098
2.3855678635589688 5.634345544187067
2.3980601433668505 5.443651333039166
2.4107789685310963 5.287310639923771
2.423453109943763 5.0855478536685705
2.435831195209711 4.8811581844702925
2.4484709440435757 4.7876043169914135
2.4612848053934444 4.670086709492845
2.473794880423962 4.387639979391098
2.486110768659121 4.447604418505329
2.4987555116597977 4.278951384202262
2.5115847832453198 4.066741945997036
2.524093324138878 3.9348810884701106
2.5365627011107414 4.023972743106946
2.549307751622635 3.8051348340921205
2.5619784398312975 3.8031881762337534
2.5742127557983276 3.541816655166042
2.5867319401348707 3.4964584800322367
2.599886904080163 3.401947340924033
2.6126019917306977 3.5131123123847163
2.6241685674096034 3.4904454493759807
2.636617431092497 3.398087636158297
2.650287847625146 3.2333360548821113
2.663341593133407 3.23317285328521
2.6741769121319523 3.2930063414983186
2.6865492607137242 3.142598635129502
2.700777045101026 3.147421867860829
2.7145884416410015 2.8553172981492216
2.724874641447327 2.835823663092142
2.7364378284530972 2.865722980774452
2.750681750700175 2.8142044790787426
2.764797699055791 3.6682830820662358
2.7766321634107536 4.737301138458066
2.785694055607786 0.7588793340044827
