17.799282449393907 1.2087949369068214e-08
30.158244330131154 2.5786908230685305e-09
42.89580372913673 1.5411154014394485e-09
55.67321552978553 1.0804206145558748e-09
68.70199571606821 1.0918605242357924e-09
80.9577352285149 9.538421466217069e-10
93.5343336715136 8.476129330822061e-10
106.16450203531903 9.293408306883067e-10
118.9072488188118 9.730393813618866e-10
131.52449629177582 9.486128345045924e-10
143.9326581339747 9.534912049504242e-10
156.55721831376695 9.53619045150358e-10
169.40797891669078 9.181450089675246e-10
181.9370924105474 9.622154126149086e-10
194.41579553660424 8.986490938078808e-10
206.95260779187328 9.095468721916174e-10
219.51528885091182 8.962551413805897e-10
232.10861695601864 9.549825152645593e-10
244.73393330749704 9.34342660532462e-10
257.3634526180588 9.372982891249237e-10
269.90016033281614 9.207063403127305e-10
282.3899117684295 9.43142643168208e-10
295.02671514949367 9.324987256732198e-10
307.57301485045366 9.328988371028234e-10
320.13150881022204 9.459059229338592e-10
332.79823373741607 9.189316643820337e-10
345.4391291552885 9.216978717205126e-10
357.9530426754169 9.30854698197269e-10
370.4707381295704 9.2932296501402e-10
382.9613574682314 9.09348365344771e-10
395.5779737303071 9.067979608148008e-10
408.18754708954486 8.955738955065435e-10
420.78786052196915 9.188480948685942e-10
433.3819419644603 9.176391647762797e-10
445.9400562432304 8.995781810436093e-10
458.52400541726837 8.953737699094729e-10
471.0283016733625 8.830715514263439e-10
483.5821167635718 8.934811107913347e-10
496.17130788792383 8.797000229791265e-10
508.6984513745909 8.812636102438049e-10
521.266850376961 8.942898166506842e-10
533.8514741793921 8.894315399389084e-10
546.4846686282311 8.7729576946918e-10
559.1059360168832 8.924907328792718e-10
571.6732584628986 8.966088153843185e-10
584.1752542788623 8.796998986424501e-10
596.6899688879645 8.817529534181926e-10
609.2765278814395 8.74724223725574e-10
621.8558254006394 8.75757586356754e-10
634.4336343236796 8.703683815894436e-10
647.0375135888845 8.707425595571206e-10
659.6336435100791 8.688443402560236e-10
672.2352858914313 8.702941525769509e-10
684.7400751418547 8.667190069237964e-10
697.2956385332539 8.590996417636159e-10
709.8823228822636 8.578053119102992e-10
722.383387084208 8.602523068775401e-10
734.9534179127145 8.573869280713251e-10
747.5295590555182 8.445243104962365e-10
760.1308062950264 8.529516336229361e-10
772.7079722519646 8.540021917826797e-10
785.22803627289 8.312955888354789e-10
797.8529000643869 8.387021593363309e-10
810.4146489153657 8.465061462580806e-10
822.9832955140954 8.29169311659336e-10
835.5628544232982 8.375113433279881e-10
848.0801297450262 8.333267686236753e-10
860.6851380540385 8.290371605541245e-10
873.2717120511252 8.220684612661559e-10
885.7992366441526 8.204984077131912e-10
898.3268837059719 8.188773055616157e-10
910.8828292509464 8.139494782457611e-10
923.5268940602116 8.178674852112981e-10
936.128848404742 8.102277614861542e-10
948.6970485528731 8.082825648425061e-10
961.27122736308 7.995480597012826e-10
973.8038516777394 8.020591594202541e-10
986.3394199199912 7.994364738340769e-10
998.9013494289071 7.929660656572385e-10
1011.4318102670842 7.847828553969978e-10
1023.984799253619 7.970869614266768e-10
1036.6252195536813 7.811079291078554e-10
1049.2179276058198 7.82867117554261e-10
1061.7514616966673 7.762429268330117e-10
1074.3147055893453 7.747191698454488e-10
1086.9159127567582 7.680270380598917e-10
1099.4861304784436 7.743941844746313e-10
1111.9874855003557 7.665881764530709e-10
1124.5709353219315 7.588975109084238e-10
1137.2023074454532 7.533921134435067e-10
1149.7609178844157 7.573197536242545e-10
1162.310042068112 7.470465769497635e-10
1174.8788993321937 7.510250624055309e-10
1187.4352440593798 7.426759464716728e-10
1199.9943909587364 7.407954913816129e-10
1212.5358230248555 7.3672467850306e-10
1225.0939152889068 7.37824721766709e-10
1237.695546608303 7.312899066723509e-10
1250.2621134875799 7.290029765554893e-10
1262.8054900766422 7.241378607766389e-10
1275.400712546411 7.27573367409861e-10
1287.9715566629113 7.197382189733128e-10
1300.5370834332223 7.157106340525736e-10
1313.1172235398076 7.045380396810031e-10
1325.6738564718507 7.051079626207617e-10
1338.2370889924387 6.997161845511576e-10
1350.8140397151212 7.032011387742707e-10
1363.367102918641 6.912506098034064e-10
1375.9185067723397 6.887419712296902e-10
1388.4688634079062 6.816646808419038e-10
1401.0350804869474 6.8019750748057e-10
1413.6249913217434 6.761158200561936e-10
1426.2038019349843 6.761719804009082e-10
1438.7836502342852 6.656078610513085e-10
1451.3667615196225 6.701545842228206e-10
1463.93053654187 6.586404976843534e-10
1476.5015980969845 6.588362200005705e-10
1489.0531684231876 6.587008953636199e-10
1501.5742203885422 6.498717528049631e-10
1514.1516930632092 6.472114828850662e-10
1526.7282467201912 6.451459297045681e-10
1539.2925919724535 6.401066520985367e-10
1551.8789730350827 6.359996097163194e-10
1564.4658283979172 6.344259157922935e-10
1577.062987304048 6.301333688749697e-10
1589.5793133959044 6.280803044498108e-10
1602.098219318471 6.184978413247812e-10
1614.6728123454723 6.138362729167947e-10
1627.245897674773 6.125775392740065e-10
1639.830599792207 6.083316339184418e-10
1652.3905272785578 6.06553549819561e-10
1664.979414016081 6.004327702798904e-10
1677.5918618421556 5.97897852140107e-10
1690.126927940609 5.966950166859598e-10
1702.6565735125293 5.91315492340463e-10
1715.239652780402 5.83984749339865e-10
1727.811695412483 5.793196922322231e-10
1740.3677490975194 5.753721984607885e-10
1752.9282192150536 5.732339945441659e-10
1765.500774679947 5.675782173534199e-10
1778.0665536787737 5.696559751943104e-10
1790.6168494226254 5.634925142633163e-10
1803.191304333419 5.562030942178427e-10
1815.7666656189658 5.58160160674385e-10
1828.3488212639727 5.506761747265878e-10
1840.9261635435228 5.443823721762746e-10
1853.4868830529422 5.419175749739133e-10
1866.0648394709856 5.403683289046499e-10
1878.6531571147755 5.352865033964915e-10
1891.1949620796393 5.310455711161326e-10
1903.7320037090342 5.271405671850356e-10
1916.2826511063677 5.242308758209212e-10
1928.8701890218213 5.218339214119662e-10
1941.4711267136497 5.149463645601733e-10
1954.0161536900057 5.094270312457823e-10
1966.5646650726826 5.092440428846121e-10
1979.1139383933348 5.042438283642115e-10
1991.6912603842213 4.998552351748549e-10
2004.2724214876746 4.969409851380281e-10
2016.8096506702707 4.939797205103656e-10
2029.388299672487 4.888595136516006e-10
2041.9851108745945 4.839328809526723e-10
2054.5479608747887 4.792450704548564e-10
2067.1183637920344 4.782546404552573e-10
2079.69511478519 4.734983073367938e-10
2092.25394988661 4.716030201013805e-10
2104.806873622057 4.655136674455646e-10
2117.3614093032174 4.649864037031981e-10
2129.928666131578 4.5902387055005226e-10
2142.5135548816706 4.5357491226788664e-10
2155.088097602156 4.530051793847956e-10
2167.649640376087 4.495458703889102e-10
2180.216047885633 4.449572515434349e-10
2192.779331913286 4.4170382632177187e-10
2205.362264117683 4.3786706490913815e-10
2217.92609518976 4.340085537681433e-10
2230.4508569275185 4.312499457608808e-10
2243.0042552295354 4.271835147412439e-10
2255.585147649584 4.2303549211267805e-10
2268.179105336766 4.218593556259543e-10
2280.7280993008117 4.1753565125965157e-10
2293.278360641959 4.127991024002387e-10
2305.8848259833 4.092080058606804e-10
2318.4578135021575 4.055591533295321e-10
2331.017443774536 4.030260408498421e-10
2343.5861525124205 3.976639718707541e-10
2356.174872739318 3.961445588240333e-10
2368.7353085030536 3.931646433239946e-10
2381.2692845985334 3.899816286350158e-10
2393.8244176688013 3.8659307056888595e-10
2406.4031547082923 3.8115833217142124e-10
2418.9736888834113 3.7959230314806747e-10
2431.52780414962 3.779353777745428e-10
2444.0995103422933 3.741181251945834e-10
2456.681233242974 3.7058649260479386e-10
2469.2659731538656 3.68131358551182e-10
2481.804494353713 3.6450689052392717e-10
2494.349678289375 3.6045330051239217e-10
2506.9309198668843 3.579908623403326e-10
2519.499903784357 3.536871115490232e-10
2532.064286254508 3.5180492913719484e-10
2544.6325769440127 3.481967050566438e-10
2557.208310117243 3.459692147656945e-10
2569.7731778671878 3.420851194355476e-10
2582.350840133166 3.402412277975509e-10
2594.9314527475444 3.380696712831016e-10
2607.4836540238884 3.34875224780328e-10
2620.0346458455233 3.31123065321355e-10
2632.6028953257733 3.2893825938895574e-10
2645.173520726606 3.263448704148233e-10
2657.730984905749 3.217631641940405e-10
2670.289609909111 3.2026928019063744e-10
2682.8810325445497 3.170774137659392e-10
2695.4617368341887 3.1451633045312505e-10
2708.003179989755 3.105581078591466e-10
2720.565218595557 3.099170807948054e-10
2733.1313729151952 3.0706950674855556e-10
2745.702996964865 3.0361750274348084e-10
2758.2707458588034 3.0206389720683176e-10
2770.8191342981145 2.981195484444465e-10
2783.3972824385987 2.970848927253464e-10
2795.9689028789417 2.941034750959927e-10
2808.5357668183638 2.9112954501870803e-10
2821.1095589697384 2.8930931118410774e-10
2833.6756670949308 2.872007999864364e-10
2846.236354374274 2.8450429900788803e-10
2858.79560232848 2.8199409426122154e-10
2871.373843645574 2.790895958805145e-10
2883.954243538599 2.7732643769370503e-10
2896.5073357066644 2.7549880405441823e-10
2909.064697944345 2.733123943722524e-10
2921.6386383037598 2.7013154045764327e-10
2934.2207288040527 2.678540317717708e-10
2946.785817897924 2.6672860613630014e-10
2959.3399304871978 2.6440996821381e-10
2971.912289205687 2.6167418385567365e-10
2984.46722152623 2.5955332591469826e-10
2997.00494075996 2.5819185645846884e-10
3009.571504102365 2.561467969710526e-10
3022.151983789152 2.5420861569007675e-10
3034.723269970324 2.516920989653148e-10
3047.297141938261 2.492053597887853e-10
3059.876071431784 2.480201646425935e-10
3072.460353827784 2.4586209920773433e-10
3085.0214375587766 2.4377083995546154e-10
3097.56792616596 2.4223641855322183e-10
3110.1461395593024 2.404647719775955e-10
3122.7146498544676 2.382634223941375e-10
3135.258242106282 2.3722373486868495e-10
3147.827394808765 2.352124252543855e-10
3160.407090461748 2.328830162670939e-10
3172.9707868690757 2.3233951890954336e-10
3185.520028526011 2.298474540147292e-10
3198.0928727893415 2.2840270230815435e-10
3210.684273274958 2.2793108956077635e-10
3223.239536727099 2.2557572459644951e-10
3235.794336704776 2.228471120549051e-10
3248.365417080094 2.2014859454700062e-10
3260.9281598919256 2.1784410127387627e-10
3273.4964936633673 2.1542996879325262e-10
3286.0602765369263 2.1270147320826445e-10
3298.616161266458 2.1027610354407213e-10
3311.184497268825 2.0825170671233653e-10
3323.7565519663412 2.0576199422469226e-10
3336.336479870555 2.0382517260925033e-10
3348.8991222089053 2.003442226221378e-10
3361.442771262142 1.9836540855815829e-10
3374.0243084776243 1.9659901433194622e-10
3386.614961597868 1.9418855232300505e-10
3399.16128606973 1.920863747841793e-10
3411.723586887969 1.9041167568562319e-10
3424.3034483758647 1.8771967295572062e-10
3436.8707723403413 1.859127686106573e-10
3449.4368938720895 1.8299713454886833e-10
3461.9898368720965 1.81329317737585e-10
3474.572720638132 1.7950800364626807e-10
3487.1326051509195 1.7714766707117978e-10
3499.6720155540056 1.7475809332783368e-10
3512.2465573827917 1.7308608628155757e-10
3524.8212321125134 1.7167491398940017e-10
3537.387157918102 1.6930153711932828e-10
3549.9534967742106 1.66968073698673e-10
3562.5272432128218 1.6565528846112131e-10
3575.0914952116 1.6331342444165739e-10
3587.654584597485 1.61423064235925e-10
3600.2154434833064 1.5948585970849398e-10
3612.781827813574 1.5788932478408787e-10
3625.349028548668 1.5605534455806725e-10
3637.907270470111 1.5475346237880656e-10
3650.477005817321 1.526818183575541e-10
3663.04737240162 1.507520545137463e-10
3675.6208179613163 1.4911957510774634e-10
3688.192852242157 1.4769425475443178e-10
3700.7538430059562 1.4549736537738106e-10
3713.3214918772564 1.436800135769343e-10
3725.88719617525 1.4223620503050985e-10
3738.4440983479285 1.404868077785179e-10
3751.0156271459587 1.3876719681085575e-10
3763.58999013167 1.372363585356366e-10
3776.155626274999 1.3626143122243353e-10
3788.70489003149 1.341882112398549e-10
3801.275937702054 1.330982720881627e-10
3813.8566744571744 1.3146392169450176e-10
3826.404431717055 1.2973261439889397e-10
3838.9644689081924 1.2859856906934847e-10
3851.5402114943618 1.2676309813564868e-10
3864.1298207037257 1.2578368057674988e-10
3876.681423024082 1.238568567095909e-10
3889.2165722518703 1.2250249173276432e-10
3901.7937228048927 1.2139202992391117e-10
3914.376239464566 1.2028298525395526e-10
3926.950184147634 1.1898578213052776e-10
3939.510656203867 1.1732653940349374e-10
3952.082754993091 1.1599270176251782e-10
3964.66520672985 1.148481134786535e-10
3977.223438611204 1.1361244082867968e-10
3989.775857376849 1.1238338700205352e-10
4002.346082688934 1.1117713595686106e-10
4014.9052449751166 1.103277577225379e-10
4027.454437240128 1.0875507351558338e-10
4040.0221607705066 1.0828961370970657e-10
4052.608105661614 1.0630294288070168e-10
4065.1747165545376 1.0542075310110384e-10
4077.7220075380287 1.0460252957325978e-10
4090.2897990210035 1.029498709500073e-10
4102.873672523345 1.0212254100329075e-10
4115.447644068685 1.0102302497304969e-10
4128.008926808098 1.0012711813339797e-10
4140.585568421012 9.88210982568317e-11
4153.1694370518835 9.78198736895042e-11
4165.708486135632 9.695532280539845e-11
4178.245182757474 9.582287387392985e-11
4190.834603556789 9.510278320027875e-11
4203.40608927648 9.365073421084651e-11
4215.94546673201 9.267965112629754e-11
4228.511593513913 9.218439001238667e-11
4241.075779699394 9.111937378601315e-11
4253.641501584355 9.04513152718383e-11
4266.2134040829205 8.940783066558992e-11
4278.800238462189 8.849987856739246e-11
4291.378797171946 8.76975610102674e-11
4303.915793648459 8.66992786687998e-11
4316.4806669387035 8.579542796807104e-11
4329.060961840782 8.485226077338112e-11
4341.6343365752655 8.429880578537304e-11
4354.198259860986 8.30534198516645e-11
4366.7534805332525 8.207951463365981e-11
4379.309052921206 8.110327592278287e-11
4391.876283675789 8.019238082110505e-11
4404.434457339895 7.972389909439103e-11
4416.997001697697 7.799814173169516e-11
4429.587449292495 7.789568595819445e-11
4442.151636687611 7.682787178246827e-11
4454.676243985357 7.569438050479608e-11
4467.255845270074 7.488224315812332e-11
4479.8575794065855 7.37996145158218e-11
4492.40168445441 7.276195621501177e-11
4504.962144407178 7.16857732943083e-11
4517.519866020664 7.059197551873377e-11
4530.0755333545785 6.973862514782274e-11
4542.6078228888755 6.866039762701194e-11
4555.1794564400525 6.727092945209252e-11
4567.796610844846 6.656830045573521e-11
4580.340024503758 6.519722008032552e-11
4592.907148036285 6.43933338945137e-11
4605.507457041533 6.31992858501809e-11
4618.066519715286 6.227208653989882e-11
4630.61348098353 6.190903224063994e-11
4643.169806111598 6.023250957805903e-11
4655.7516975966855 6.000167634390544e-11
4668.310875988915 5.891606540123113e-11
4680.838737422433 5.838320847722634e-11
4693.4142013659475 5.7355203043554865e-11
4706.006583198429 5.656979092260284e-11
4718.579788898697 5.562256879188058e-11
4731.107753982311 5.5117590978901555e-11
4743.651571426617 5.490113475106529e-11
4756.281806400868 5.402368261037685e-11
4768.856185173669 5.327053312623908e-11
4781.385164866601 5.2684675735911995e-11
4793.976276771281 5.215343567757932e-11
4806.607096854939 5.148874126197245e-11
4819.146147308174 5.093171746075632e-11
4831.661602769959 5.012245403076298e-11
4844.287713525817 4.972508486836316e-11
4856.860115107401 4.926706462557731e-11
4869.355537556235 4.862993473281587e-11
4881.940425155442 4.778204511268964e-11
4894.597962536946 4.749795770995272e-11
4907.1382369119165 4.655908001812434e-11
4919.600076288735 4.628966221532552e-11
4932.2184698095 4.587563169590267e-11
4944.828614579259 4.556924522350016e-11
4957.327103379369 4.506340326286133e-11
4969.86863255852 4.44793360424291e-11
4982.485662226757 4.4065008551988166e-11
4995.110752516737 4.3458888426922476e-11
5007.607580415342 4.321624627185385e-11
5020.10090672177 4.23252538958511e-11
5032.776306714229 4.260494469432703e-11
5045.393898578722 4.194878507331831e-11
5057.824235954894 4.1637350333568433e-11
5070.389901954609 4.116409282313685e-11
5083.106030184285 4.063588531503748e-11
5095.667197680151 4.037418925779016e-11
5108.05545246385 4.0329288814405274e-11
5120.671439914531 4.006636676814881e-11
5133.447634936114 3.961278600985903e-11
5145.895026810736 3.905039847601259e-11
5158.2250506128275 3.901981328577339e-11
5170.95099224376 3.8491155385681706e-11
5183.700390094105 3.8542995297410185e-11
5196.118642963537 3.837251074655323e-11
5208.594319785777 3.845485527127329e-11
5221.348995023267 3.7401853239165747e-11
5233.86566836642 3.7604451819033984e-11
5246.017090039119 3.8176820761878823e-11
5258.795061897151 3.668073913090969e-11
5271.8211514158575 3.6685610749490385e-11
5284.059572485596 3.737236655086201e-11
5296.079024382072 3.715946116658875e-11
5309.081924588613 3.559441742594469e-11
5322.3605651521175 3.6360432395829396e-11
5334.390294917684 3.608759506593021e-11
5346.181802010518 3.5793330060411084e-11
5359.463528890978 3.54880325374213e-11
5372.933862046457 3.606242484064708e-11
5384.396712939678 3.573782328785065e-11
5395.929354426921 3.4021409897205944e-11
5409.783878738565 3.420710541886233e-11
5423.640526297936 3.4624241642016644e-11
5434.195806773826 3.394555833218606e-11
5445.572893198795 3.652453678746389e-11
5459.895693738757 3.588954890720697e-11
5474.13057561097 3.548660942720151e-11
5484.976407817414 3.2390413849514906e-11
5495.746636743918 3.617289914154165e-11
5510.086276689804 3.459343358220218e-11
5524.398688742833 3.595757998137479e-11
5535.78557637482 3.7044086919206416e-11
5545.66396493654 3.670642820833123e-11
5559.311623442359 4.5960180095713465e-11
5571.991646927517 4.159718691199791e-11
