0.017832091871975018 22870.463354182757
0.03021383503078692 17705.487512579955
0.042974873576784076 12009.692048503766
0.05577583798436814 11065.364329521668
0.06882863412500535 10368.747095628858
0.08110696464570484 6953.397989084559
0.09370674553631748 6265.768296361715
0.1063601950931877 4528.898259920134
0.1191264305855794 4436.9195161578555
0.1317669354345263 3733.9164183374
0.14419796924510328 3429.6382394176826
0.15684580028039305 2814.479198903927
0.169720248694121 2562.1850139819053
0.18227245710657083 2351.7580634429733
0.1947741622297751 2283.3786559373257
0.20733408359476654 1867.1599708826357
0.21991992144750108 1755.5308844171766
0.23253646283801296 1556.398491084367
0.2451850514388404 1463.850835371768
0.25783785074606685 1300.436887125883
0.27039766737784704 1225.2628185455603
0.2829104411759601 1142.9550870065652
0.29557053798041827 1043.87562247538
0.3081399642793122 995.1206619664104
0.32072160731469523 925.0523259588792
0.3334116808196781 855.9118810701892
0.34607587720379723 812.031690629231
0.35861285762440276 782.6921188287961
0.37115362695027354 739.9405333599927
0.3836672702512402 702.5320537467678
0.39630714272578754 646.4063594606682
0.4089399593153121 630.9690553376812
0.42156349890919737 596.6806234136122
0.43418079502572055 563.6661223342816
0.44676205768023924 534.0680341335903
0.4593692028514959 503.3760485682219
0.4718965482805615 487.8487677845013
0.4844735038218239 469.8593003452806
0.49708590060588315 454.2773062020006
0.5096361353798285 429.91552244023643
0.5222277017157814 406.836357907163
0.5348355227589738 394.32466365737616
0.5474920039788611 379.62982301003797
0.5601365361534077 365.68428688648794
0.5727270239485892 349.87949740699344
0.5852520646971224 341.18516263981934
0.5977898476833494 326.3610841335338
0.6103996074847239 317.30302688914605
0.6230020924267458 298.577202607206
0.6356030860286782 288.15160927327685
0.6482301980282447 283.7163656499524
0.6608495463994327 269.5527083709773
0.6734744173918978 262.36805115993315
0.6860022567240294 254.90002074047098
0.6985809637891257 248.1037720575919
0.7111908491771028 232.98165657669813
0.7237149565943726 230.1417793218126
0.7363081577644072 222.75832269706567
0.7489074805118834 215.02793004718194
0.7615319556341393 205.78777057982805
0.7741323050847903 200.35308560535157
0.7866754473434127 193.2314390564212
0.7993235825500546 186.64466451890425
0.81190848647639 180.17052325174126
0.8245003008650968 173.33702054467327
0.8371030476789418 169.51629232215677
0.8496433960979568 163.3032701520187
0.8622716392224975 158.8011105685308
0.87488141405514 152.17247303806417
0.8874320306379393 148.77837957856198
0.8999827699152771 142.97134809269
0.9125618598383727 138.24939421890957
0.9252292314560246 135.01334311102622
0.9378544149867099 131.170291707415
0.9504457821018755 127.38134817863717
0.9630431388995864 121.99796887338013
0.9755988646043361 117.67637363163504
0.9881575396632207 114.75628758493198
1.0007426245805 110.91085205352353
1.0132961828208307 107.94997905050987
1.0258723107356613 104.79470476782005
1.0385360311261853 100.06482255206258
1.0511519513207852 98.25861428816114
1.0637085884787136 94.74861839260606
1.0762949902025591 91.33267171836549
1.088919425178855 88.82842332415426
1.1015128135865688 85.71572277046332
1.1140372123598745 83.44290989325
1.1266438572582125 80.2918688034057
1.1392985127936897 78.05828203822516
1.151880272522973 75.53447342347741
1.1644525285109728 73.16898371818118
1.1770445539533512 70.5561552479025
1.1896240437944712 68.49785284868318
1.2022063409730062 66.35276036201745
1.2147708906645462 64.52549102247333
1.2273521312637665 61.75485102343899
1.239976991173885 60.49627427288781
1.2525667220095915 58.23832085357708
1.2651332198084146 56.51120683777312
1.2777516590554714 54.590871774086764
1.290345675012634 52.99942783993577
1.3029343638221416 51.2890625549869
1.3155376929046902 49.85247152810784
1.328117471481915 48.023283642688185
1.3407038618127083 46.59884701582208
1.353303995632362 45.10443780900265
1.3658801979009818 43.52040639402948
1.3784547377611007 42.394392184931476
1.39102822847275 41.16372216390998
1.403617608863434 40.03823423604414
1.4162307266845795 38.89350025412218
1.4288327238231284 37.399177981708604
1.4414357605605044 36.2383630317972
1.4540420662985798 35.21854977143088
1.466629000131026 34.190489470731045
1.4792232339276075 33.22003102564118
1.4917979405670894 32.29643012209156
1.5043420725912195 31.38262364173608
1.5169427293249718 30.57408892212567
1.5295424653470138 29.71552177336156
1.5421299704605798 28.770866780257876
1.5547395520031286 27.885535068272123
1.5673496087201606 27.207891227773292
1.5799699879730131 26.76649069815816
1.5925093854124408 26.042516226488015
1.6050513674379814 25.37577526705099
1.6176486600174438 24.586863851165
1.6302445001949624 23.699219975524528
1.6428527694112194 22.820393043218075
1.655432221639459 22.028056651047137
1.6680440255859101 21.185538222136515
1.6806789206890442 20.386052515138736
1.6932331315938998 19.736331288273178
1.7057845975195367 18.987425376856173
1.7183896309732487 18.32349420727389
1.7309874185440766 17.67386140618
1.7435623448937643 17.02652115356787
1.7561426634640465 16.485528976302668
1.7687458921757888 15.859866122286807
1.7813334782050294 15.308313912702378
1.7938985526958342 14.737474200929435
1.8064980806819708 14.200530543042932
1.8190945363690503 13.83457591377205
1.8316935397102867 13.302437185393519
1.8442938066535408 12.824957107545584
1.8568876791935867 12.311963248393308
1.869499697925803 11.975814853141319
1.8820874678435329 11.515589047753043
1.8946480071290868 11.16176673869763
1.9072244238241256 10.758656343339341
1.919795508316706 10.447561145272978
1.9324077190392541 10.04342771132473
1.945026799429358 9.713520056540519
1.9575901294986942 9.387675212630196
1.9701677233625372 9.09194913087206
1.9827403283412803 8.779760361570768
1.9953314743596495 8.486312025272849
2.0079478346643724 8.25432947889514
2.0205022754362667 7.8846452601816805
2.0330913752296547 7.627401288639308
2.0457223504519177 7.380839706874973
2.0582763462883635 7.240337325711224
2.070869909095244 7.020007493727258
2.0835199499115706 6.761490256479771
2.0960971256414043 6.504849143650466
2.108627206088836 6.352668622835662
2.121187091512547 6.130489812433795
2.1338231323869628 5.945869723794987
2.146410287377122 5.7970400647260165
2.1589635630855613 5.603842247898309
2.171572232546307 5.441502444444063
2.184206232503577 5.287891929319353
2.1967582541876434 5.15702335914404
2.2093298486834105 4.956168113113618
2.221925909239807 4.828258305951072
2.234489591332647 4.656962246898953
2.247040534594884 4.474068712215361
2.2596241003144377 4.3427899891631245
2.272229531496586 4.120117890467321
2.2848348222229253 3.8884975392852246
2.2974000386779942 3.7852466435284033
2.3099677799709784 3.5939943178079927
2.322578483572135 3.500970896860279
2.3351595212304157 3.368637335187177
2.3476935649899993 3.26662748356943
2.360343316487158 3.1001007536102874
2.3730332994737653 3.029613300122277
2.385567863558977 2.9229056941092733
2.3980601433668585 2.7842967871410655
2.4107789685311047 2.713439657815717
2.4234531099437713 2.6130730975415406
2.4358311952097194 2.5169087947749618
2.448470944043584 2.461851585637324
2.461284805393453 2.385736693459494
2.4737948804239704 2.2841268716907064
2.4861107686591297 2.285751472287106
2.498755511659806 2.1630059959290797
2.5115847832453286 2.083093365421113
2.524093324138887 2.05217164320012
2.53656270111075 2.017617337260215
2.549307751622644 1.9423180369734299
2.5619784398313064 1.8818703785349422
2.5742127557983365 1.868605195256022
2.5867319401348796 1.8116936242348105
2.599886904080172 1.7676499994561579
2.6126019917307066 1.7384605513643185
2.6241685674096127 1.8044940877024174
2.6366174310925063 1.7446411568412392
2.650287847625155 1.652282620075105
2.663341593133416 1.74363742394699
2.6741769121319616 1.6510788931237317
2.6865492607137336 1.6109691020629484
2.7007770451010353 1.5797822639658867
2.714588441641011 1.5688469426905913
2.7248746414473364 1.2656284000290965
2.7364378284531066 1.6023798980843482
2.7506817507001844 1.2736875061795685
2.7647976990558005 1.5118477283906593
2.776632163410763 2.1552459203113
2.785694055607795 1.314861003515557
