0.017832091871975108 23115.137721105188
0.030213835030787072 17779.243721165094
0.0429748735767843 12020.548907662267
0.05577583798436842 11079.75913154179
0.06882863412500571 10381.99814980181
0.08110696464570526 6948.951255361799
0.09370674553631796 6261.143550427111
0.10636019509318824 4537.0408769663145
0.11912643058557999 4459.29256905218
0.13176693543452697 3757.8422610038497
0.14419796924510403 3457.5549033497687
0.15684580028039385 2845.2816241577393
0.16972024869412186 2604.274416479477
0.18227245710657175 2397.0919859474207
0.1947741622297761 2336.4131813604026
0.2073340835947676 1916.2828459680534
0.2199199214475022 1811.1106270837004
0.23253646283801416 1614.2262603040635
0.24518505143884164 1523.9376807976346
0.2578378507460682 1359.5924673966272
0.2703976673778484 1287.580194681427
0.28291044117596154 1207.0968036084694
0.2955705379804198 1108.6074563396432
0.3081399642793137 1062.865302316966
0.32072160731469684 990.100736962758
0.33341168081967976 923.0837090549498
0.346075877203799 883.5065116619222
0.3586128576244046 854.9279648616134
0.37115362695027543 810.9943605261636
0.38366727025124214 774.4248548836129
0.39630714272578954 713.5954439127493
0.4089399593153141 703.0845468586957
0.4215634989091995 666.1534249182208
0.43418079502572277 632.557060990744
0.4467620576802415 600.8466735494693
0.45936920285149824 570.2393184257907
0.47189654828056393 554.143047877953
0.48447350382182636 536.9791720378233
0.4970859006058857 519.343450108286
0.5096361353798312 493.98398583483976
0.522227701715784 470.6531662793966
0.5348355227589766 456.4945731188978
0.5474920039788639 442.14464077366245
0.5601365361534106 426.273397230805
0.5727270239485921 411.18805586681333
0.5852520646971254 401.4960794901197
0.5977898476833524 385.15191336053255
0.610399607484727 376.75007591233975
0.623002092426749 355.0182220201191
0.6356030860286814 343.8109765644916
0.648230198028248 339.37027216189574
0.6608495463994362 323.80789512313675
0.6734744173919013 315.79653475340876
0.6860022567240329 307.38426896247836
0.6985809637891293 300.6230351994528
0.7111908491771065 282.311624729227
0.7237149565943762 280.3000847875768
0.7363081577644109 271.75010823153104
0.7489074805118872 264.32292970184983
0.7615319556341432 252.42146134564993
0.7741323050847941 247.07549889927088
0.7866754473434167 237.83058004747318
0.7993235825500586 230.6535079164577
0.8119084864763942 222.61129331986803
0.824500300865101 214.81839785010405
0.837103047678946 211.24546312331393
0.8496433960979611 203.55249012068478
0.8622716392225018 198.14551436153204
0.8748814140551444 190.4038376135784
0.8874320306379438 186.94194281393104
0.8999827699152817 179.42533779634977
0.9125618598383773 174.27328173448518
0.9252292314560293 170.17240184735618
0.9378544149867146 165.9446691081562
0.9504457821018802 161.33532241528962
0.9630431388995914 154.83532560555392
0.9755988646043411 149.8447082537515
0.9881575396632257 145.9854022224121
1.0007426245805051 141.74054510949358
1.0132961828208358 137.82866301969128
1.0258723107356664 134.03157174369414
1.0385360311261906 128.40850475740743
1.0511519513207908 126.40712116322526
1.0637085884787192 122.304692064311
1.0762949902025645 117.7721115915823
1.0889194251788605 115.02488635300784
1.1015128135865744 110.87293298728564
1.1140372123598803 108.30133992534884
1.1266438572582183 104.1463443878951
1.1392985127936954 101.60543624097471
1.1518802725229789 98.16926263841845
1.1644525285109788 95.17827870699672
1.1770445539533572 92.3220897244999
1.1896240437944772 89.79198117943756
1.2022063409730122 87.07013377493541
1.2147708906645525 84.59327352091873
1.2273521312637727 81.06338888261126
1.2399769911738914 79.45792315248487
1.2525667220095977 76.6166370970226
1.265133219808421 74.58850750743466
1.277751659055478 72.23446602040389
1.2903456750126405 70.299224053057
1.3029343638221482 68.10152102326425
1.315537692904697 66.3064133288005
1.328117471481922 63.95750754890312
1.3407038618127152 61.96709422862741
1.353303995632369 60.187676823152444
1.365880197900989 58.080873981082746
1.3784547377611076 56.63789986805959
1.3910282284727569 54.94794147830634
1.4036176088634411 53.583214250695974
1.4162307266845866 52.11199145907344
1.4288327238231358 50.2596175309854
1.4414357605605117 48.7659432462875
1.4540420662985873 47.309297877492625
1.4666290001310334 46.12563475801069
1.479223233927615 44.85107206185349
1.491797940567097 43.53101221692544
1.504342072591227 42.38246274627535
1.5169427293249795 41.396366765359424
1.5295424653470218 40.31585426857081
1.5421299704605875 38.920380827246305
1.5547395520031366 37.83394740633814
1.5673496087201686 36.98412557491747
1.5799699879730211 36.43215748234159
1.5925093854124488 35.53132587000765
1.6050513674379896 34.55780432235373
1.617648660017452 33.58070887572267
1.6302445001949706 32.42342025715569
1.6428527694112276 31.32354957554266
1.6554322216394675 30.252600678708916
1.6680440255859188 29.132372818769053
1.680678920689053 28.174600818350434
1.6932331315939084 27.19763429857723
1.7057845975195454 26.191501096435836
1.7183896309732574 25.48449377255531
1.7309874185440854 24.50937372077297
1.7435623448937732 23.677823761890767
1.7561426634640553 22.937691720740293
1.768745892175798 22.121760370195112
1.7813334782050385 21.32540532959453
1.7938985526958433 20.553409717371316
1.80649808068198 19.90305147736374
1.8190945363690596 19.356304771325856
1.831693539710296 18.695317515000887
1.8442938066535501 18.00999470362052
1.8568876791935962 17.2973518907731
1.8694996979258125 16.761347602082935
1.8820874678435424 16.208680049955724
1.8946480071290963 15.730149313644835
1.9072244238241354 15.21933053936107
1.9197955083167157 14.753977005926632
1.9324077190392641 14.247692456827137
1.945026799429368 13.726275090256985
1.9575901294987041 13.321477725102078
1.9701677233625472 12.912560672221106
1.9827403283412905 12.444186581622926
1.9953314743596597 12.061387684896001
2.0079478346643826 11.742834122555237
2.020502275436277 11.256855442293075
2.033091375229665 10.930594593785209
2.045722350451928 10.588315867417691
2.058276346288374 10.368256185236373
2.0708699090952547 10.102971200929977
2.0835199499115813 9.71274728493673
2.096097125641415 9.362315872227944
2.1086272060888467 9.134006617765847
2.1211870915125575 8.831315274729796
2.133823132386974 8.522630165549472
2.146410287377133 8.419396751431265
2.1589635630855724 8.036286084962965
2.171572232546318 7.810124064754246
2.1842062325035885 7.6556108631413124
2.1967582541876545 7.432084681110336
2.209329848683422 7.194099156561954
2.2219259092398183 7.002754960442594
2.234489591332658 6.7540518445288455
2.247040534594895 6.506194451499445
2.2596241003144493 6.317921262789328
2.2722295314965977 6.057202903113296
2.2848348222229373 5.690305651698088
2.2974000386780062 5.508637724362323
2.30996777997099 5.241195193403166
2.3225784835721464 5.130076264718529
2.3351595212304277 4.9301638543247375
2.3476935649900113 4.765777450550795
2.36034331648717 4.566475234190514
2.3730332994737777 4.416898393816711
2.385567863558989 4.324433179670377
2.398060143366871 4.0930667902566755
2.4107789685311167 4.000616305571252
2.4234531099437837 3.8566604498691683
2.435831195209732 3.732251440572277
2.4484709440435966 3.63572935869591
2.4612848053934653 3.538682131671635
2.473794880423983 3.3831967087218278
2.486110768659142 3.415023116404444
2.498755511659819 3.248755020099673
2.5115847832453415 3.1416939139265008
2.5240933241389 2.9921860630326824
2.536562701110763 3.0085869704896746
2.5493077516226568 2.9059128089248514
2.5619784398313192 2.859034818434221
2.57421275579835 2.760835737568468
2.5867319401348925 2.663307721661867
2.599886904080185 2.58562088557035
2.61260199173072 2.699243087438024
2.624168567409626 2.6176426130040387
2.6366174310925197 2.568320283385814
2.650287847625169 2.4190148466158887
2.6633415931334294 2.5498802145219313
2.674176912131975 2.540564935882237
2.6865492607137473 2.4036653997131667
2.700777045101049 2.3804071378354505
2.714588441641025 2.39790373018666
2.72487464144735 2.009745115701622
2.7364378284531203 2.2051287908653388
2.750681750700198 2.2944799858429037
2.7647976990558147 2.2136665648661076
2.776632163410777 2.3945342629434596
2.7856940556078094 1.502591176307575
