0.017832091871974987 23080.0115017849
0.030213835030786864 17715.805026592916
0.042974873576784 11917.285175456227
0.05577583798436804 10961.976134098548
0.06882863412500523 10308.062643748503
0.0811069646457047 6890.724931240805
0.09370674553631732 6229.177904691977
0.1063601950931875 4510.839741997847
0.11912643058557917 4469.161247459479
0.13176693543452606 3786.1786678209
0.14419796924510303 3507.154696247617
0.15684580028039277 2927.954024792997
0.1697202486941207 2706.317470355666
0.1822724571065705 2530.14352025707
0.19477416222977473 2485.936499288997
0.20733408359476616 2071.572440531082
0.2199199214475007 1983.0757936080126
0.23253646283801255 1777.323106418699
0.24518505143883995 1711.2263201805767
0.2578378507460664 1538.5440107429051
0.27039766737784654 1467.42451730247
0.2829104411759596 1392.9609152720143
0.29557053798041777 1299.3409532462858
0.3081399642793116 1243.2824134396003
0.3207216073146947 1171.529765933418
0.3334116808196775 1101.396930836184
0.3460758772037966 1066.200349872393
0.3586128576244021 1048.6572269711714
0.3711536269502729 994.1623769852263
0.38366727025123953 958.2684796992982
0.3963071427257868 893.0904919009229
0.4089399593153113 878.1732074240849
0.4215634989091966 842.0619864461394
0.43418079502571977 801.1036549135797
0.44676205768023847 766.2603230188846
0.4593692028514951 733.8116962610221
0.47189654828056066 714.7842265908885
0.484473503821823 694.1497057620298
0.49708590060588226 677.237150534885
0.5096361353798277 648.7109566160645
0.5222277017157804 620.1502485213277
0.5348355227589728 611.4052586985065
0.5474920039788601 589.8001440267457
0.5601365361534067 575.5612109373674
0.5727270239485882 550.6467822709637
0.5852520646971214 543.7613577455135
0.5977898476833483 524.9946625006231
0.6103996074847229 514.6267406432411
0.6230020924267446 486.46003920664384
0.6356030860286771 474.37713663717864
0.6482301980282436 467.9129045568404
0.6608495463994316 449.34533108783546
0.6734744173918966 438.87433962131735
0.6860022567240281 429.9563255294497
0.6985809637891245 420.573252325445
0.7111908491771016 400.6303837653818
0.7237149565943712 396.8815331284632
0.736308157764406 385.17258713530623
0.748907480511882 376.0796517009391
0.761531955634138 360.4250666226075
0.7741323050847888 353.4085282207886
0.7866754473434112 342.9928675573169
0.7993235825500532 329.56877331110826
0.8119084864763886 320.49638149424123
0.8245003008650953 309.61246755938987
0.8371030476789403 303.782345048447
0.8496433960979554 296.42492002678716
0.862271639222496 286.9413295852618
0.8748814140551383 277.0202638874287
0.8874320306379377 272.38720411013736
0.8999827699152755 260.32805414979407
0.9125618598383711 253.3204112816032
0.925229231456023 249.0082729281604
0.9378544149867081 242.54139999699
0.9504457821018737 236.80936783411573
0.9630431388995847 227.6076716077332
0.9755988646043343 220.00363915720115
0.988157539663219 214.64195351387434
1.0007426245804982 208.426815008546
1.013296182820829 203.5037871865426
1.0258723107356595 197.22680465535845
1.0385360311261835 190.16202624117741
1.0511519513207834 187.15467825161008
1.0637085884787119 180.10086350468495
1.0762949902025571 173.85858272133868
1.088919425178853 170.49461034597454
1.1015128135865668 164.34309457124422
1.1140372123598725 160.64965018380494
1.1266438572582105 154.702491109482
1.1392985127936877 150.20409320195856
1.151880272522971 146.889505209167
1.1644525285109708 141.87750419578816
1.177044553953349 137.48699873240633
1.189624043794469 132.96334530677203
1.202206340973004 129.25604191319076
1.214770890664544 125.60171937127042
1.2273521312637643 120.94395853500058
1.2399769911738827 118.52818291097995
1.2525667220095893 114.30137215776065
1.2651332198084124 111.17002355963857
1.2777516590554692 107.94671447547303
1.2903456750126316 105.08164460342394
1.3029343638221391 101.40397347488242
1.3155376929046878 98.62662742685572
1.3281174714819128 95.17043526960985
1.340703861812706 92.20479187057501
1.3533039956323596 89.85060887003493
1.3658801979009794 86.65336547492299
1.3784547377610983 84.45649359503146
1.3910282284727473 81.70742886774511
1.4036176088634313 80.08031453409008
1.4162307266845768 77.73395926385203
1.4288327238231258 74.79190168885926
1.441435760560502 72.15566200835008
1.4540420662985774 70.47072925949632
1.4666290001310234 68.61989853490451
1.4792232339276048 66.51951504426843
1.4917979405670867 64.57494757827263
1.5043420725912169 63.06314112010756
1.516942729324969 61.659818763895125
1.529542465347011 60.04737349331226
1.542129970460577 58.057455467114636
1.554739552003126 56.41318675142818
1.5673496087201577 54.88400642070802
1.5799699879730102 53.92589506069816
1.592509385412438 52.61652992559298
1.6050513674379785 51.18644008398358
1.617648660017441 49.80552012597047
1.6302445001949595 48.15885062423866
1.6428527694112163 46.57508643136579
1.6554322216394561 44.84742809692669
1.6680440255859073 43.27357791648192
1.6806789206890411 41.833949766267416
1.6932331315938967 40.195884378816324
1.7057845975195336 38.77886802491201
1.7183896309732456 37.74080130914413
1.7309874185440735 36.20872833447991
1.7435623448937612 35.05617185503924
1.7561426634640431 34.08123178744919
1.7687458921757857 32.81975479040603
1.7813334782050263 31.53715473784808
1.7938985526958309 30.36964517544524
1.8064980806819675 29.453002266437775
1.8190945363690472 28.618605940694682
1.8316935397102834 27.62677078333497
1.8442938066535375 26.557176655843588
1.8568876791935833 25.651121979092
1.8694996979257996 24.770785798830957
1.8820874678435295 23.893012529167006
1.8946480071290832 23.16380692926017
1.9072244238241223 22.420816889031606
1.9197955083167024 21.77750665393607
1.9324077190392508 20.859389522519443
1.9450267994293544 20.34473776463277
1.9575901294986908 19.60089512043117
1.9701677233625337 19.074665186088776
1.9827403283412768 18.414372384538137
1.995331474359646 17.690377481365456
2.007947834664369 17.345169902373076
2.0205022754362627 16.533214930346688
2.033091375229651 16.05541649821583
2.0457223504519138 15.559591009635474
2.05827634628836 15.23572648588791
2.07086990909524 14.723092710229183
2.083519949911567 14.312014980233949
2.0960971256414003 13.823754514397132
2.1086272060888325 13.370534062084916
2.121187091512543 13.003231063060705
2.133823132386959 12.57276679625736
2.146410287377118 12.294547925668239
2.1589635630855573 11.894294244513096
2.171572232546303 11.554378692225702
2.1842062325035734 11.137583467696587
2.1967582541876394 10.846293240091041
2.209329848683407 10.499430455693906
2.221925909239803 10.203113621032768
2.234489591332643 9.882498189070786
2.24704053459488 9.472263098859285
2.2596241003144337 9.216821891644507
2.272229531496582 8.79661286209891
2.2848348222229213 8.383304992046135
2.2974000386779903 8.036750238243668
2.3099677799709744 7.688562179229146
2.3225784835721304 7.527157310256146
2.3351595212304113 7.198367839817317
2.347693564989995 6.878512156073546
2.3603433164871537 6.603977115632689
2.3730332994737613 6.413135795314069
2.3855678635589728 6.210427193298086
2.3980601433668545 5.978931899773569
2.4107789685311003 5.866847404181214
2.423453109943767 5.611465545451034
2.435831195209715 5.4140636433848925
2.4484709440435797 5.277003849263767
2.4612848053934484 5.12892961504217
2.473794880423966 4.854489973539425
2.486110768659125 4.826081588971168
2.4987555116598017 4.706949928987272
2.511584783245324 4.505517621266836
2.524093324138882 4.327376634588838
2.5365627011107454 4.394678140460387
2.549307751622639 4.1304540061410995
2.561978439831302 4.171853638834803
2.574212755798332 3.8991592008056193
2.5867319401348747 3.9209784865942283
2.5998869040801673 3.7702929640681884
2.6126019917307017 3.8874868872899917
2.624168567409608 3.846295967091075
2.6366174310925015 3.7466727412226435
2.6502878476251506 3.630370993044297
2.6633415931334112 3.5872334196539684
2.6741769121319567 3.5658149430500123
2.6865492607137287 3.480789568238602
2.7007770451010304 3.310316878293054
2.714588441641006 3.117723363335182
2.7248746414473315 3.176296679558544
2.7364378284531017 3.030563119251035
2.7506817507001795 2.835866608540432
2.7647976990557956 3.9911495804552795
2.776632163410758 5.25465856244528
2.7856940556077903 1.893345681485196
