0.01783209187197512 22814.35668065604
0.03021383503078709 17617.11172869888
0.04297487357678432 11872.865239120867
0.055775837984368457 10915.074912302363
0.06882863412500574 10282.381056401164
0.0811069646457053 6891.097363525796
0.09370674553631801 6246.5270661872955
0.1063601950931883 4518.12839896831
0.11912643058558006 4481.924696840249
0.13176693543452705 3807.800307880092
0.1441979692451041 3540.5736863935927
0.15684580028039394 2972.472175322411
0.16972024869412194 2751.275510635979
0.18227245710657186 2582.7693406106087
0.19477416222977617 2544.253666677707
0.2073340835947677 2132.5208926180694
0.21991992144750233 2048.069291562691
0.23253646283801427 1836.4167793536078
0.24518505143884178 1778.3795783857067
0.2578378507460683 1602.2910652622236
0.2703976673778486 1529.3132706172141
0.2829104411759617 1455.8359789858237
0.29557053798042 1363.5799674361417
0.3081399642793139 1301.945965347924
0.32072160731469707 1230.7345635236654
0.33341168081968 1159.149034487254
0.3460758772037992 1122.703190446893
0.35861285762440476 1107.9633471920197
0.37115362695027565 1050.2738810460207
0.38366727025124236 1013.6214774992787
0.39630714272578976 948.3638260613887
0.40893995931531435 929.4830590629824
0.4215634989091997 895.056349763202
0.434180795025723 851.459670832857
0.4467620576802418 815.1726598961613
0.4593692028514985 781.8107239822532
0.47189654828056415 761.4402456198983
0.48447350382182663 738.7135534559724
0.497085900605886 721.8708602261536
0.5096361353798314 692.1844494558173
0.5222277017157843 661.311906184329
0.5348355227589768 654.9151636601174
0.5474920039788642 630.0730695184178
0.560136536153411 616.5027934893257
0.5727270239485924 587.6389420429332
0.5852520646971258 583.5181960728327
0.5977898476833527 562.8002179951794
0.6103996074847274 550.9876473013925
0.6230020924267493 521.7230166576333
0.6356030860286818 508.6515956316503
0.6482301980282483 501.50625075320403
0.6608495463994365 481.59105494238344
0.6734744173919016 471.3470398273216
0.6860022567240333 461.8348456959923
0.6985809637891297 450.811607885313
0.7111908491771068 432.2731602902059
0.7237149565943767 427.30689320818726
0.7363081577644114 413.713183864633
0.7489074805118876 403.3616614143122
0.7615319556341437 387.6121733387006
0.7741323050847946 379.76590100594814
0.7866754473434171 369.52315516554773
0.7993235825500591 353.1561248762999
0.8119084864763947 344.6489804588823
0.8245003008651015 332.61374611745333
0.8371030476789465 326.19315273160436
0.8496433960979617 318.5721966151406
0.8622716392225024 308.92454932489034
0.8748814140551449 298.3481359236226
0.8874320306379443 292.81874058414996
0.8999827699152823 279.89300371462036
0.9125618598383779 272.47815615661034
0.9252292314560299 267.6243082021052
0.9378544149867151 260.7290997028729
0.9504457821018808 254.54149132675454
0.9630431388995918 244.41178278487462
0.9755988646043416 235.81330215413647
0.9881575396632263 230.28024909865158
1.0007426245805058 223.3597920011811
1.0132961828208364 218.08859021573895
1.025872310735667 210.83848612080885
1.0385360311261913 203.48771951226834
1.0511519513207912 200.19660850591058
1.0637085884787196 192.08933809543205
1.0762949902025651 185.6266597070693
1.0889194251788612 181.78954958563796
1.101512813586575 175.35534033480232
1.114037212359881 170.9615368938007
1.126643857258219 164.85867524683908
1.139298512793696 160.1317714763659
1.1518802725229795 156.6489974942113
1.1644525285109795 151.49360021693914
1.1770445539533578 146.733823470673
1.1896240437944778 141.4252251272133
1.2022063409730128 137.68079976254944
1.2147708906645531 133.74480960436756
1.2273521312637734 128.97254080129733
1.239976991173892 126.27422184487092
1.2525667220095986 121.76778074908262
1.2651332198084217 118.25344240728398
1.2777516590554787 114.8945887557531
1.2903456750126412 111.47863991439245
1.3029343638221489 107.49265476577314
1.3155376929046976 104.42783667199089
1.3281174714819226 100.99015077966122
1.3407038618127158 97.80332013158086
1.3533039956323696 95.12604550367193
1.3658801979009896 92.06282446862194
1.3784547377611085 89.23860493110132
1.3910282284727578 86.42201410246305
1.4036176088634418 84.76997332621787
1.4162307266845875 82.22786171285595
1.4288327238231364 79.28617156147499
1.4414357605605126 76.33585413617385
1.454042066298588 74.52258926878805
1.4666290001310343 72.43947434461131
1.479223233927616 70.02044233361572
1.4917979405670978 68.07172957800196
1.504342072591228 66.52013902693267
1.5169427293249804 64.91675561495445
1.5295424653470224 63.14937258905778
1.5421299704605884 61.043205383326594
1.5547395520031375 59.32281637265739
1.5673496087201695 57.62037840739999
1.579969987973022 56.657588523079134
1.5925093854124497 55.224308996695534
1.6050513674379905 53.755294361293956
1.6176486600174529 52.27705504992128
1.6302445001949715 50.545135098818946
1.6428527694112285 48.82358180319744
1.6554322216394683 47.02445501423222
1.6680440255859197 45.40350380835058
1.6806789206890538 43.866202426971626
1.6932331315939093 42.26322020815771
1.7057845975195463 40.693834576764
1.7183896309732583 39.488561286766945
1.7309874185440863 37.88791216262478
1.743562344893774 36.62197898617683
1.7561426634640562 35.50735421106391
1.7687458921757988 34.232237687038996
1.7813334782050396 32.89768844101586
1.7938985526958444 31.738237620786723
1.806498080681981 30.757670020289606
1.8190945363690607 29.863556343844866
1.831693539710297 28.761461181781574
1.8442938066535512 27.61703800541534
1.8568876791935973 26.633633043027558
1.8694996979258134 25.765447324383363
1.8820874678435435 24.793101102478182
1.8946480071290974 24.031260255219067
1.9072244238241365 23.292971667853905
1.9197955083167166 22.592750369567604
1.932407719039265 21.63627636255783
1.945026799429369 21.069613825422113
1.9575901294987053 20.29366871561948
1.9701677233625483 19.74781023855119
1.9827403283412917 19.033540668781782
1.9953314743596609 18.233326654927506
2.007947834664384 17.939641273368835
2.020502275436278 17.066450284238336
2.033091375229666 16.630442455433897
2.0457223504519293 16.077835823456084
2.058276346288375 15.68715018826763
2.0708699090952556 15.177849452403986
2.0835199499115826 14.724688213724036
2.096097125641416 14.242231262272862
2.108627206088848 13.800420331651141
2.121187091512559 13.40071297781877
2.1338231323869747 12.972019313854947
2.146410287377134 12.58174338205761
2.1589635630855737 12.247791959149144
2.1715722325463194 11.839120249288008
2.1842062325035894 11.410403273741073
2.196758254187656 11.137785342859873
2.2093298486834234 10.736372676825937
2.2219259092398196 10.412985696164096
2.2344895913326592 10.168251627902961
2.2470405345948965 9.698551837058098
2.2596241003144506 9.381338984648306
2.272229531496599 8.981528614329331
2.284834822222938 8.525067228750883
2.2974000386780076 8.19577750528963
2.3099677799709912 7.806005372288744
2.3225784835721477 7.583324481331084
2.3351595212304286 7.264246373877099
2.3476935649900126 6.963353462821087
2.3603433164871714 6.755564884902709
2.373033299473779 6.521599613699592
2.3855678635589905 6.266286538667245
2.3980601433668722 5.983914916615247
2.410778968531118 5.878920767056929
2.423453109943785 5.655779298417581
2.435831195209733 5.485489427789732
2.448470944043598 5.25759442675159
2.4612848053934666 5.171108538572619
2.473794880423984 4.914702165431988
2.4861107686591435 4.860123392198389
2.4987555116598203 4.658246353417393
2.511584783245343 4.487897812495484
2.524093324138901 4.3590828217601425
2.5365627011107645 4.360217590585614
2.549307751622658 4.10317072949046
2.5619784398313206 4.114896462091129
2.574212755798351 3.859722849574359
2.5867319401348943 3.8889390352527284
2.599886904080187 3.829140189620501
2.6126019917307213 3.7852018207485245
2.6241685674096273 3.746298321305441
2.636617431092521 3.594571246388096
2.65028784762517 3.564551154820444
2.663341593133431 3.450810018181523
2.6741769121319767 3.463872384819945
2.6865492607137487 3.4990721756104484
2.700777045101051 3.430192455524798
2.7145884416410264 2.88339430975561
2.724874641447352 3.063158050443198
2.736437828453122 2.876886546293557
2.7506817507002 2.5847051615937975
2.764797699055816 4.052107061372503
2.776632163410779 4.946404159134911
2.785694055607811 3.5970633063705226
