0.017832091871974976 22985.143477102003
0.030213835030786847 17632.31663601227
0.04297487357678398 11841.29451206528
0.055775837984368005 10885.138942784748
0.0688286341250052 10245.914784950806
0.08110696464570465 6847.298340132914
0.09370674553631726 6194.680688674319
0.10636019509318745 4485.714307533842
0.11912643058557912 4456.17253246034
0.131766935434526 3782.961877395222
0.14419796924510295 3512.49758162947
0.1568458002803927 2947.0962523392427
0.16972024869412058 2731.6901487674922
0.1822724571065704 2566.7359515062803
0.19477416222977462 2528.8259771138473
0.20733408359476604 2117.73223694245
0.21991992144750058 2035.3381580069195
0.2325364628380124 1826.8961201452396
0.2451850514388398 1769.2164370921598
0.25783785074606624 1594.7363113294402
0.27039766737784643 1523.6428812407673
0.2829104411759594 1450.5473209245345
0.2955705379804176 1359.3014479330197
0.30813996427931145 1300.2304241909565
0.32072160731469446 1228.4321373622759
0.3334116808196773 1158.48684708648
0.3460758772037964 1123.4529206688978
0.3586128576244019 1109.9824208992245
0.37115362695027265 1052.370411169474
0.3836672702512393 1016.5299224075984
0.3963071427257866 950.9262342176847
0.4089399593153111 933.2191151450711
0.42156349890919637 898.8657001089801
0.43418079502571955 855.3431945325987
0.4467620576802382 819.4741666032272
0.4593692028514948 786.7541965657438
0.4718965482805604 766.6044721129929
0.48447350382182275 744.5351519529588
0.497085900605882 727.2391720650103
0.5096361353798274 697.8613173441961
0.5222277017157801 667.8976718610127
0.5348355227589726 661.1376848520151
0.5474920039788598 636.8132455500886
0.5601365361534064 623.118577330593
0.5727270239485879 595.1684462167062
0.5852520646971211 590.3494926101729
0.597789847683348 569.8972349813043
0.6103996074847226 558.9937881069192
0.6230020924267443 528.941390314043
0.6356030860286767 516.6529248674893
0.6482301980282432 509.0404319390026
0.6608495463994312 489.41317041705815
0.6734744173918963 478.5467026372579
0.6860022567240278 469.52513772150866
0.698580963789124 458.7801441488147
0.7111908491771012 439.61433682970477
0.7237149565943708 434.8927259030885
0.7363081577644055 421.4877691338908
0.7489074805118816 411.64627770168903
0.7615319556341376 395.2019687854194
0.7741323050847884 387.71573424416533
0.7866754473434108 376.7761936377139
0.7993235825500528 360.7831397758026
0.8119084864763881 351.8170890584554
0.8245003008650948 339.81552718154467
0.8371030476789398 333.37452799290736
0.8496433960979548 325.9189053850698
0.8622716392224955 315.8063256536556
0.8748814140551379 304.9690134514881
0.8874320306379372 299.85600139861475
0.899982769915275 286.2785186170583
0.9125618598383706 278.86666343603287
0.9252292314560224 274.1906071179403
0.9378544149867076 267.2290420016161
0.9504457821018732 260.80897935060136
0.9630431388995842 250.7920973395349
0.9755988646043339 242.07369146082218
0.9881575396632184 236.3012224724278
1.0007426245804978 229.27023942893405
1.0132961828208282 223.94783283727466
1.0258723107356589 216.65905715429315
1.038536031126183 209.4035571866308
1.0511519513207828 205.96147857738072
1.0637085884787112 197.68199683179446
1.0762949902025565 191.0985937983525
1.0889194251788525 187.3957260158118
1.1015128135865662 180.68815665106862
1.114037212359872 176.57693203925095
1.1266438572582098 170.0068917104938
1.139298512793687 165.18747727220924
1.1518802725229704 161.71650429114237
1.1644525285109701 156.24769888607847
1.1770445539533485 151.56264373033486
1.1896240437944683 146.20977270032037
1.2022063409730033 142.31081579963876
1.2147708906645434 138.23976819886929
1.2273521312637636 133.26899003459883
1.239976991173882 130.5791082316749
1.2525667220095884 125.89197961077649
1.2651332198084115 122.36484803727984
1.2777516590554685 118.95915751910235
1.290345675012631 115.59523326137104
1.3029343638221385 111.4986108313444
1.3155376929046871 108.25794871780418
1.328117471481912 104.62199994919419
1.3407038618127052 101.42103180065544
1.353303995632359 98.7799346347337
1.3658801979009787 95.35661662303686
1.3784547377610974 92.55154977192812
1.3910282284727467 89.64776518957825
1.4036176088634307 87.96208316011126
1.4162307266845762 85.39396562796912
1.428832723823125 82.32920471548496
1.441435760560501 79.38613157017713
1.4540420662985765 77.42747382124415
1.4666290001310225 75.28319834938623
1.479223233927604 72.9297313288205
1.4917979405670858 70.84770034228792
1.504342072591216 69.23895299590342
1.5169427293249682 67.581756137943
1.5295424653470102 65.79179346510905
1.5421299704605762 63.54651067939687
1.554739552003125 61.85798446847567
1.5673496087201568 60.094061302863736
1.5799699879730094 59.080002262860866
1.592509385412437 57.61749438155686
1.6050513674379776 56.0709381982236
1.61764866001744 54.58031047733836
1.6302445001949586 52.740658585047925
1.6428527694112154 50.98081467039149
1.6554322216394552 49.09607708785978
1.6680440255859064 47.46573930408776
1.6806789206890402 45.90459210009384
1.6932331315938958 44.17939728297576
1.7057845975195327 42.55174105620234
1.7183896309732447 41.37567999594913
1.7309874185440726 39.61576913134856
1.74356234489376 38.37009633917137
1.7561426634640422 37.23512119713217
1.7687458921757846 35.881857740095334
1.7813334782050254 34.52014525128372
1.79389855269583 33.232435885837745
1.8064980806819666 32.26405675318812
1.819094536369046 31.328024884072185
1.8316935397102823 30.192403645507234
1.8442938066535366 29.010687885268386
1.8568876791935824 27.988621592328336
1.8694996979257985 27.04450413570879
1.8820874678435284 26.039603822684136
1.8946480071290823 25.25931839544732
1.9072244238241212 24.47896235158595
1.9197955083167013 23.746218994876653
1.9324077190392497 22.77039884692659
1.9450267994293535 22.169376755314598
1.9575901294986897 21.364970883272516
1.9701677233625325 20.73709193645459
1.9827403283412757 20.067283592720354
1.9953314743596449 19.20390352057899
2.007947834664368 18.870674297396448
2.020502275436262 17.973196019794617
2.0330913752296498 17.52960141313134
2.045722350451913 16.935104828209084
2.0582763462883586 16.53812418121303
2.070869909095239 15.998383907371888
2.0835199499115657 15.534806933805987
2.0960971256413994 15.039590602006799
2.108627206088831 14.529216465535137
2.121187091512542 14.148665738669248
2.133823132386958 13.68000308721665
2.146410287377117 13.295956408527612
2.1589635630855564 12.929695285716106
2.171572232546302 12.495105026211437
2.184206232503572 12.044604381859987
2.196758254187638 11.737399682900927
2.2093298486834057 11.37879534088465
2.221925909239802 11.020170749720451
2.2344895913326415 10.700916467860134
2.2470405345948787 10.236487089396169
2.2596241003144324 9.934692355562353
2.272229531496581 9.497003859581563
2.28483482222292 9.04908135663546
2.297400038677989 8.677487280592954
2.309967779970973 8.293516919020888
2.322578483572129 8.09702570932351
2.33515952123041 7.73895527565663
2.3476935649899935 7.400413398987193
2.3603433164871523 7.165125063038287
2.37303329947376 6.926214483373129
2.3855678635589714 6.665643627242596
2.398060143366853 6.39328983673799
2.410778968531099 6.272078906292003
2.4234531099437655 6.011297668654702
2.4358311952097136 5.824633655703723
2.4484709440435783 5.599762214337572
2.461284805393447 5.499597176527756
2.4737948804239647 5.223931717269174
2.4861107686591235 5.174606314742814
2.4987555116598004 4.9559226308316315
2.5115847832453224 4.797781140135838
2.5240933241388808 4.621761177717849
2.536562701110744 4.6491993220012855
2.5493077516226377 4.372639203385029
2.5619784398313 4.4094581914644735
2.5742127557983303 4.137908991964158
2.5867319401348734 4.115973501113332
2.599886904080166 4.04736194233844
2.6126019917307004 4.110504327600982
2.6241685674096065 4.039714514032985
2.6366174310925 3.9109208820939996
2.6502878476251492 3.7952795911927573
2.66334159313341 3.811285572662049
2.674176912131955 3.7202105671223245
2.6865492607137273 3.812883662159061
2.700777045101029 3.69723538351512
2.7145884416410047 3.157087109995648
2.72487464144733 3.349776659725121
2.7364378284531004 3.167569874579
2.7506817507001777 2.846780642331521
2.7647976990557943 4.275167524501318
2.7766321634107567 5.107153908306097
2.785694055607789 3.8296911088003633
