0.017799268495537764 7.935214515152067
0.030158220687391393 2.9238828688252645
0.04289577010070952 1.362322343912577
0.05567317188442832 1.1266156565804766
0.06870194185671924 1.1129615358362852
0.08095767176120412 0.8572584850348086
0.09353426034470166 0.9826099914719818
0.10616441880700951 1.0005219096749423
0.11890715560074815 0.911400790660541
0.131524393182344 0.8563701223110578
0.14393254529708865 0.9351474913841384
0.15655709557977984 0.9583106300606579
0.16940784610827148 0.9486047273891007
0.18193694977985306 0.9176943499420013
0.1944156431231544 0.9058794301138963
0.20695244555011294 0.9452467811987275
0.21951511676056096 0.9319871475340725
0.23210843499305134 0.9257589317439194
0.2447337414468359 0.9337879213253003
0.2573632508564089 0.9427507285924415
0.26989994874293766 0.924154808783106
0.28238969038713413 0.9130460899518906
0.29502648386149916 0.9365214185658849
0.30757277372671094 0.922608798453096
0.3201312578411713 0.9290617750450618
0.332797972838209 0.9300495403858677
0.34543885834617427 0.9049822667988857
0.35795276205594373 0.9589410097322004
0.3704704476967735 0.9175399862318132
0.38296105724333723 0.9372351798106433
0.39557766361453955 0.93664089220181
0.4081872270884253 0.9476799945875813
0.420787530642757 0.9246736547907907
0.4333816022120411 0.9351402839903028
0.4459397066458008 0.9146367941326338
0.458523645954575 0.9379771773702745
0.4710279324078497 0.9345005090729939
0.48358173765641904 0.9472632745006992
0.49617091891139786 0.9260808241418386
0.5086980525773342 0.9322972282604621
0.5212664417266313 0.9325688913723561
0.5338510556632697 0.931763969135699
0.5464842402082388 0.9296710658575245
0.5591054977023713 0.9350714546964236
0.5716728102961576 0.947311712439754
0.5841747963111052 0.9370928703769548
0.5966895011092206 0.9293649139275943
0.6092760502353858 0.9301385308394353
0.6218553378929687 0.9470901793772469
0.6344331369555587 0.9319198176161965
0.6470370063398756 0.9317129239326982
0.6596331263862572 0.9434351026818685
0.6722347588884748 0.934850672233703
0.6847395383356925 0.9436308815022261
0.697295091884081 0.9334857232509034
0.7098817663656826 0.9328062541514185
0.7223828207673415 0.9299294802983086
0.7349528417414956 0.9405690662182739
0.7475289730251566 0.9243278028249683
0.7601302103858402 0.9461607980567575
0.7727073664828323 0.927756455667041
0.785227420688577 0.923853170358823
0.7978522745827349 0.9335557459131496
0.8104140135858541 0.9295089285349324
0.8229826503313165 0.9314798370133114
0.8355621993786972 0.9452543587283343
0.8480794648874308 0.9359278789874621
0.8606844633146699 0.931120754018228
0.8732710274444351 0.9348706912536634
0.8857985422164332 0.9168198228775933
0.898326179457127 0.9262081399469495
0.9108821151587915 0.9287842060506277
0.9235261700556648 0.9423526047040423
0.9361281145208162 0.9315184143597911
0.9486963048160301 0.9324190984986745
0.9612704737686326 0.932850206619606
0.9738030882582648 0.9326985897292044
0.9863386466731813 0.9290622934259593
0.9989005663340959 0.9342557055310364
1.0114310173489416 0.9341758456541854
1.0239839964944841 0.9304081753603313
1.0366244068850117 0.9321402922044346
1.0492171050650199 0.930753714306912
1.0617506293301269 0.9278709182920157
1.074313863373773 0.9316486587160286
1.0869150606623927 0.9324415081969978
1.099485268529579 0.9279832881762861
1.1119866137509775 0.9335297204908409
1.124570053707681 0.9314456521861864
1.1372014159287616 0.9343134496297744
1.1497600165223247 0.9332119815158476
1.1623091308680584 0.9345300225298613
1.1748779782787078 0.9340379798902732
1.1874343131622709 0.9298865690360832
1.1999934502158076 0.9276652995833129
1.2125348724499942 0.9289156803564828
1.2250929548690526 0.9266706664945877
1.237694576309323 0.9318856505290875
1.2502611333369629 0.9316953086179169
1.2628045000925687 0.9339110369065542
1.275399712688236 0.9368709467467689
1.2879705469497462 0.9340962554474577
1.3005360638692358 0.9386057321532236
1.3131161941135434 0.9367896402650006
1.3256728172017376 0.931785433757403
1.3382360398733026 0.9329237040310585
1.350812980736208 0.9396485096720213
1.363366034098677 0.9359039908865459
1.375917428112626 0.9295728108732108
1.388467774909264 0.9356982538252636
1.4010339821369429 0.9382426965319305
1.413623883101801 0.9337318285905635
1.4262026838538067 0.9300086447172816
1.4387825222910589 0.9363667252189543
1.4513656237117891 0.9323881824610666
1.4639293888845883 0.9325916910080599
1.4765004405845426 0.9335297916069991
1.4890520010708652 0.9380210264525535
1.501573043220265 0.9394424751379027
1.5141505060347453 0.9379375088565591
1.5267270498322616 0.9413571736774975
1.5392913852346284 0.9398679838750604
1.5518777564300874 0.9345053075494972
1.5644646019253798 0.939507495217991
1.577061750955891 0.9404589513153564
1.589578067235497 0.9375519416796739
1.602096963343791 0.9376755776526554
1.6146715465128634 0.9416972182660017
1.627244621985417 0.9361669257155804
1.639829314236997 0.9411838628010433
1.652389231876916 0.9416812560310799
1.6649781087453046 0.9384322593755885
1.6775905466837737 0.9388852261592797
1.6901256029552854 0.942601400798863
1.7026552387045137 0.9428549576618596
1.7152383081078044 0.9407595119703746
1.7278103408839558 0.942669661758843
1.7403663847255975 0.9419425764594458
1.7529268449962743 0.9426853033204046
1.7654993906048362 0.9410944796219182
1.7780651597526438 0.940708362374708
1.7906154456576144 0.9441923475393338
1.8031898907105872 0.9416988719317624
1.8157652421376027 0.9428589047775793
1.828347387918752 0.9461532981569959
1.840924720338218 0.9434825445205116
1.8534854300005845 0.9488276710794593
1.866063376558062 0.9471780048054981
1.8786516843331638 0.946972701391691
1.891193479465803 0.9457379171299919
1.9037305112667076 0.9478092761139341
1.916281148824884 0.9453780593124128
1.9288686768722607 0.9483197901169953
1.941469604685507 0.9484420648294717
1.9540146218271126 0.9494605293866795
1.9665631233723073 0.9521374813087974
1.9791123868548801 0.9513480294532781
1.9916896989856983 0.9530877550011159
2.0042708502260735 0.9548612960564623
2.016808069580032 0.9507719798553936
2.0293867087211397 0.9502836335545018
2.0419835100479005 0.9552960549420606
2.0545463501993715 0.9531425273330203
2.0671167432619733 0.9550110776244914
2.079693484395508 0.9597629684299313
2.092252309651353 0.9527439201713243
2.1048052235458585 0.959254333139281
2.1173597493848137 0.9607929679662935
2.129926996360997 0.9624283775254395
2.142511875245089 0.9579768081479753
2.155086408107685 0.960818687002024
2.1676479410339176 0.9603650778926749
2.180214338691952 0.9620863992336621
2.192777612870542 0.9673372142073887
2.205360535210472 0.9668396493109072
2.217924356433057 0.9675029474135886
2.230449108351952 0.9683311960604039
2.243002496812656 0.9674166099899011
2.255583379369837 0.9727990252865131
2.268177327183909 0.9735651127886538
2.280726311310094 0.9732098239445349
2.2932765628123875 0.9769384379895133
2.305883018270813 0.9755208250982366
2.3184559959330002 0.9770542668404993
2.33101561635918 0.9764616879837916
2.3435843152437483 0.9800089009553439
2.3561730256016418 0.9819727803799472
2.368733451518547 0.984207855469117
2.3812674177879396 0.9880383199853502
2.3938225410155347 0.990812205637034
2.406401268193848 0.9880579683350187
2.41897179251422 0.9947411132734428
2.431525897938553 0.9904931767858753
2.444097594275561 0.9912737093042301
2.456679307312723 0.9979110965961315
2.469264037357731 0.9992365911530451
2.4818025487279276 1.0000977679871372
2.4943477228287163 1.0028431694897932
2.506928954543085 1.0034834303245364
2.5194979286070254 1.0059504046136551
2.532062301227252 1.0060808364549119
2.544630582063769 1.0096284208866049
2.557206305378176 1.0140501657617655
2.569771163277816 1.0169897302734598
2.5823488156834595 1.0222393190230734
2.5949294184351896 1.0232106813630977
2.607481609871159 1.0215098497377921
2.6200325918533673 1.0291055419227915
2.6326008314806613 1.0273227887297238
2.6451714470266756 1.0322944809075072
2.6577289013613177 1.0312541070137522
2.6702875165192688 1.0386040940494616
2.6828789292835853 1.0408295184687584
2.695459623710504 1.0420993382543584
2.7080010570341293 1.0510498579698144
2.7205630857918446 1.048558314531171
2.7331292302601695 1.053217148693012
2.745700844454238 1.0550643573511336
2.758268583495613 1.0598301177672158
2.770816962097538 1.0608200553487541
2.783395100377306 1.065218185934454
2.7959667109620505 1.0739406199706127
2.808533565049603 1.0758964961603663
2.8211073473436765 1.0832111040801062
2.833673445617592 1.0865642614998094
2.8462341230499075 1.0903059237453245
2.8587933611582144 1.0913672625834103
2.8713715926145196 1.099300724515687
2.883951982645063 1.1024013533893007
2.896505064972055 1.1099647282945828
2.9090624173653152 1.1129031167975134
2.921636347867312 1.1183773399249914
2.9342184285037987 1.1248098578319257
2.9467835077471918 1.129679684896843
2.9593376104945923 1.1352177220003863
2.971909959356904 1.1399384332475162
2.9844648818349313 1.146306292458302
2.9970025912396396 1.1537406733159512
3.0095691447304107 1.1595735217959218
3.0221496145546536 1.1691685333711122
3.0347208908804895 1.1702293415113434
3.0472947529910623 1.1742407174454064
3.059873672623257 1.1849153209700778
3.0724579451537317 1.1925080379751132
3.0850190190373863 1.1998967989070062
3.0975654978086733 1.210852439338529
3.1101437013412485 1.213532689076629
3.1227122017832536 1.2240118148944306
3.135255784201442 1.2308233556952322
3.147824927050261 1.242700363517344
3.160404612841315 1.2510118323879291
3.172968299399256 1.2592384094876194
3.185517531218137 1.2672998396519757
3.198090365624909 1.2770625727481804
3.21068175623942 1.288921024284063
3.2232370098487864 1.2931057648094981
3.235791799984051 1.2970385600059324
3.248362870504194 1.3006873779477104
3.2609256034673866 1.3057125974162338
3.273493927385806 1.3047540350533202
3.2860577004099105 1.3081555341627606
3.2986135752961805 1.3128322648124067
3.3111819014455235 1.31390053566407
3.3237539462871006 1.3222232533447895
3.3363338643292035 1.323397406886416
3.3488964968189934 1.3280158649642981
3.3614401360385595 1.3302527844744398
3.374021663390669 1.3337042103648091
3.3866123066403935 1.3369496839736819
3.3991586212764875 1.3393936373500717
3.411720912246434 1.3491493092074767
3.424300763872271 1.3528723833969531
3.4368680779845167 1.3544327634960205
3.449434189664977 1.356845989230944
3.4619871228240284 1.3634980977913158
3.474569996725635 1.3683039302290398
3.4871298713920247 1.3751443208848186
3.4996692719647635 1.3789019164870584
3.5122438039356605 1.3793668400832677
3.524818468807389 1.38351218961522
3.537384384761843 1.3897462864119705
3.5499507137664943 1.3956993082109992
3.56252445034784 1.3995783089424052
3.5750886924967964 1.40294970055127
3.5876517720337704 1.4073499853719007
3.60021262107243 1.4162462669066525
3.6127789955512037 1.423057355283128
3.6253461864341636 1.4296499834782845
3.6379044185104967 1.4292252187746026
3.6504741440035855 1.4413144849615258
3.6630445007332693 1.4432636471868086
3.6756179364359363 1.451201845911316
3.688189960860854 1.4578039978640065
3.7007509417773874 1.4693682914534831
3.713318580796203 1.4707677014521687
3.7258842752432355 1.4779043019409135
3.738441167571854 1.4848299550743742
3.7510126865143576 1.4898926947958242
3.7635870396423203 1.4991718420751534
3.776152665934742 1.5072396265298762
3.788701919853161 1.5127481770992655
3.801272957668575 1.5252426966479333
3.8138536845609505 1.5304690242815608
3.82640143198394 1.5390734792996004
3.8389614593285595 1.5476241304573637
3.8515371920558987 1.5529092271162122
3.864126791395562 1.5610834532560685
3.876678383876013 1.5738081806562976
3.889213523276794 1.5897417720434746
3.901790663969883 1.5925641364891319
3.9143731707654155 1.5974383749969208
3.9269471055910627 1.605664610666823
3.9395075678004368 1.6233720183918943
3.9520796567336873 1.6349491283889583
3.9646620986063565 1.6412829859482612
3.977220320642608 1.6500916985313365
3.9897727295677075 1.6641984070452482
4.002342945025288 1.6722090353648609
4.014902097465638 1.6851991149467227
4.027451279892634 1.701592044690214
4.0400189935704685 1.7091287999424645
4.052604928594748 1.7203831386668875
4.065171529636 1.7317963406214636
4.077718810782966 1.7459959738181332
4.090286592413344 1.7663934718729928
4.10287045605048 1.7772916447381228
4.115444417738379 1.7834026174272406
4.128005690630298 1.7988126778700548
4.140582322383677 1.8194842696106348
4.1531661811493485 1.8265752537920175
4.165705220403032 1.8446695245591656
4.178241907196655 1.8562587390815286
4.190831318126416 1.873916384112401
4.203402793990614 1.8879941092339785
4.215942161615822 1.9100269691534522
4.228508278546434 1.9222569526717703
4.241072454882144 1.947605111803947
4.253638166916131 1.959474279716917
4.266210059558877 1.972832237726005
4.278796884070619 1.991501415898414
4.291375432919338 2.012148976247426
4.303912419567397 2.029722025738942
4.316477283007332 2.04547340150402
4.329057568047011 2.07097531782826
4.341630932924521 2.089942469659457
4.354194846360677 2.105372306061771
4.3667500571902025 2.1179774443365287
4.379305619735137 2.1432428802308516
4.391872840637563 2.142711819398193
4.404431004456612 2.1779722335186515
4.416993538965931 2.1884639364558303
4.429583976690371 2.210173372291946
4.442148154235715 2.226901756226254
4.45467275171472 2.2441868064581474
4.467252343137581 2.270607069084679
4.479854067394887 2.274354437362652
4.4923981626086835 2.293170165486588
4.504958612714602 2.2815645498561827
4.517516324483386 2.296607841972096
4.530071981974207 2.3077319409294126
4.54260426168374 2.3203793721845547
4.555175885379308 2.308498217849463
4.5677930298928064 2.315134794670164
4.580336433718233 2.327270217780508
4.592903547398687 2.363719650315426
4.605503846525845 2.367409959240506
4.618062899353844 2.3944255378111188
4.630609850785822 2.39678238037033
4.643166166070281 2.408049182158047
4.655748047691718 2.421267831789966
4.668307216238103 2.4322122475822443
4.680835067850327 2.46889000062483
4.693410521935231 2.485283813772276
4.706002893895838 2.4970664867447216
4.718576089739265 2.5058815580154783
4.731104045001503 2.5121965104591006
4.743647852612007 2.5425205652530747
4.7562780776847084 2.5747592962104986
4.768852446599747 2.5854220562635355
4.781381416470511 2.6245687291685766
4.793972518504311 2.6391725472542618
4.806603328685961 2.6430796533864003
4.81914236930913 2.6874196937971724
4.831657814959349 2.7173097025006245
4.844283915816889 2.7518958964166087
4.856856307542262 2.7647453018350685
4.869351720195233 2.7888644176478046
4.8819365979284415 2.8109558039930023
4.894594125386991 2.8229748865866187
4.907134389930937 2.8853365706678797
4.919596219538221 2.950121669543769
4.9322146031667184 2.9287113515451533
4.944824738050678 3.008515463686198
4.957323217052521 3.0141831329353455
4.969864736399664 3.065601780013925
4.982481756176704 3.137295823979665
4.995106836569167 3.144443313446886
5.007603654670808 3.206848449310314
5.020096971183016 3.223104068027054
5.032772361238518 3.2856046539086132
5.045389943211373 3.336005527626998
5.057820270842706 3.4485765340896686
5.07038592699149 3.360832898414225
5.0831020452522795 3.4815972525664822
5.0956632029007425 3.50078195213456
5.108051447972593 3.6221132084195684
5.120667425532894 3.607597014893319
5.1334436105385 3.7248021033083454
5.145890992654914 3.8314778001349032
5.158221006790807 3.8241165929456047
5.1709469384451605 3.8445922009532887
5.183696326300537 3.953649322988602
5.196114569434604 4.013607718395447
5.208590236476461 4.07594384348692
5.221344901714845 4.1445305136084025
5.233861565245476 4.254720377158915
5.2460129773919935 4.3452990440337205
5.258790939232656 4.385864225319868
5.271817018539481 4.54083036915296
5.284055430014834 4.509437692540646
5.296074872488588 4.5760781500302325
5.309077762501427 4.633004671576321
5.322356392655059 4.850292907066679
5.334386112989844 4.983603128184681
5.346177610838656 5.168100692706634
5.3594593273068245 5.062920347467652
5.3729296499021535 5.272651770347633
5.3843924918090025 5.8030357553794625
5.395925124255162 5.485575556221359
5.409779637705466 5.701795688129497
5.423636274401834 5.616700239156926
5.434191546602848 5.464956756692515
5.44556862410868 5.983422002998182
5.459891413420195 6.1287731847216715
5.474126284132885 6.587612941743673
5.484972107836673 6.389466539788003
5.495742328319791 6.684506959336472
5.5100819570240285 6.461744312602418
5.524394357856753 6.768512848583934
5.535781236561921 4.730441503772903
5.5456596173794175 7.952587799412368
5.559307265186071 4.535230336739849
5.5719872787306475 0.0809506145428298
