0.017799268495537764 19.564157485855823
0.030158220687391393 5.276910390038001
0.04289577010070952 1.9688055509228408
0.05567317188442832 1.2807818793888381
0.06870194185671924 1.159594801578832
0.08095767176120412 1.0476569115141838
0.09353426034470166 0.94942137792917
0.10616441880700951 1.004427583029264
0.11890715560074815 0.9202108544531845
0.131524393182344 0.9583266103937871
0.14393254529708865 0.9596999830767068
0.15655709557977984 0.9467642479887168
0.16940784610827148 0.9256731788845913
0.18193694977985306 0.9282198893799058
0.1944156431231544 0.9327547912722984
0.20695244555011294 0.9884180532738898
0.21951511676056096 0.9148422805518547
0.23210843499305134 0.9338105095849897
0.2447337414468359 0.9233642368491872
0.2573632508564089 0.9234131249926428
0.26989994874293766 0.9455735742918073
0.28238969038713413 0.9259134268318201
0.29502648386149916 0.9195596912050121
0.30757277372671094 0.9297364237643957
0.3201312578411713 0.9369450656132103
0.332797972838209 0.929752229866609
0.34543885834617427 0.927469713399183
0.35795276205594373 0.929350192622413
0.3704704476967735 0.9136296736644085
0.38296105724333723 0.9276286782052579
0.39557766361453955 0.9182202348021091
0.4081872270884253 0.928323769670495
0.420787530642757 0.9171661458750552
0.4333816022120411 0.9423155983036838
0.4459397066458008 0.9273847617918867
0.458523645954575 0.9298167649756568
0.4710279324078497 0.9224582437098701
0.48358173765641904 0.9444661503774728
0.49617091891139786 0.9429747927149014
0.5086980525773342 0.9415779076306504
0.5212664417266313 0.9338612467532397
0.5338510556632697 0.9284783623755516
0.5464842402082388 0.9177728897075029
0.5591054977023713 0.936753472207695
0.5716728102961576 0.9254042084318281
0.5841747963111052 0.9207846305869853
0.5966895011092206 0.9367231435919163
0.6092760502353858 0.9289229839488566
0.6218553378929687 0.9328546410243838
0.6344331369555587 0.9409225162495592
0.6470370063398756 0.9237141788536906
0.6596331263862572 0.9306537184254915
0.6722347588884748 0.9263514171901652
0.6847395383356925 0.9250618353320934
0.697295091884081 0.9206901195725141
0.7098817663656826 0.9374399419956537
0.7223828207673415 0.9246970916967812
0.7349528417414956 0.9302762251429809
0.7475289730251566 0.9244806070855793
0.7601302103858402 0.9376390702880282
0.7727073664828323 0.9245220609014008
0.785227420688577 0.9419679157707087
0.7978522745827349 0.9317790197357818
0.8104140135858541 0.9327059951901444
0.8229826503313165 0.928854140187334
0.8355621993786972 0.931901716906563
0.8480794648874308 0.9396675729609822
0.8606844633146699 0.9293540137070156
0.8732710274444351 0.9305017230263936
0.8857985422164332 0.9216221516912703
0.898326179457127 0.9334104816973707
0.9108821151587915 0.9327811374153572
0.9235261700556648 0.9336661919084138
0.9361281145208162 0.9339139025459824
0.9486963048160301 0.932985966629216
0.9612704737686326 0.9258930850226486
0.9738030882582648 0.9396671806953681
0.9863386466731813 0.9330106214996868
0.9989005663340959 0.933996549679065
1.0114310173489416 0.9341714835921039
1.0239839964944841 0.9319343161799339
1.0366244068850117 0.9308059965409026
1.0492171050650199 0.9377733241072375
1.0617506293301269 0.9284862918293513
1.074313863373773 0.927701417560487
1.0869150606623927 0.9327492947291016
1.099485268529579 0.9319352829168244
1.1119866137509775 0.9346913010129537
1.124570053707681 0.9332353174344844
1.1372014159287616 0.9252829757052313
1.1497600165223247 0.9282708002257235
1.1623091308680584 0.9310109333256716
1.1748779782787078 0.9326687082402233
1.1874343131622709 0.9317237166934689
1.1999934502158076 0.9341838328735661
1.2125348724499942 0.9403046202957278
1.2250929548690526 0.9320264286724519
1.237694576309323 0.9402594887468634
1.2502611333369629 0.9340465719737505
1.2628045000925687 0.931545488158894
1.275399712688236 0.9340964853379147
1.2879705469497462 0.927467969371921
1.3005360638692358 0.9376051192422759
1.3131161941135434 0.9382638520450944
1.3256728172017376 0.9358685057013951
1.3382360398733026 0.9282352174921791
1.350812980736208 0.9351837712690481
1.363366034098677 0.9386714585696122
1.375917428112626 0.9440210541207447
1.388467774909264 0.9365575756721038
1.4010339821369429 0.9371886473120489
1.413623883101801 0.9368259675192812
1.4262026838538067 0.9332452889106913
1.4387825222910589 0.9352041295365421
1.4513656237117891 0.9354529511484514
1.4639293888845883 0.9327352320436936
1.4765004405845426 0.9339967134347112
1.4890520010708652 0.9355210761681678
1.501573043220265 0.9369416084658501
1.5141505060347453 0.940785676914855
1.5267270498322616 0.9431098233012328
1.5392913852346284 0.9371585396481966
1.5518777564300874 0.9369107660733574
1.5644646019253798 0.9447085139484934
1.577061750955891 0.9404241608276933
1.589578067235497 0.937969647345806
1.602096963343791 0.9410546083485853
1.6146715465128634 0.9383139537088102
1.627244621985417 0.9436077831117617
1.639829314236997 0.9366000588489303
1.652389231876916 0.9388385105577931
1.6649781087453046 0.9374425475491788
1.6775905466837737 0.9350206361183455
1.6901256029552854 0.936070524477955
1.7026552387045137 0.9393794579131297
1.7152383081078044 0.9357822346040886
1.7278103408839558 0.9439867224737092
1.7403663847255975 0.9477445115435049
1.7529268449962743 0.9439587988311889
1.7654993906048362 0.9444660897313544
1.7780651597526438 0.945286648920085
1.7906154456576144 0.9397348572382822
1.8031898907105872 0.9441154072253891
1.8157652421376027 0.9439886482049522
1.828347387918752 0.9401909317903129
1.840924720338218 0.9456309279993546
1.8534854300005845 0.9469144714975651
1.866063376558062 0.9431910067298069
1.8786516843331638 0.9429500306601201
1.891193479465803 0.9468604182529833
1.9037305112667076 0.9501112841910511
1.916281148824884 0.9501261631456303
1.9288686768722607 0.9450467327767675
1.941469604685507 0.9452868521776949
1.9540146218271126 0.9508003236081715
1.9665631233723073 0.9484260416619399
1.9791123868548801 0.9522691645766109
1.9916896989856983 0.9582595355437772
2.0042708502260735 0.9567627422214291
2.016808069580032 0.9531296046043234
2.0293867087211397 0.9509220736016929
2.0419835100479005 0.9558472500643739
2.0545463501993715 0.9623760524904448
2.0671167432619733 0.953204452008312
2.079693484395508 0.9568746486721693
2.092252309651353 0.9570291612898834
2.1048052235458585 0.9604761577297607
2.1173597493848137 0.9607787356231055
2.129926996360997 0.9619925587085936
2.142511875245089 0.9624605963489443
2.155086408107685 0.9625604377424486
2.1676479410339176 0.9650291182002954
2.180214338691952 0.9675860583069235
2.192777612870542 0.9665273530015455
2.205360535210472 0.9665359081723062
2.217924356433057 0.969122488190473
2.230449108351952 0.9696770504262309
2.243002496812656 0.9697870428881784
2.255583379369837 0.9745081481878706
2.268177327183909 0.9700476814955611
2.280726311310094 0.9728593464585352
2.2932765628123875 0.9771661380225845
2.305883018270813 0.9768307775507609
2.3184559959330002 0.9752750698590308
2.33101561635918 0.9804613028147517
2.3435843152437483 0.9808578557017906
2.3561730256016418 0.9843442645489621
2.368733451518547 0.9865342666984799
2.3812674177879396 0.9858619104307745
2.3938225410155347 0.988820748755453
2.406401268193848 0.9878610356645616
2.41897179251422 0.9873241484107773
2.431525897938553 0.9932169083985963
2.444097594275561 0.9922811601743629
2.456679307312723 0.9902770426383234
2.469264037357731 0.9981473470277619
2.4818025487279276 1.0020094891091322
2.4943477228287163 1.0016510916714068
2.506928954543085 1.0008424672442509
2.5194979286070254 1.0074502344548664
2.532062301227252 1.0064657726117054
2.544630582063769 1.011022830771382
2.557206305378176 1.0128280907446636
2.569771163277816 1.0127290455209557
2.5823488156834595 1.016258568928949
2.5949294184351896 1.020491404517123
2.607481609871159 1.018926077395789
2.6200325918533673 1.0266610957049112
2.6326008314806613 1.0290137943357178
2.6451714470266756 1.0327088934512123
2.6577289013613177 1.0335648889264142
2.6702875165192688 1.036172668515386
2.6828789292835853 1.0396045945760608
2.695459623710504 1.0411898435738678
2.7080010570341293 1.044667299248278
2.7205630857918446 1.051431168753274
2.7331292302601695 1.0542231619401554
2.745700844454238 1.0595758332683238
2.758268583495613 1.061473722337668
2.770816962097538 1.0633671025563676
2.783395100377306 1.0691380046839982
2.7959667109620505 1.0722587367476404
2.808533565049603 1.0764115394129883
2.8211073473436765 1.0805678536494885
2.833673445617592 1.0887293656150767
2.8462341230499075 1.0877641959634583
2.8587933611582144 1.0938291654635208
2.8713715926145196 1.0998810358773063
2.883951982645063 1.1041119737756595
2.896505064972055 1.105261801408131
2.9090624173653152 1.114197621103139
2.921636347867312 1.1155539722693657
2.9342184285037987 1.1235782893218182
2.9467835077471918 1.1300422866289226
2.9593376104945923 1.1349860287473488
2.971909959356904 1.1395906047905622
2.9844648818349313 1.1453509353455111
2.9970025912396396 1.1527709913498432
3.0095691447304107 1.1557838614768638
3.0221496145546536 1.1636221637614845
3.0347208908804895 1.1740282060009268
3.0472947529910623 1.1775309217640009
3.059873672623257 1.183405289872655
3.0724579451537317 1.1937932197860976
3.0850190190373863 1.1999216511165796
3.0975654978086733 1.2073547894239816
3.1101437013412485 1.213517289790626
3.1227122017832536 1.2240677838077172
3.135255784201442 1.233085564353298
3.147824927050261 1.2445125907355299
3.160404612841315 1.2474262270291667
3.172968299399256 1.259094926365493
3.185517531218137 1.2675967633277359
3.198090365624909 1.2742423920417123
3.21068175623942 1.2866262956168337
3.2232370098487864 1.295305487424177
3.235791799984051 1.2962133844331967
3.248362870504194 1.301001716594311
3.2609256034673866 1.3010557765582378
3.273493927385806 1.3079711435816646
3.2860577004099105 1.3071866517544461
3.2986135752961805 1.308048813139809
3.3111819014455235 1.3164166824779102
3.3237539462871006 1.318928771800894
3.3363338643292035 1.3219962871690325
3.3488964968189934 1.3285588580455339
3.3614401360385595 1.3284698067756955
3.374021663390669 1.334077141542017
3.3866123066403935 1.3370333605673372
3.3991586212764875 1.344632152363815
3.411720912246434 1.3438304255557043
3.424300763872271 1.348913598460544
3.4368680779845167 1.350885994560595
3.449434189664977 1.360684727926446
3.4619871228240284 1.3616840196609448
3.474569996725635 1.3688665289005015
3.4871298713920247 1.3723161344020527
3.4996692719647635 1.377774002920026
3.5122438039356605 1.3799246272680437
3.524818468807389 1.3845287244328222
3.537384384761843 1.3867304544864647
3.5499507137664943 1.3930814122097308
3.56252445034784 1.399815049893302
3.5750886924967964 1.4093434763204928
3.5876517720337704 1.4140865212286011
3.60021262107243 1.4193939171188672
3.6127789955512037 1.4212046441084494
3.6253461864341636 1.4256146866629855
3.6379044185104967 1.4343847265968217
3.6504741440035855 1.4406092902203629
3.6630445007332693 1.4423550645561585
3.6756179364359363 1.4482296063360667
3.688189960860854 1.4602795263802624
3.7007509417773874 1.4617043559630194
3.713318580796203 1.4758772401505653
3.7258842752432355 1.4789344999073286
3.738441167571854 1.4835344606959688
3.7510126865143576 1.4977651472946774
3.7635870396423203 1.4974567232421898
3.776152665934742 1.5068186556721415
3.788701919853161 1.5154137119176634
3.801272957668575 1.5224523670867258
3.8138536845609505 1.5332601443878682
3.82640143198394 1.5360479035798762
3.8389614593285595 1.5477711979457638
3.8515371920558987 1.551675368871777
3.864126791395562 1.5619333324012667
3.876678383876013 1.574263416127691
3.889213523276794 1.587141770202461
3.901790663969883 1.5903972101109787
3.9143731707654155 1.6021623973151953
3.9269471055910627 1.6141049930472993
3.9395075678004368 1.6175051309974822
3.9520796567336873 1.6347245425944315
3.9646620986063565 1.645964400448151
3.977220320642608 1.6560741449087866
3.9897727295677075 1.6661864739909567
4.002342945025288 1.6740929337477357
4.014902097465638 1.6888860966353165
4.027451279892634 1.6937942734199625
4.0400189935704685 1.7103069573359402
4.052604928594748 1.7188302218990377
4.065171529636 1.735157171377023
4.077718810782966 1.7470967115030767
4.090286592413344 1.7586100718527888
4.10287045605048 1.7767517582889167
4.115444417738379 1.7843789625025601
4.128005690630298 1.8117065970441897
4.140582322383677 1.8254859271212434
4.1531661811493485 1.8318733949853172
4.165705220403032 1.8516903059958199
4.178241907196655 1.8679660575465102
4.190831318126416 1.8762027602633469
4.203402793990614 1.8958969918675623
4.215942161615822 1.9115423975232135
4.228508278546434 1.925178210921054
4.241072454882144 1.9376821378267777
4.253638166916131 1.9562375745719816
4.266210059558877 1.9756412473938425
4.278796884070619 1.9919672406340996
4.291375432919338 2.015933848154953
4.303912419567397 2.033664828661007
4.316477283007332 2.0451590506214616
4.329057568047011 2.067089236766267
4.341630932924521 2.093105337600161
4.354194846360677 2.1026288511450923
4.3667500571902025 2.11787313975936
4.379305619735137 2.138125794106126
4.391872840637563 2.155390302850968
4.404431004456612 2.1813379661828747
4.416993538965931 2.18981175117492
4.429583976690371 2.2080949987057403
4.442148154235715 2.2341837123471873
4.45467275171472 2.2395319132861204
4.467252343137581 2.2605071473969187
4.479854067394887 2.2662149953295425
4.4923981626086835 2.2943490388235324
4.504958612714602 2.2914882056760693
4.517516324483386 2.2953000204167746
4.530071981974207 2.3170015323460675
4.54260426168374 2.31544981511639
4.555175885379308 2.3075106069877047
4.5677930298928064 2.323978361264752
4.580336433718233 2.333607564102137
4.592903547398687 2.3596186219170656
4.605503846525845 2.360942204914267
4.618062899353844 2.3577312896035965
4.630609850785822 2.380212806149251
4.643166166070281 2.410674812784612
4.655748047691718 2.408791775035505
4.668307216238103 2.4335236909787614
4.680835067850327 2.445413209618105
4.693410521935231 2.478430937530989
4.706002893895838 2.5039384778010843
4.718576089739265 2.5104616806368045
4.731104045001503 2.5350809545034734
4.743647852612007 2.551158329399324
4.7562780776847084 2.586653608042375
4.768852446599747 2.585856120272938
4.781381416470511 2.625987343457843
4.793972518504311 2.640294687582805
4.806603328685961 2.681348927547239
4.81914236930913 2.6748400302184963
4.831657814959349 2.7151373249003448
4.844283915816889 2.764202266657314
4.856856307542262 2.7409919998749332
4.869351720195233 2.801396391134315
4.8819365979284415 2.810227576673137
4.894594125386991 2.878647130919409
4.907134389930937 2.896708631195154
4.919596219538221 2.9359813813322013
4.9322146031667184 2.9420436073703833
4.944824738050678 2.9807550580301134
4.957323217052521 3.0365154775915997
4.969864736399664 3.0863119751250205
4.982481756176704 3.085911762806441
4.995106836569167 3.189248225706067
5.007603654670808 3.1989616714821736
5.020096971183016 3.259361917752275
5.032772361238518 3.308998820422108
5.045389943211373 3.2854432125544895
5.057820270842706 3.3512551301124454
5.07038592699149 3.404633739085598
5.0831020452522795 3.51197506343551
5.0956632029007425 3.547357758264194
5.108051447972593 3.5778050538270194
5.120667425532894 3.590560578914987
5.1334436105385 3.659014561888898
5.145890992654914 3.7527006148119733
5.158221006790807 3.7826964432401917
5.1709469384451605 3.899530468987049
5.183696326300537 3.903037090380639
5.196114569434604 3.9993693696423693
5.208590236476461 4.0804034982597255
5.221344901714845 4.202329619552165
5.233861565245476 4.273605612999806
5.2460129773919935 4.3728698923622975
5.258790939232656 4.405982963145443
5.271817018539481 4.493686657870781
5.284055430014834 4.4337840691474
5.296074872488588 4.715806476972459
5.309077762501427 4.758706366680607
5.322356392655059 4.894982494506846
5.334386112989844 5.034119475391767
5.346177610838656 5.0984431751231
5.3594593273068245 5.228881907014815
5.3729296499021535 5.160832734414024
5.3843924918090025 5.509830459631269
5.395925124255162 5.619974981763508
5.409779637705466 5.690706863793305
5.423636274401834 5.706784209548529
5.434191546602848 6.03475996610991
5.44556862410868 6.006150960658945
5.459891413420195 6.307567989111832
5.474126284132885 6.169037058386141
5.484972107836673 6.269878055437453
5.495742328319791 6.276025368607815
5.5100819570240285 6.434927253893303
5.524394357856753 7.256705778036647
5.535781236561921 7.028288900141704
5.5456596173794175 6.347325467615506
5.559307265186071 7.1686313173868506
5.5719872787306475 11.048242083070928
