0.017832091871975046 8423.61955171034
0.030213835030786965 6545.8719218201295
0.042974873576784145 4508.380955614597
0.05577583798436822 4209.684456214762
0.06882863412500546 3890.2271735644963
0.08110696464570497 2610.219891327608
0.09370674553631762 2322.7837161713965
0.10636019509318785 1684.6336415576993
0.11912643058557958 1690.564366416217
0.1317669354345265 1407.467131439143
0.1441979692451035 1274.8409269884378
0.15684580028039327 1030.8524813609204
0.16972024869412125 933.2171509956069
0.1822724571065711 846.5058518873577
0.19477416222977537 850.1650642147821
0.20733408359476685 660.6752326824906
0.21991992144750142 622.2126508419851
0.23253646283801332 553.3899096206574
0.24518505143884076 512.9453038291391
0.25783785074606724 458.4738029236466
0.2703976673778475 418.5265048013384
0.28291044117596054 391.96516182603096
0.29557053798041877 348.74200688066855
0.3081399642793126 339.1486367551382
0.32072160731469573 307.1952856139027
0.3334116808196786 289.3644618254079
0.34607587720379773 271.7733386947394
0.3586128576244033 256.3790652159981
0.3711536269502741 241.57520303930391
0.3836672702512408 224.35690085308747
0.3963071427257881 208.74293265985114
0.4089399593153127 199.79302610154343
0.421563498909198 184.57887854018057
0.4341807950257212 176.72645860778218
0.4467620576802399 164.9541419455187
0.45936920285149657 153.5337213649473
0.4718965482805622 147.0546779229429
0.48447350382182464 141.18535893476303
0.4970859006058839 131.3843622464487
0.5096361353798293 126.18499760965669
0.5222277017157821 120.2222546994217
0.5348355227589746 112.40417956269391
0.5474920039788619 109.36342742076994
0.5601365361534086 102.92839894019447
0.5727270239485901 99.0974502611818
0.5852520646971233 94.27548344798014
0.5977898476833503 88.61111008562641
0.6103996074847249 85.68238369573014
0.6230020924267468 80.84700392943911
0.6356030860286791 78.14647840840529
0.6482301980282457 74.42806871800657
0.6608495463994337 71.28843140710289
0.6734744173918988 67.55122044079961
0.6860022567240305 65.66348074105925
0.6985809637891268 62.45205560511212
0.711190849177104 59.709146999690596
0.7237149565943737 57.428215792962234
0.7363081577644083 55.156121544562275
0.7489074805118845 52.73734645895462
0.7615319556341406 50.54694427407786
0.7741323050847914 48.41186690516612
0.7866754473434138 46.623900364752316
0.7993235825500559 45.24412138683497
0.8119084864763912 43.0570822657095
0.8245003008650981 41.157037638459855
0.8371030476789431 40.13724756338489
0.8496433960979581 38.45466670982865
0.8622716392224988 36.63121665377906
0.8748814140551413 35.31240007014024
0.8874320306379406 33.92256677399058
0.8999827699152785 33.019889230463804
0.9125618598383741 31.41079221662703
0.9252292314560261 30.520581847208952
0.9378544149867112 29.468881877456536
0.9504457821018769 28.01310063963452
0.9630431388995879 27.220272467287064
0.9755988646043376 26.200856086326848
0.9881575396632222 25.204869526793356
1.0007426245805016 24.474649461137787
1.0132961828208322 23.590654970690807
1.0258723107356629 22.555275769473795
1.038536031126187 21.81158146101642
1.051151951320787 21.020790606075195
1.0637085884787152 20.209474244041623
1.0762949902025607 19.575901456126715
1.0889194251788568 18.955305516743582
1.1015128135865704 18.21524458653828
1.1140372123598763 17.56699931499689
1.1266438572582143 16.970833784738463
1.1392985127936914 16.405662496041653
1.1518802725229749 15.817223368008047
1.1644525285109746 15.346825205364881
1.177044553953353 14.802011258836693
1.189624043794473 14.333532908062068
1.202206340973008 13.665611716952107
1.214770890664548 13.291311351621227
1.2273521312637683 12.78712697627778
1.239976991173887 12.445895718138075
1.2525667220095933 11.978641532564673
1.2651332198084164 11.533069827864878
1.2777516590554734 11.197320111355763
1.2903456750126359 10.793589249474556
1.3029343638221436 10.452153273796087
1.3155376929046922 10.12060700767968
1.328117471481917 9.799023724498904
1.3407038618127105 9.476577535727953
1.353303995632364 9.153746510018365
1.365880197900984 8.88789840290562
1.3784547377611027 8.578889851659808
1.391028228472752 8.202525027559156
1.403617608863436 7.965786316260084
1.4162307266845815 7.7941291645048745
1.4288327238231306 7.5660961695090085
1.4414357605605066 7.31168390577514
1.454042066298582 7.059803019587391
1.4666290001310283 6.815994994886824
1.4792232339276097 6.641578001673976
1.4917979405670916 6.475121391221073
1.5043420725912218 6.2528877349735374
1.5169427293249742 6.072388827677935
1.5295424653470162 5.929425451635515
1.5421299704605822 5.760538747645429
1.554739552003131 5.564867131408487
1.567349608720163 5.465165181519864
1.5799699879730156 5.29773415939646
1.592509385412443 5.163376381986502
1.6050513674379838 5.018036321786683
1.6176486600174462 4.889660300292417
1.6302445001949648 4.693031546709129
1.6428527694112218 4.533184381530923
1.6554322216394617 4.358381425384502
1.6680440255859128 4.186159613867808
1.6806789206890467 4.014298343758219
1.6932331315939024 3.8717362737672003
1.7057845975195391 3.7259702504854686
1.7183896309732511 3.5983465872191354
1.7309874185440792 3.4712122870897657
1.743562344893767 3.341280946525947
1.7561426634640491 3.217354961629648
1.7687458921757915 3.1105836328153837
1.781333478205032 3.0072905011154414
1.7938985526958369 2.8947930392078436
1.8064980806819735 2.7972347067668535
1.8190945363690532 2.6968218581209693
1.8316935397102894 2.610794376474106
1.8442938066535437 2.5144325743669076
1.8568876791935895 2.435048756154588
1.8694996979258056 2.335030662633814
1.8820874678435358 2.2625344639190232
1.8946480071290897 2.193851262355212
1.9072244238241285 2.1201912666082023
1.9197955083167089 2.062088955726087
1.932407719039257 1.9836558963510842
1.9450267994293609 1.9223874128391605
1.9575901294986973 1.8563762354644342
1.97016772336254 1.8123372275319738
1.9827403283412834 1.7221917355952598
1.9953314743596526 1.6777092512225524
2.0079478346643755 1.6404098733657644
2.0205022754362694 1.5790893357053217
2.0330913752296578 1.5395490001946661
2.045722350451921 1.4877753954289155
2.0582763462883666 1.4487693000201962
2.070869909095247 1.4065934622917997
2.0835199499115737 1.3609490553978087
2.0960971256414074 1.3138184866947507
2.108627206088839 1.2840063128264612
2.12118709151255 1.2309719912735184
2.1338231323869663 1.2028442947401006
2.146410287377125 1.1621044131537577
2.1589635630855644 1.1374724898804902
2.1715722325463105 1.0980471696751388
2.1842062325035805 1.0694574034181514
2.1967582541876465 1.046622720233437
2.209329848683414 1.0025387874994862
2.2219259092398103 0.9775060497937866
2.23448959133265 0.9421446534209813
2.247040534594887 0.9050749545945312
2.2596241003144413 0.8654493066389743
2.2722295314965897 0.8229137238638573
2.284834822222929 0.7910328191568577
2.297400038677998 0.7524736257915591
2.309967779970982 0.7233331514440932
2.3225784835721384 0.6982980450529591
2.3351595212304193 0.6699930112506847
2.347693564990003 0.6458884818452683
2.3603433164871617 0.622233874870476
2.373033299473769 0.6052229182234213
2.3855678635589808 0.5870928100074552
2.3980601433668625 0.5598158983054743
2.4107789685311083 0.5492279509604241
2.423453109943775 0.5293617869517133
2.435831195209723 0.5177937648372929
2.448470944043588 0.490186916775943
2.4612848053934564 0.4868623699662617
2.473794880423974 0.4797223393924956
2.4861107686591333 0.4597211589807234
2.4987555116598097 0.4537904863659173
2.511584783245332 0.43976757571875497
2.5240933241388905 0.4389618912719979
2.536562701110754 0.42181583432378084
2.5493077516226474 0.39061058665193665
2.5619784398313104 0.4044933653032706
2.5742127557983405 0.3867331957567309
2.5867319401348836 0.37094783872662557
2.599886904080176 0.37229108828928514
2.6126019917307106 0.3652675321716466
2.6241685674096167 0.3747318829201227
2.6366174310925103 0.35154992007145386
2.6502878476251595 0.33785570812482413
2.66334159313342 0.33592913819037407
2.6741769121319656 0.3568916014665701
2.6865492607137376 0.3235712476877776
2.7007770451010398 0.36022759909301644
2.7145884416410153 0.32866741939855126
2.724874641447341 0.35827770859506586
2.7364378284531106 0.3512618932969444
2.7506817507001884 0.31148767992711907
2.764797699055805 0.3750576550944003
2.7766321634107674 0.2645509811649698
2.7856940556077996 0.19933981673389928
