17.799282449393907 8.519589984112345e-09
30.158244330131154 2.448673955887265e-09
42.89580372913673 1.9326342264186717e-09
55.67321552978553 1.31958754020007e-09
68.70199571606821 1.1049608001225105e-09
80.9577352285149 9.250449452537766e-10
93.5343336715136 9.364057289294402e-10
106.16450203531903 9.671515486956877e-10
118.9072488188118 9.111439488003651e-10
131.52449629177582 9.301933447855535e-10
143.9326581339747 8.880498701943145e-10
156.55721831376695 9.413096686712807e-10
169.40797891669078 9.40213029341108e-10
181.9370924105474 9.634090985657875e-10
194.41579553660424 9.249383158530918e-10
206.95260779187328 9.111754666445951e-10
219.51528885091182 9.411834519089682e-10
232.10861695601864 9.069054445182247e-10
244.73393330749704 9.291557480118132e-10
257.3634526180588 9.051195943012534e-10
269.90016033281614 9.102488572851543e-10
282.3899117684295 9.382098390161472e-10
295.02671514949367 9.105567545335902e-10
307.57301485045366 9.106452421460283e-10
320.13150881022204 9.258709206468365e-10
332.79823373741607 9.127179551573074e-10
345.4391291552885 9.148388166282752e-10
357.9530426754169 8.989808180099345e-10
370.4707381295704 9.34434298652475e-10
382.9613574682314 9.147567287799094e-10
395.5779737303071 9.001037396049361e-10
408.18754708954486 8.977299603225536e-10
420.78786052196915 9.245763642161914e-10
433.3819419644603 9.171010815214149e-10
445.9400562432304 9.167651541342328e-10
458.52400541726837 9.117592185981215e-10
471.0283016733625 9.032828769359969e-10
483.5821167635718 9.055217791583318e-10
496.17130788792383 8.891980577876731e-10
508.6984513745909 8.943212488130037e-10
521.266850376961 8.835319278798697e-10
533.8514741793921 8.856657616376473e-10
546.4846686282311 9.025158187793547e-10
559.1059360168832 8.917551042702701e-10
571.6732584628986 8.815832151388161e-10
584.1752542788623 8.682523895974353e-10
596.6899688879645 8.77326906006649e-10
609.2765278814395 8.820153482859939e-10
621.8558254006394 8.703665181232683e-10
634.4336343236796 8.729638211254658e-10
647.0375135888845 8.702707462271447e-10
659.6336435100791 8.698335467725892e-10
672.2352858914313 8.795127113378892e-10
684.7400751418547 8.598817301487247e-10
697.2956385332539 8.756906648077313e-10
709.8823228822636 8.53322226301678e-10
722.383387084208 8.513083108305133e-10
734.9534179127145 8.613906354378465e-10
747.5295590555182 8.505844973892436e-10
760.1308062950264 8.509644671493715e-10
772.7079722519646 8.450397563144155e-10
785.22803627289 8.422829759710772e-10
797.8529000643869 8.410858923871452e-10
810.4146489153657 8.362542504745251e-10
822.9832955140954 8.277351813086955e-10
835.5628544232982 8.324113540749339e-10
848.0801297450262 8.284574210828329e-10
860.6851380540385 8.255661189906379e-10
873.2717120511252 8.253641932629985e-10
885.7992366441526 8.211496922798504e-10
898.3268837059719 8.216405577612115e-10
910.8828292509464 8.158993892011399e-10
923.5268940602116 8.091678474617965e-10
936.128848404742 8.093621481876859e-10
948.6970485528731 7.977600144307244e-10
961.27122736308 8.072626387277095e-10
973.8038516777394 8.055381100177602e-10
986.3394199199912 8.000549427501024e-10
998.9013494289071 8.053988975748124e-10
1011.4318102670842 7.900599776323266e-10
1023.984799253619 7.873340007395774e-10
1036.6252195536813 7.844575440696839e-10
1049.2179276058198 7.874590346204163e-10
1061.7514616966673 7.776567962101325e-10
1074.3147055893453 7.831560032208846e-10
1086.9159127567582 7.690595058300303e-10
1099.4861304784436 7.66339580188957e-10
1111.9874855003557 7.676584406785872e-10
1124.5709353219315 7.642170082219762e-10
1137.2023074454532 7.519450348993506e-10
1149.7609178844157 7.526113656319217e-10
1162.310042068112 7.481211422923586e-10
1174.8788993321937 7.503078194317147e-10
1187.4352440593798 7.489266615609886e-10
1199.9943909587364 7.409205216668312e-10
1212.5358230248555 7.37668536941652e-10
1225.0939152889068 7.366387711319681e-10
1237.695546608303 7.321170709889564e-10
1250.2621134875799 7.296754171320289e-10
1262.8054900766422 7.224260897820113e-10
1275.400712546411 7.199101502965427e-10
1287.9715566629113 7.142754242297446e-10
1300.5370834332223 7.099930560059994e-10
1313.1172235398076 7.07562138049456e-10
1325.6738564718507 7.042034357149749e-10
1338.2370889924387 7.004824896361566e-10
1350.8140397151212 6.991340254086297e-10
1363.367102918641 6.927350654452584e-10
1375.9185067723397 6.888480328778092e-10
1388.4688634079062 6.834158234403813e-10
1401.0350804869474 6.837546250593106e-10
1413.6249913217434 6.819342148079948e-10
1426.2038019349843 6.778530251278708e-10
1438.7836502342852 6.679690300426693e-10
1451.3667615196225 6.721431810829375e-10
1463.93053654187 6.636388144945571e-10
1476.5015980969845 6.591203069643427e-10
1489.0531684231876 6.539358810675819e-10
1501.5742203885422 6.527195206646426e-10
1514.1516930632092 6.481647097812839e-10
1526.7282467201912 6.438597903703835e-10
1539.2925919724535 6.371432550626717e-10
1551.8789730350827 6.364275612896196e-10
1564.4658283979172 6.324252471477354e-10
1577.062987304048 6.297108497710158e-10
1589.5793133959044 6.188395146111288e-10
1602.098219318471 6.174146067146581e-10
1614.6728123454723 6.163686699739905e-10
1627.245897674773 6.102153442154723e-10
1639.830599792207 6.076087698575825e-10
1652.3905272785578 6.042477730636068e-10
1664.979414016081 5.976089094121196e-10
1677.5918618421556 5.9435079317039e-10
1690.126927940609 5.953126000315047e-10
1702.6565735125293 5.906560355620885e-10
1715.239652780402 5.835160525248963e-10
1727.811695412483 5.842503159491495e-10
1740.3677490975194 5.765361507132693e-10
1752.9282192150536 5.750205458102017e-10
1765.500774679947 5.686861435966545e-10
1778.0665536787737 5.671477353526104e-10
1790.6168494226254 5.626529668264778e-10
1803.191304333419 5.583316001847291e-10
1815.7666656189658 5.535915759000748e-10
1828.3488212639727 5.515813951650526e-10
1840.9261635435228 5.48474068406721e-10
1853.4868830529422 5.422576780529727e-10
1866.0648394709856 5.40781776288121e-10
1878.6531571147755 5.353220442249221e-10
1891.1949620796393 5.301812107814664e-10
1903.7320037090342 5.290492595717082e-10
1916.2826511063677 5.242937320552567e-10
1928.8701890218213 5.198729636304243e-10
1941.4711267136497 5.123237148335948e-10
1954.0161536900057 5.1419071268278e-10
1966.5646650726826 5.088770945132047e-10
1979.1139383933348 5.025953191632251e-10
1991.6912603842213 5.024635587494899e-10
2004.2724214876746 4.965547437168845e-10
2016.8096506702707 4.934024824147216e-10
2029.388299672487 4.896242266702897e-10
2041.9851108745945 4.846599520111529e-10
2054.5479608747887 4.808375259545008e-10
2067.1183637920344 4.765821374938076e-10
2079.69511478519 4.753914400486236e-10
2092.25394988661 4.724444809303853e-10
2104.806873622057 4.69110788614786e-10
2117.3614093032174 4.624603068963245e-10
2129.928666131578 4.601843652648268e-10
2142.5135548816706 4.577381267727596e-10
2155.088097602156 4.52078268411747e-10
2167.649640376087 4.4955069535832105e-10
2180.216047885633 4.4411954939718533e-10
2192.779331913286 4.4218625414684645e-10
2205.362264117683 4.375955376577783e-10
2217.92609518976 4.360745819202871e-10
2230.4508569275185 4.3216769103045287e-10
2243.0042552295354 4.282340601783142e-10
2255.585147649584 4.2259552658059676e-10
2268.179105336766 4.195488973690391e-10
2280.7280993008117 4.1647863119128865e-10
2293.278360641959 4.1303573512228446e-10
2305.8848259833 4.097782028878087e-10
2318.4578135021575 4.060618878157787e-10
2331.017443774536 4.0554541252340786e-10
2343.5861525124205 3.9966659570682775e-10
2356.174872739318 3.9713150829825245e-10
2368.7353085030536 3.9209947317488803e-10
2381.2692845985334 3.8973211362210256e-10
2393.8244176688013 3.8740742354126664e-10
2406.4031547082923 3.827219442879437e-10
2418.9736888834113 3.8081614877457297e-10
2431.52780414962 3.7724534582997773e-10
2444.0995103422933 3.72474467550832e-10
2456.681233242974 3.7152575654311497e-10
2469.2659731538656 3.6689978152788386e-10
2481.804494353713 3.647012617652991e-10
2494.349678289375 3.608995600194519e-10
2506.9309198668843 3.57332299549519e-10
2519.499903784357 3.547307694794479e-10
2532.064286254508 3.516635141613664e-10
2544.6325769440127 3.4824493722656614e-10
2557.208310117243 3.4728516158480355e-10
2569.7731778671878 3.4340536728959735e-10
2582.350840133166 3.3963437983799426e-10
2594.9314527475444 3.372000384620775e-10
2607.4836540238884 3.3465039679389396e-10
2620.0346458455233 3.308893874745103e-10
2632.6028953257733 3.2868678117585927e-10
2645.173520726606 3.2567003530227617e-10
2657.730984905749 3.233813226397022e-10
2670.289609909111 3.1952152525611695e-10
2682.8810325445497 3.166866664583217e-10
2695.4617368341887 3.151064360041293e-10
2708.003179989755 3.117395113648899e-10
2720.565218595557 3.081281619962121e-10
2733.1313729151952 3.0675533079609937e-10
2745.702996964865 3.0475131657164205e-10
2758.2707458588034 3.0195747735190256e-10
2770.8191342981145 2.9896130453907355e-10
2783.3972824385987 2.9707698997742397e-10
2795.9689028789417 2.938605005950626e-10
2808.5357668183638 2.911910997367216e-10
2821.1095589697384 2.8934474597153857e-10
2833.6756670949308 2.868745852234169e-10
2846.236354374274 2.8509455361690125e-10
2858.79560232848 2.8139493222175107e-10
2871.373843645574 2.790678406725152e-10
2883.954243538599 2.7696624669971316e-10
2896.5073357066644 2.74976577820309e-10
2909.064697944345 2.7240260778695944e-10
2921.6386383037598 2.7000962088924376e-10
2934.2207288040527 2.6773585530480576e-10
2946.785817897924 2.6611492207331215e-10
2959.3399304871978 2.639363403278539e-10
2971.912289205687 2.6188715371542475e-10
2984.46722152623 2.596795780015658e-10
2997.00494075996 2.586852839112116e-10
3009.571504102365 2.5557264952456636e-10
3022.151983789152 2.538920897716091e-10
3034.723269970324 2.5164518261424016e-10
3047.297141938261 2.4967189711920637e-10
3059.876071431784 2.474748512064771e-10
3072.460353827784 2.4644579733059016e-10
3085.0214375587766 2.441500341001595e-10
3097.56792616596 2.4228693709265667e-10
3110.1461395593024 2.407296782341786e-10
3122.7146498544676 2.3892601441911526e-10
3135.258242106282 2.365341747371555e-10
3147.827394808765 2.360298815817948e-10
3160.407090461748 2.34171814724151e-10
3172.9707868690757 2.3172930900410935e-10
3185.520028526011 2.302629226686028e-10
3198.0928727893415 2.2871416927399913e-10
3210.684273274958 2.2725265820445657e-10
3223.239536727099 2.2564657438590255e-10
3235.794336704776 2.2246278186634753e-10
3248.365417080094 2.2015804886826944e-10
3260.9281598919256 2.1784611578843133e-10
3273.4964936633673 2.157778094824347e-10
3286.0602765369263 2.1287760046916035e-10
3298.616161266458 2.1047546195260272e-10
3311.184497268825 2.0747773121552752e-10
3323.7565519663412 2.057807940831897e-10
3336.336479870555 2.0306231848626192e-10
3348.8991222089053 2.0072318756762363e-10
3361.442771262142 1.9902784793298414e-10
3374.0243084776243 1.968554942151035e-10
3386.614961597868 1.9455247288173188e-10
3399.16128606973 1.922225743535952e-10
3411.723586887969 1.9015080981677487e-10
3424.3034483758647 1.8780349911617382e-10
3436.8707723403413 1.8578973521845896e-10
3449.4368938720895 1.8340605927329716e-10
3461.9898368720965 1.813765334503064e-10
3474.572720638132 1.7892515361151207e-10
3487.1326051509195 1.7671786105793734e-10
3499.6720155540056 1.746965201391911e-10
3512.2465573827917 1.7291986900853765e-10
3524.8212321125134 1.711579252325075e-10
3537.387157918102 1.6895672027656765e-10
3549.9534967742106 1.6692596451098825e-10
3562.5272432128218 1.6520162649786448e-10
3575.0914952116 1.6391802325854897e-10
3587.654584597485 1.6134112880475754e-10
3600.2154434833064 1.597429452151138e-10
3612.781827813574 1.5828332517494143e-10
3625.349028548668 1.556078919858293e-10
3637.907270470111 1.54226063117722e-10
3650.477005817321 1.5225752082843818e-10
3663.04737240162 1.502505202473158e-10
3675.6208179613163 1.4902186359430607e-10
3688.192852242157 1.4765990655381179e-10
3700.7538430059562 1.458275356163366e-10
3713.3214918772564 1.438696092322071e-10
3725.88719617525 1.424143724544185e-10
3738.4440983479285 1.4130563242095882e-10
3751.0156271459587 1.3883997915683402e-10
3763.58999013167 1.3701833120826074e-10
3776.155626274999 1.3603150061162242e-10
3788.70489003149 1.3413362890887675e-10
3801.275937702054 1.3321156888250672e-10
3813.8566744571744 1.3145758075665988e-10
3826.404431717055 1.296816906079815e-10
3838.9644689081924 1.2872735758475137e-10
3851.5402114943618 1.269334488923158e-10
3864.1298207037257 1.2573165271116e-10
3876.681423024082 1.237361165576015e-10
3889.2165722518703 1.2306790626534937e-10
3901.7937228048927 1.2177022673586602e-10
3914.376239464566 1.2008560460951994e-10
3926.950184147634 1.1869569788128518e-10
3939.510656203867 1.1751661584058835e-10
3952.082754993091 1.1625292394743497e-10
3964.66520672985 1.1534311741889422e-10
3977.223438611204 1.1441472407401864e-10
3989.775857376849 1.1234209139099854e-10
4002.346082688934 1.1096927868438127e-10
4014.9052449751166 1.1036214909700058e-10
4027.454437240128 1.0879617204605282e-10
4040.0221607705066 1.0783287345697151e-10
4052.608105661614 1.0637632858767273e-10
4065.1747165545376 1.0531228815900338e-10
4077.7220075380287 1.0472069498969437e-10
4090.2897990210035 1.0361583233680525e-10
4102.873672523345 1.0177211427321162e-10
4115.447644068685 1.0163629061125385e-10
4128.008926808098 1.0032521622657853e-10
4140.585568421012 9.916702965261374e-11
4153.1694370518835 9.786574654241616e-11
4165.708486135632 9.728346491714388e-11
4178.245182757474 9.614709429258079e-11
4190.834603556789 9.495031612258958e-11
4203.40608927648 9.427094942518083e-11
4215.94546673201 9.311329099850082e-11
4228.511593513913 9.206005949264452e-11
4241.075779699394 9.105138537053904e-11
4253.641501584355 9.030934229660545e-11
4266.2134040829205 8.929068017167896e-11
4278.800238462189 8.813224970603209e-11
4291.378797171946 8.72073788792428e-11
4303.915793648459 8.668086005035407e-11
4316.4806669387035 8.533297801566899e-11
4329.060961840782 8.456332342638317e-11
4341.6343365752655 8.395885524799758e-11
4354.198259860986 8.293075495329495e-11
4366.7534805332525 8.216357595049797e-11
4379.309052921206 8.143897897521559e-11
4391.876283675789 7.965788801946574e-11
4404.434457339895 7.943780619726854e-11
4416.997001697697 7.834013948160595e-11
4429.587449292495 7.753273422924956e-11
4442.151636687611 7.628543568406079e-11
4454.676243985357 7.573877651643639e-11
4467.255845270074 7.50699875864936e-11
4479.8575794065855 7.400666293045004e-11
4492.40168445441 7.308850494445275e-11
4504.962144407178 7.209270921492262e-11
4517.519866020664 7.048191279392346e-11
4530.0755333545785 6.960689996137788e-11
4542.6078228888755 6.822096140055547e-11
4555.1794564400525 6.68486932142056e-11
4567.796610844846 6.627548988783761e-11
4580.340024503758 6.498150140861568e-11
4592.907148036285 6.45600715956386e-11
4605.507457041533 6.327153476935256e-11
4618.066519715286 6.222572416936041e-11
4630.61348098353 6.167872790992067e-11
4643.169806111598 6.071481234039501e-11
4655.7516975966855 5.992328695499728e-11
4668.310875988915 5.899669071364668e-11
4680.838737422433 5.856439541026763e-11
4693.4142013659475 5.7642839413806625e-11
4706.006583198429 5.7136269381220086e-11
4718.579788898697 5.613029590031441e-11
4731.107753982311 5.535360165659366e-11
4743.651571426617 5.442306216740832e-11
4756.281806400868 5.4308395643501133e-11
4768.856185173669 5.306628846152394e-11
4781.385164866601 5.241689964347947e-11
4793.976276771281 5.1855214739094155e-11
4806.607096854939 5.183006104817058e-11
4819.146147308174 5.1263468844703585e-11
4831.661602769959 4.9929278152769137e-11
4844.287713525817 4.9196660554461536e-11
4856.860115107401 4.917418038842142e-11
4869.355537556235 4.8885855569572953e-11
4881.940425155442 4.7613470860632046e-11
4894.597962536946 4.746843391448817e-11
4907.1382369119165 4.6826541459602216e-11
4919.600076288735 4.6587070039997517e-11
4932.2184698095 4.6098543757604164e-11
4944.828614579259 4.493339558419725e-11
4957.327103379369 4.5106628828561634e-11
4969.86863255852 4.449569378348584e-11
4982.485662226757 4.354046128813065e-11
4995.110752516737 4.341801406044499e-11
5007.607580415342 4.3058032826939333e-11
5020.10090672177 4.2848099641136016e-11
5032.776306714229 4.2239174816329744e-11
5045.393898578722 4.215587273230747e-11
5057.824235954894 4.176794002313697e-11
5070.389901954609 4.1214752127990725e-11
5083.106030184285 4.1130809104736226e-11
5095.667197680151 4.1563236185441735e-11
5108.05545246385 4.05852114961139e-11
5120.671439914531 3.945017792920869e-11
5133.447634936114 3.963140397794779e-11
5145.895026810736 3.9480106434720925e-11
5158.2250506128275 3.96267909151707e-11
5170.95099224376 3.822171443613813e-11
5183.700390094105 3.814647494768872e-11
5196.118642963537 3.878106481353951e-11
5208.594319785777 3.684566360636439e-11
5221.348995023267 3.7743250755550874e-11
5233.86566836642 3.770632458031986e-11
5246.017090039119 3.695824285114587e-11
5258.795061897151 3.6851557048469955e-11
5271.8211514158575 3.7238108108691105e-11
5284.059572485596 3.6564041252769704e-11
5296.079024382072 3.6582228702324825e-11
5309.081924588613 3.5133759973150737e-11
5322.3605651521175 3.608510891951973e-11
5334.390294917684 3.5767285697283406e-11
5346.181802010518 3.674504732208331e-11
5359.463528890978 3.6178064084808875e-11
5372.933862046457 3.574446130351352e-11
5384.396712939678 3.580166781462925e-11
5395.929354426921 3.485385533706915e-11
5409.783878738565 3.5591713355528014e-11
5423.640526297936 3.6079581642837406e-11
5434.195806773826 3.466148439077623e-11
5445.572893198795 3.576444381814983e-11
5459.895693738757 3.408290269231262e-11
5474.13057561097 3.7586168496930654e-11
5484.976407817414 3.486178331864941e-11
5495.746636743918 3.362384297934186e-11
5510.086276689804 3.5053278786559585e-11
5524.398688742833 3.389667921596464e-11
5535.78557637482 3.392193346591267e-11
5545.66396493654 3.7255787866837164e-11
5559.311623442359 3.7165046418155105e-11
5571.991646927517 2.6832351722579972e-11
