17.799268495537763 7.086398975287278e-09
30.158220687391392 2.526995374855063e-09
42.89577010070951 1.2880158190113362e-09
55.67317188442832 9.182722601737571e-10
68.70194185671923 9.700062944748813e-10
80.95767176120413 9.193336976976253e-10
93.53426034470166 9.991450369060966e-10
106.16441880700951 9.91186216880277e-10
118.90715560074814 8.806267624102553e-10
131.524393182344 9.069622235534346e-10
143.93254529708864 8.815838504821045e-10
156.55709557977985 9.061384709716695e-10
169.40784610827146 9.179670088876853e-10
181.93694977985305 9.308029580077625e-10
194.41564312315438 9.53231420433133e-10
206.95244555011294 9.214406037398823e-10
219.51511676056094 8.931788233634558e-10
232.10843499305133 9.331532730227274e-10
244.7337414468359 9.32786568279784e-10
257.36325085640885 9.281011786166957e-10
269.8999487429377 9.340128473091604e-10
282.3896903871341 9.072011549668068e-10
295.0264838614991 9.19197867871288e-10
307.5727737267109 9.41364111342048e-10
320.1312578411713 9.480434037538315e-10
332.797972838209 9.628467099013046e-10
345.4388583461743 9.402023958750336e-10
357.9527620559437 9.469706985300226e-10
370.4704476967735 9.317085831194984e-10
382.9610572433372 9.228364236157126e-10
395.5776636145395 9.26275539434598e-10
408.1872270884253 9.254446551362653e-10
420.78753064275696 9.312303085471653e-10
433.38160221204106 9.492417704045306e-10
445.93970664580075 9.209741919652062e-10
458.523645954575 9.159228565845973e-10
471.0279324078497 9.257837984561313e-10
483.581737656419 9.35799884383176e-10
496.17091891139785 9.231368205112441e-10
508.69805257733424 9.38245148399472e-10
521.2664417266312 9.355830680542216e-10
533.8510556632697 9.24394092086025e-10
546.4842402082388 9.368927225299929e-10
559.1054977023712 9.34285598090925e-10
571.6728102961575 9.156571943322781e-10
584.1747963111052 9.359526393591816e-10
596.6895011092205 9.47008389617929e-10
609.2760502353857 9.457507621277915e-10
621.8553378929686 9.290149106967572e-10
634.4331369555587 9.374604991718716e-10
647.0370063398755 9.327413674628014e-10
659.6331263862571 9.295311657972095e-10
672.2347588884749 9.304806873246926e-10
684.7395383356924 9.249396370677629e-10
697.295091884081 9.297394178659934e-10
709.8817663656826 9.260390245602221e-10
722.3828207673415 9.231205028227572e-10
734.9528417414955 9.393343850403272e-10
747.5289730251566 9.344788773264965e-10
760.1302103858401 9.267514929085345e-10
772.7073664828323 9.341114457229279e-10
785.227420688577 9.263629153606876e-10
797.8522745827348 9.295954234922826e-10
810.4140135858539 9.339951296888797e-10
822.9826503313164 9.317882624227548e-10
835.5621993786972 9.282993221885794e-10
848.0794648874308 9.226317783519405e-10
860.6844633146699 9.339752229288417e-10
873.271027444435 9.3632245155427e-10
885.7985422164331 9.298398727616888e-10
898.326179457127 9.348562887228427e-10
910.8821151587914 9.282184951399761e-10
923.5261700556648 9.306570280756827e-10
936.1281145208161 9.256405963968686e-10
948.69630481603 9.328331184929907e-10
961.2704737686325 9.360049304565728e-10
973.8030882582647 9.300367610355752e-10
986.3386466731812 9.351515627445267e-10
998.9005663340957 9.411273687758218e-10
1011.4310173489416 9.285066896302676e-10
1023.983996494484 9.405550590631512e-10
1036.6244068850117 9.344566354513994e-10
1049.21710506502 9.355271075096364e-10
1061.7506293301267 9.262899448845072e-10
1074.3138633737728 9.37417680351151e-10
1086.9150606623928 9.314824951955222e-10
1099.485268529579 9.329609764983756e-10
1111.9866137509775 9.314299434990448e-10
1124.5700537076812 9.358735132665316e-10
1137.2014159287614 9.338906498850589e-10
1149.7600165223248 9.338893866951433e-10
1162.3091308680582 9.32284246480375e-10
1174.8779782787076 9.41309813514582e-10
1187.4343131622709 9.338365763748671e-10
1199.9934502158073 9.32515243337433e-10
1212.5348724499943 9.32988054720648e-10
1225.0929548690526 9.367347659350828e-10
1237.6945763093229 9.331969390216253e-10
1250.261133336963 9.396868135494663e-10
1262.8045000925686 9.29691443640795e-10
1275.399712688236 9.327709593932165e-10
1287.9705469497462 9.3261856993723e-10
1300.536063869236 9.404659898097674e-10
1313.1161941135433 9.35749291035464e-10
1325.6728172017374 9.34222691788704e-10
1338.2360398733026 9.338220631193608e-10
1350.8129807362077 9.396551394049562e-10
1363.3660340986771 9.349117577742245e-10
1375.917428112626 9.408807262828543e-10
1388.4677749092639 9.316964835648869e-10
1401.0339821369428 9.365598039662258e-10
1413.623883101801 9.342458046609196e-10
1426.2026838538065 9.332101805946427e-10
1438.7825222910587 9.320677830008588e-10
1451.365623711789 9.304611842004132e-10
1463.9293888845882 9.305660448536171e-10
1476.5004405845425 9.341038701208554e-10
1489.0520010708651 9.322758453196092e-10
1501.573043220265 9.430782217735403e-10
1514.1505060347451 9.371083041345307e-10
1526.7270498322614 9.368287434906268e-10
1539.2913852346283 9.354745911006232e-10
1551.8777564300874 9.397538182353397e-10
1564.4646019253798 9.308646462118202e-10
1577.0617509558908 9.372759333458792e-10
1589.578067235497 9.380883379352412e-10
1602.0969633437908 9.416946449984073e-10
1614.6715465128632 9.384864279430627e-10
1627.2446219854169 9.374074176084834e-10
1639.829314236997 9.352996698332712e-10
1652.3892318769158 9.387968559382534e-10
1664.9781087453043 9.37175432689461e-10
1677.5905466837735 9.418352935242256e-10
1690.1256029552853 9.386139200075563e-10
1702.6552387045137 9.431429658871032e-10
1715.2383081078042 9.401074121682917e-10
1727.8103408839559 9.405493265716333e-10
1740.3663847255973 9.402768434923906e-10
1752.9268449962742 9.415269721914493e-10
1765.499390604836 9.47764541863673e-10
1778.0651597526437 9.464980930325305e-10
1790.6154456576144 9.443201765749996e-10
1803.1898907105872 9.432489947951659e-10
1815.7652421376026 9.400592413132982e-10
1828.3473879187518 9.410181792818408e-10
1840.9247203382179 9.473891438605093e-10
1853.4854300005845 9.429656754181315e-10
1866.0633765580621 9.45450433109806e-10
1878.6516843331635 9.454266236967334e-10
1891.1934794658027 9.51113990727773e-10
1903.7305112667073 9.430588338678126e-10
1916.281148824884 9.457738678077815e-10
1928.8686768722605 9.47501218861355e-10
1941.469604685507 9.483138923207753e-10
1954.0146218271125 9.514641192171307e-10
1966.5631233723072 9.522695857160842e-10
1979.11238685488 9.49446412356611e-10
1991.6896989856982 9.514066387813006e-10
2004.2708502260732 9.502003378386149e-10
2016.8080695800322 9.518185095875873e-10
2029.3867087211397 9.511269890303791e-10
2041.9835100479002 9.530057419469621e-10
2054.5463501993713 9.576186189955278e-10
2067.116743261973 9.537038281526596e-10
2079.6934843955078 9.594613835722623e-10
2092.2523096513523 9.602782956051544e-10
2104.805223545858 9.598492061718292e-10
2117.3597493848138 9.589954180997698e-10
2129.9269963609972 9.60394291696305e-10
2142.511875245089 9.62874979945741e-10
2155.0864081076847 9.634476573026086e-10
2167.6479410339175 9.644557701653364e-10
2180.214338691952 9.649383507912901e-10
2192.777612870542 9.658433961200151e-10
2205.360535210472 9.646826475480347e-10
2217.924356433057 9.691093389673381e-10
2230.449108351952 9.665315153859286e-10
2243.002496812656 9.7087046618276e-10
2255.5833793698366 9.669861267843853e-10
2268.177327183909 9.722742560559927e-10
2280.726311310094 9.72519415820771e-10
2293.2765628123875 9.75282150142267e-10
2305.8830182708125 9.772929432568685e-10
2318.455995933 9.773210658001767e-10
2331.01561635918 9.785058169954744e-10
2343.5843152437483 9.829594195119709e-10
2356.1730256016413 9.847476970438007e-10
2368.733451518547 9.855842632178475e-10
2381.2674177879394 9.884606934312776e-10
2393.8225410155346 9.853793831087855e-10
2406.4012681938475 9.857427624208382e-10
2418.97179251422 9.900744497711245e-10
2431.525897938553 9.906783059105533e-10
2444.097594275561 9.953975869216673e-10
2456.679307312723 9.952763266837065e-10
2469.2640373577306 9.997120144870101e-10
2481.8025487279274 1.0008880688613378e-09
2494.347722828716 9.98461942364114e-10
2506.9289545430847 1.0051325843748114e-09
2519.497928607025 1.007922332494047e-09
2532.0623012272517 1.009563105988178e-09
2544.630582063769 1.0117053426973567e-09
2557.206305378176 1.0117534099250374e-09
2569.771163277816 1.0149469776752801e-09
2582.3488156834596 1.02010969640845e-09
2594.9294184351897 1.0207280366544515e-09
2607.4816098711585 1.024823788611348e-09
2620.032591853367 1.025313293522708e-09
2632.6008314806613 1.0240534279463372e-09
2645.171447026675 1.0339459263745968e-09
2657.7289013613176 1.0325247229429244e-09
2670.287516519269 1.0362163305618982e-09
2682.878929283585 1.0391396659548543e-09
2695.4596237105043 1.0426103314336258e-09
2708.001057034129 1.0477830558828364e-09
2720.5630857918445 1.054498907541842e-09
2733.1292302601696 1.0562262197334076e-09
2745.700844454238 1.0560555823698263e-09
2758.268583495613 1.0619302282738e-09
2770.8169620975377 1.0645974229842118e-09
2783.395100377306 1.0686700463297074e-09
2795.9667109620505 1.0725525462411961e-09
2808.5335650496027 1.0756068230811027e-09
2821.1073473436763 1.0762791716531241e-09
2833.673445617592 1.0851408148762503e-09
2846.2341230499073 1.0908284680620507e-09
2858.793361158214 1.0936149330329652e-09
2871.3715926145196 1.1000846914715688e-09
2883.951982645063 1.105605152635043e-09
2896.505064972055 1.1077729986955576e-09
2909.062417365315 1.1142980729205897e-09
2921.636347867312 1.120267312422571e-09
2934.2184285037983 1.1246710025323294e-09
2946.783507747192 1.1267286353964752e-09
2959.337610494592 1.1311364912130773e-09
2971.909959356904 1.1422227266062913e-09
2984.464881834931 1.1452040493323494e-09
2997.0025912396395 1.1498590030022126e-09
3009.5691447304107 1.159349577454249e-09
3022.1496145546535 1.1657938312621536e-09
3034.720890880489 1.1701984295761748e-09
3047.2947529910625 1.1804510780928607e-09
3059.873672623257 1.1855673917087188e-09
3072.4579451537315 1.1953315842740042e-09
3085.019019037386 1.1992778015396316e-09
3097.565497808673 1.2096363624539952e-09
3110.1437013412487 1.2213892758961392e-09
3122.7122017832535 1.2216316428197687e-09
3135.2557842014417 1.2328036841758387e-09
3147.8249270502606 1.2420047849236105e-09
3160.4046128413147 1.2439579967937827e-09
3172.968299399256 1.2578308023024817e-09
3185.517531218137 1.2682914396200476e-09
3198.090365624909 1.2717544755753484e-09
3210.68175623942 1.2913174605191192e-09
3223.2370098487863 1.2940875188590856e-09
3235.7917999840506 1.2942447583344908e-09
3248.3628705041933 1.301287801098531e-09
3260.9256034673863 1.3062510426727124e-09
3273.4939273858063 1.3073748124972795e-09
3286.0577004099105 1.3036596781365788e-09
3298.61357529618 1.312920288788423e-09
3311.181901445523 1.3158654930582407e-09
3323.7539462871005 1.3140734564875172e-09
3336.333864329203 1.322396086736581e-09
3348.896496818993 1.3266310696065633e-09
3361.440136038559 1.3280583732222079e-09
3374.021663390669 1.3345354228515444e-09
3386.612306640393 1.3387066725381027e-09
3399.1586212764873 1.3408832563674263e-09
3411.7209122464337 1.342005671768528e-09
3424.3007638722706 1.3454042725520957e-09
3436.8680779845167 1.3559918921713598e-09
3449.434189664977 1.3586297357502719e-09
3461.987122824028 1.3652604317939518e-09
3474.569996725635 1.3649098161629153e-09
3487.1298713920246 1.3711236936216707e-09
3499.669271964763 1.3750854353227225e-09
3512.2438039356603 1.3762158646585956e-09
3524.818468807389 1.3871970374174124e-09
3537.3843847618427 1.395781360237046e-09
3549.950713766494 1.3885230272684829e-09
3562.52445034784 1.3986359076876133e-09
3575.088692496796 1.409278520276471e-09
3587.65177203377 1.412320322037007e-09
3600.2126210724296 1.4176945565791035e-09
3612.7789955512035 1.4252862790592265e-09
3625.3461864341634 1.427727264530919e-09
3637.9044185104967 1.4298374556191462e-09
3650.4741440035855 1.4371536598909535e-09
3663.044500733269 1.4450623038187247e-09
3675.617936435936 1.4545597030981455e-09
3688.1899608608537 1.4576960339673569e-09
3700.750941777387 1.4678094850743662e-09
3713.3185807962022 1.4689761936968892e-09
3725.8842752432356 1.481166710529442e-09
3738.441167571854 1.4832328564379229e-09
3751.0126865143575 1.4942224605447574e-09
3763.58703964232 1.5001649435179545e-09
3776.152665934742 1.5068476463165071e-09
3788.7019198531607 1.5131504013146851e-09
3801.2729576685747 1.5262125116601075e-09
3813.8536845609506 1.5330951552443217e-09
3826.40143198394 1.541050062906959e-09
3838.9614593285596 1.5512788200723115e-09
3851.5371920558987 1.5536928087964282e-09
3864.1267913955617 1.55990814455229e-09
3876.678383876013 1.5714412806284058e-09
3889.213523276794 1.5822006174292085e-09
3901.7906639698826 1.5969723975737947e-09
3914.373170765415 1.595566495856287e-09
3926.9471055910626 1.6210902311471116e-09
3939.5075678004364 1.6168718939544574e-09
3952.079656733687 1.6298046142128461e-09
3964.6620986063563 1.6386534814218744e-09
3977.2203206426075 1.65413585442406e-09
3989.7727295677073 1.6643085240795485e-09
4002.3429450252875 1.6782740204167342e-09
4014.9020974656382 1.6860771524771567e-09
4027.4512798926335 1.6968079168038778e-09
4040.0189935704684 1.711289551469942e-09
4052.604928594748 1.7236260230317528e-09
4065.1715296360003 1.7309868036633295e-09
4077.7188107829656 1.746352224240359e-09
4090.2865924133434 1.7653459417440615e-09
4102.87045605048 1.775972568094488e-09
4115.444417738379 1.7889426098043772e-09
4128.005690630298 1.8048542774000376e-09
4140.582322383677 1.81248941641794e-09
4153.166181149348 1.8354418957082154e-09
4165.7052204030315 1.8478517224448049e-09
4178.241907196654 1.8526488342539622e-09
4190.831318126416 1.875078618270222e-09
4203.402793990614 1.8975531387274743e-09
4215.9421616158215 1.9154472539274734e-09
4228.508278546433 1.9209969886178514e-09
4241.0724548821445 1.9428550299721844e-09
4253.638166916131 1.961046180770145e-09
4266.210059558876 1.9756394174407974e-09
4278.796884070619 1.9910693119911915e-09
4291.375432919338 2.0064099774556224e-09
4303.912419567397 2.022401405272977e-09
4316.4772830073325 2.0435162669029747e-09
4329.057568047011 2.066039476281822e-09
4341.6309329245205 2.0851941053807172e-09
4354.194846360677 2.0913869637093337e-09
4366.750057190202 2.114431588491117e-09
4379.305619735137 2.137632549398452e-09
4391.872840637563 2.1551756104317e-09
4404.431004456612 2.1806272214589106e-09
4416.993538965931 2.1799656435798635e-09
4429.583976690371 2.2113281685917184e-09
4442.148154235715 2.2328873499597412e-09
4454.672751714719 2.2319322257497533e-09
4467.25234313758 2.2692523465764344e-09
4479.8540673948855 2.2556031288743193e-09
4492.3981626086825 2.286197144392802e-09
4504.958612714601 2.29566379614534e-09
4517.516324483386 2.292838854734135e-09
4530.071981974207 2.3157397245288036e-09
4542.604261683739 2.318098159166587e-09
4555.175885379307 2.3236201899358642e-09
4567.793029892806 2.329386910121359e-09
4580.336433718232 2.347854633743315e-09
4592.903547398687 2.355805416241156e-09
4605.503846525845 2.358210590364419e-09
4618.062899353844 2.3663902398057883e-09
4630.609850785821 2.3836212618489343e-09
4643.166166070281 2.3862828176821025e-09
4655.748047691718 2.4146087905162413e-09
4668.307216238103 2.430970775520203e-09
4680.8350678503275 2.4637793205497933e-09
4693.4105219352305 2.4765678400394273e-09
4706.002893895838 2.492967002482528e-09
4718.576089739264 2.5045492108389836e-09
4731.104045001503 2.5280334847490633e-09
4743.647852612006 2.56059733994274e-09
4756.278077684708 2.573075196629094e-09
4768.852446599747 2.6019357106593634e-09
4781.381416470511 2.6263766583457333e-09
4793.972518504311 2.645173868689678e-09
4806.60332868596 2.6489528866876933e-09
4819.14236930913 2.699412369408509e-09
4831.657814959348 2.733884966644567e-09
4844.283915816889 2.725496408173218e-09
4856.856307542262 2.769961666184442e-09
4869.351720195233 2.825410101041393e-09
4881.936597928441 2.830459891261577e-09
4894.594125386991 2.8578118331666113e-09
4907.134389930937 2.902929235073103e-09
4919.59621953822 2.9205810297538857e-09
4932.214603166718 2.9563532310988215e-09
4944.824738050677 2.985622993125804e-09
4957.323217052521 3.0509103342013593e-09
4969.864736399664 3.0669216476354018e-09
4982.481756176704 3.0932296562565633e-09
4995.106836569166 3.1355008847006006e-09
5007.603654670807 3.209701045437482e-09
5020.096971183016 3.2580073400685825e-09
5032.772361238517 3.300534428788722e-09
5045.389943211372 3.315063638131425e-09
5057.820270842706 3.3924279875789875e-09
5070.385926991489 3.3639803946011223e-09
5083.10204525228 3.4443368633881407e-09
5095.663202900741 3.522983828486497e-09
5108.051447972593 3.5997668238033754e-09
5120.6674255328935 3.6069140628348433e-09
5133.4436105385 3.6661249383471362e-09
5145.890992654914 3.763410642346118e-09
5158.221006790807 3.8226172456655224e-09
5170.94693844516 3.834810679605775e-09
5183.696326300537 3.868215042252271e-09
5196.114569434604 4.042804336124487e-09
5208.590236476461 4.004007229866142e-09
5221.344901714845 4.228875928258593e-09
5233.861565245476 4.314049704647355e-09
5246.0129773919925 4.282548311321709e-09
5258.7909392326565 4.36871673627716e-09
5271.817018539481 4.441338534515934e-09
5284.055430014833 4.576084810316374e-09
5296.074872488587 4.733802058685775e-09
5309.077762501426 4.768261846855732e-09
5322.356392655059 4.9998827361669155e-09
5334.386112989844 4.970979183299486e-09
5346.177610838656 4.875660793846507e-09
5359.459327306824 5.290896934660367e-09
5372.929649902153 5.471394799711554e-09
5384.392491809002 5.460786513191334e-09
5395.925124255161 5.2565571370138325e-09
5409.779637705466 5.451850810670836e-09
5423.636274401833 5.587509111506965e-09
5434.191546602847 5.893401339408585e-09
5445.56862410868 5.93114835550565e-09
5459.891413420194 6.183214867022222e-09
5474.126284132884 6.512043861739546e-09
5484.972107836672 6.599785304280124e-09
5495.74232831979 6.251111709942723e-09
5510.081957024028 6.580521052851097e-09
5524.394357856753 7.202426173727583e-09
5535.781236561921 7.710497620269036e-09
5545.659617379418 9.118637167782244e-09
5559.307265186071 5.978902754895826e-09
5571.987278730648 9.458824515823036e-09
