17.799282449393907 1.6160057359114714e-08
30.158244330131154 3.087375512585113e-09
42.89580372913673 2.282816311105711e-09
55.67321552978553 1.3728531067569012e-09
68.70199571606821 1.0841173636256257e-09
80.9577352285149 9.71538874516332e-10
93.5343336715136 9.469830368449858e-10
106.16450203531903 9.721553253765957e-10
118.9072488188118 9.263145320546446e-10
131.52449629177582 9.33391078467991e-10
143.9326581339747 9.186590149357278e-10
156.55721831376695 9.40230207219494e-10
169.40797891669078 9.568343473443423e-10
181.9370924105474 9.688575877986723e-10
194.41579553660424 9.235251641865282e-10
206.95260779187328 9.17018110296929e-10
219.51528885091182 9.392369254306468e-10
232.10861695601864 9.275457210805034e-10
244.73393330749704 9.28467171993399e-10
257.3634526180588 8.805244771460465e-10
269.90016033281614 9.048017208562092e-10
282.3899117684295 9.435523966289586e-10
295.02671514949367 9.028666923001644e-10
307.57301485045366 8.957944829806852e-10
320.13150881022204 9.325361838697336e-10
332.79823373741607 9.025475431198352e-10
345.4391291552885 9.104836054352011e-10
357.9530426754169 9.189251497547746e-10
370.4707381295704 8.94981783380624e-10
382.9613574682314 9.119866552887344e-10
395.5779737303071 9.03954488609093e-10
408.18754708954486 9.093741035980397e-10
420.78786052196915 9.00235175328881e-10
433.3819419644603 9.061054355056941e-10
445.9400562432304 8.966971240897888e-10
458.52400541726837 8.846273070526206e-10
471.0283016733625 9.02830526259506e-10
483.5821167635718 9.006060159688114e-10
496.17130788792383 9.129201202872091e-10
508.6984513745909 8.954014342326737e-10
521.266850376961 8.962408572876241e-10
533.8514741793921 8.952600751393946e-10
546.4846686282311 8.809315229139658e-10
559.1059360168832 8.845743976904492e-10
571.6732584628986 8.848993191803789e-10
584.1752542788623 8.860612687160184e-10
596.6899688879645 8.786573793074767e-10
609.2765278814395 8.790813921798719e-10
621.8558254006394 8.713596242572826e-10
634.4336343236796 8.764253300595504e-10
647.0375135888845 8.726692400919607e-10
659.6336435100791 8.594164321985522e-10
672.2352858914313 8.642779268514146e-10
684.7400751418547 8.827034018832282e-10
697.2956385332539 8.549263013552792e-10
709.8823228822636 8.630834955208231e-10
722.383387084208 8.648877744711122e-10
734.9534179127145 8.504033710120162e-10
747.5295590555182 8.513632338995695e-10
760.1308062950264 8.447424370845644e-10
772.7079722519646 8.484930728397049e-10
785.22803627289 8.474227117814718e-10
797.8529000643869 8.40109338692648e-10
810.4146489153657 8.437269779954327e-10
822.9832955140954 8.377726653351667e-10
835.5628544232982 8.377981953986408e-10
848.0801297450262 8.318253052559497e-10
860.6851380540385 8.323890680452901e-10
873.2717120511252 8.194867496318911e-10
885.7992366441526 8.233136831070521e-10
898.3268837059719 8.24388219361274e-10
910.8828292509464 8.13689914471521e-10
923.5268940602116 8.165001714354994e-10
936.128848404742 8.112129753086199e-10
948.6970485528731 8.134599560041312e-10
961.27122736308 8.092203425759369e-10
973.8038516777394 7.940808642946337e-10
986.3394199199912 7.923929381130945e-10
998.9013494289071 7.891164161314554e-10
1011.4318102670842 8.017692626227265e-10
1023.984799253619 7.832444458960249e-10
1036.6252195536813 7.884040470270284e-10
1049.2179276058198 7.886236470777772e-10
1061.7514616966673 7.812813032932191e-10
1074.3147055893453 7.743641991528527e-10
1086.9159127567582 7.799793505643032e-10
1099.4861304784436 7.695228009136175e-10
1111.9874855003557 7.608914885038239e-10
1124.5709353219315 7.576240736486775e-10
1137.2023074454532 7.619113345396597e-10
1149.7609178844157 7.570540013450613e-10
1162.310042068112 7.467703016655404e-10
1174.8788993321937 7.47009859522571e-10
1187.4352440593798 7.452620188315698e-10
1199.9943909587364 7.434627365877815e-10
1212.5358230248555 7.381181820145179e-10
1225.0939152889068 7.328778252730229e-10
1237.695546608303 7.292314979048865e-10
1250.2621134875799 7.277287053061013e-10
1262.8054900766422 7.272095127204219e-10
1275.400712546411 7.166649563076691e-10
1287.9715566629113 7.188744889140757e-10
1300.5370834332223 7.161935502580351e-10
1313.1172235398076 7.155558104149213e-10
1325.6738564718507 7.056844492125195e-10
1338.2370889924387 6.988741210227266e-10
1350.8140397151212 7.002175971219994e-10
1363.367102918641 6.929049271091743e-10
1375.9185067723397 6.910343192023643e-10
1388.4688634079062 6.899543862528645e-10
1401.0350804869474 6.81911480637713e-10
1413.6249913217434 6.787439807780758e-10
1426.2038019349843 6.742610415194932e-10
1438.7836502342852 6.690393359057425e-10
1451.3667615196225 6.678024871425269e-10
1463.93053654187 6.623337048909615e-10
1476.5015980969845 6.594408784981732e-10
1489.0531684231876 6.542210138487911e-10
1501.5742203885422 6.500328045602203e-10
1514.1516930632092 6.476931162215778e-10
1526.7282467201912 6.424954883473548e-10
1539.2925919724535 6.376240952828306e-10
1551.8789730350827 6.353870875596454e-10
1564.4658283979172 6.314344376140697e-10
1577.062987304048 6.274240643608453e-10
1589.5793133959044 6.262996968126993e-10
1602.098219318471 6.20060169206883e-10
1614.6728123454723 6.174226869977748e-10
1627.245897674773 6.113659233673825e-10
1639.830599792207 6.079889550057709e-10
1652.3905272785578 6.056663447544124e-10
1664.979414016081 5.995765612125806e-10
1677.5918618421556 6.00379400212821e-10
1690.126927940609 5.965338461910183e-10
1702.6565735125293 5.894506674753682e-10
1715.239652780402 5.887665176394751e-10
1727.811695412483 5.817145013253565e-10
1740.3677490975194 5.762049096143168e-10
1752.9282192150536 5.722780800181885e-10
1765.500774679947 5.705688931713336e-10
1778.0665536787737 5.673009031825736e-10
1790.6168494226254 5.619676979775697e-10
1803.191304333419 5.594088665971035e-10
1815.7666656189658 5.547991568834941e-10
1828.3488212639727 5.479744531570823e-10
1840.9261635435228 5.449900515136274e-10
1853.4868830529422 5.417642854133857e-10
1866.0648394709856 5.409532571113114e-10
1878.6531571147755 5.339578891302794e-10
1891.1949620796393 5.304378021163899e-10
1903.7320037090342 5.27395365903631e-10
1916.2826511063677 5.238079390195768e-10
1928.8701890218213 5.206282289144242e-10
1941.4711267136497 5.144479594645015e-10
1954.0161536900057 5.131204660723297e-10
1966.5646650726826 5.09249739661943e-10
1979.1139383933348 5.029958223457046e-10
1991.6912603842213 5.001461650013763e-10
2004.2724214876746 4.959295862913804e-10
2016.8096506702707 4.937010991204799e-10
2029.388299672487 4.877841523151559e-10
2041.9851108745945 4.843093231778223e-10
2054.5479608747887 4.808614230335845e-10
2067.1183637920344 4.785470843945108e-10
2079.69511478519 4.724798761262206e-10
2092.25394988661 4.712561511891873e-10
2104.806873622057 4.689830054038993e-10
2117.3614093032174 4.625352971786738e-10
2129.928666131578 4.5930569018509e-10
2142.5135548816706 4.5681713129559207e-10
2155.088097602156 4.5111366499593285e-10
2167.649640376087 4.491882486252212e-10
2180.216047885633 4.4436769004403593e-10
2192.779331913286 4.414552149494031e-10
2205.362264117683 4.380050901072661e-10
2217.92609518976 4.3345808408124276e-10
2230.4508569275185 4.304187905460389e-10
2243.0042552295354 4.281800547715221e-10
2255.585147649584 4.2423293043378227e-10
2268.179105336766 4.205399399515193e-10
2280.7280993008117 4.181066126076647e-10
2293.278360641959 4.139285429889396e-10
2305.8848259833 4.101876910643739e-10
2318.4578135021575 4.063734745994689e-10
2331.017443774536 4.030942377939954e-10
2343.5861525124205 3.9969241022494456e-10
2356.174872739318 3.9715482955240453e-10
2368.7353085030536 3.938388731935159e-10
2381.2692845985334 3.904119097121278e-10
2393.8244176688013 3.8485904766973994e-10
2406.4031547082923 3.842094405423072e-10
2418.9736888834113 3.7998950299866966e-10
2431.52780414962 3.7669168236373985e-10
2444.0995103422933 3.732088221461434e-10
2456.681233242974 3.70875591249945e-10
2469.2659731538656 3.684265971159425e-10
2481.804494353713 3.640562771218935e-10
2494.349678289375 3.619642075351097e-10
2506.9309198668843 3.574437379668218e-10
2519.499903784357 3.5561342635215837e-10
2532.064286254508 3.52656486205872e-10
2544.6325769440127 3.492536067980566e-10
2557.208310117243 3.459510091892642e-10
2569.7731778671878 3.42811470871192e-10
2582.350840133166 3.3997785852790035e-10
2594.9314527475444 3.364536503235742e-10
2607.4836540238884 3.340871762845403e-10
2620.0346458455233 3.31777678917706e-10
2632.6028953257733 3.2788108780572884e-10
2645.173520726606 3.2584625269967367e-10
2657.730984905749 3.2174548295770523e-10
2670.289609909111 3.204884504302337e-10
2682.8810325445497 3.1513555321060837e-10
2695.4617368341887 3.140295143824671e-10
2708.003179989755 3.1078667813220805e-10
2720.565218595557 3.0895378486095266e-10
2733.1313729151952 3.070556835893712e-10
2745.702996964865 3.0405081181499566e-10
2758.2707458588034 3.0149182431728304e-10
2770.8191342981145 2.989345339178162e-10
2783.3972824385987 2.9624797772225017e-10
2795.9689028789417 2.942744943896472e-10
2808.5357668183638 2.9169411518783285e-10
2821.1095589697384 2.8925828488887413e-10
2833.6756670949308 2.852511375772509e-10
2846.236354374274 2.844375499358619e-10
2858.79560232848 2.8268134270288386e-10
2871.373843645574 2.792819356183389e-10
2883.954243538599 2.76571437765119e-10
2896.5073357066644 2.750312376553811e-10
2909.064697944345 2.733571056219837e-10
2921.6386383037598 2.70776567104846e-10
2934.2207288040527 2.6866519478865873e-10
2946.785817897924 2.6699522206189105e-10
2959.3399304871978 2.6409597173218846e-10
2971.912289205687 2.624310255685429e-10
2984.46722152623 2.5974918272208257e-10
2997.00494075996 2.5838679973462866e-10
3009.571504102365 2.5521105305570725e-10
3022.151983789152 2.534153710624105e-10
3034.723269970324 2.5127375955405106e-10
3047.297141938261 2.4940632837223466e-10
3059.876071431784 2.480275635003884e-10
3072.460353827784 2.457795937594991e-10
3085.0214375587766 2.4467393558265723e-10
3097.56792616596 2.418906423468956e-10
3110.1461395593024 2.4023519005912973e-10
3122.7146498544676 2.387784516026481e-10
3135.258242106282 2.3709043820001394e-10
3147.827394808765 2.3440383332901824e-10
3160.407090461748 2.329611982595833e-10
3172.9707868690757 2.319950065017343e-10
3185.520028526011 2.3010772773977508e-10
3198.0928727893415 2.2830589629255405e-10
3210.684273274958 2.2729901008650713e-10
3223.239536727099 2.2512295771675623e-10
3235.794336704776 2.227438589397316e-10
3248.365417080094 2.204734083017993e-10
3260.9281598919256 2.174041433806246e-10
3273.4964936633673 2.152847679542127e-10
3286.0602765369263 2.1246555958763137e-10
3298.616161266458 2.1011053472940721e-10
3311.184497268825 2.0831231041921348e-10
3323.7565519663412 2.06139936463856e-10
3336.336479870555 2.0381880134296606e-10
3348.8991222089053 2.008875037019741e-10
3361.442771262142 1.9820508556835854e-10
3374.0243084776243 1.9613625177893067e-10
3386.614961597868 1.9419070006983916e-10
3399.16128606973 1.9157644631341194e-10
3411.723586887969 1.8941523433002064e-10
3424.3034483758647 1.8754669571692475e-10
3436.8707723403413 1.853601928536695e-10
3449.4368938720895 1.8311251518879295e-10
3461.9898368720965 1.8119580573269907e-10
3474.572720638132 1.796222149255266e-10
3487.1326051509195 1.769376528108095e-10
3499.6720155540056 1.751240282109073e-10
3512.2465573827917 1.7308219983924736e-10
3524.8212321125134 1.7119337957415405e-10
3537.387157918102 1.6876695131966008e-10
3549.9534967742106 1.6689198258563216e-10
3562.5272432128218 1.6619573939701511e-10
3575.0914952116 1.6291080540678018e-10
3587.654584597485 1.6172973863746197e-10
3600.2154434833064 1.6024218249691925e-10
3612.781827813574 1.5799109770615845e-10
3625.349028548668 1.5660075576003734e-10
3637.907270470111 1.5473587595398484e-10
3650.477005817321 1.5222019221599475e-10
3663.04737240162 1.5025256498833983e-10
3675.6208179613163 1.493597231593282e-10
3688.192852242157 1.4710453812273376e-10
3700.7538430059562 1.4582725042970332e-10
3713.3214918772564 1.4394542931960873e-10
3725.88719617525 1.4254429665530466e-10
3738.4440983479285 1.4108657487148847e-10
3751.0156271459587 1.3902420833735998e-10
3763.58999013167 1.3749629994038383e-10
3776.155626274999 1.361782806084323e-10
3788.70489003149 1.3442208600200844e-10
3801.275937702054 1.330029333988589e-10
3813.8566744571744 1.3094873474757904e-10
3826.404431717055 1.299505706326624e-10
3838.9644689081924 1.2846587288508736e-10
3851.5402114943618 1.268779870828021e-10
3864.1298207037257 1.258217303306649e-10
3876.681423024082 1.2432391203957945e-10
3889.2165722518703 1.227276956729176e-10
3901.7937228048927 1.2150014167255123e-10
3914.376239464566 1.200023001556136e-10
3926.950184147634 1.190738830464298e-10
3939.510656203867 1.1732705850264903e-10
3952.082754993091 1.1609711921192926e-10
3964.66520672985 1.1504751138961883e-10
3977.223438611204 1.138067486125141e-10
3989.775857376849 1.1278491062640807e-10
4002.346082688934 1.1186038297078416e-10
4014.9052449751166 1.1034377805231245e-10
4027.454437240128 1.08798501940082e-10
4040.0221607705066 1.0747305702575177e-10
4052.608105661614 1.0641355548807578e-10
4065.1747165545376 1.0533655155604075e-10
4077.7220075380287 1.0457090108770916e-10
4090.2897990210035 1.0347522266279393e-10
4102.873672523345 1.019967650978677e-10
4115.447644068685 1.0115672557262528e-10
4128.008926808098 1.000031812535845e-10
4140.585568421012 9.918596208061131e-11
4153.1694370518835 9.808033019127149e-11
4165.708486135632 9.73680058392408e-11
4178.245182757474 9.600218523644382e-11
4190.834603556789 9.51726069354388e-11
4203.40608927648 9.386138071961414e-11
4215.94546673201 9.300880839259008e-11
4228.511593513913 9.194859703508302e-11
4241.075779699394 9.0781902083821e-11
4253.641501584355 9.032527867522728e-11
4266.2134040829205 8.962072024727148e-11
4278.800238462189 8.846121405248206e-11
4291.378797171946 8.767561732317727e-11
4303.915793648459 8.658045287518278e-11
4316.4806669387035 8.57707164395633e-11
4329.060961840782 8.47969794795321e-11
4341.6343365752655 8.359304699482363e-11
4354.198259860986 8.307605579352136e-11
4366.7534805332525 8.210835141660582e-11
4379.309052921206 8.11400571900456e-11
4391.876283675789 8.004921309496158e-11
4404.434457339895 7.980854080774588e-11
4416.997001697697 7.823532024121779e-11
4429.587449292495 7.785609341310521e-11
4442.151636687611 7.695983022254194e-11
4454.676243985357 7.598161197480579e-11
4467.255845270074 7.474121378535746e-11
4479.8575794065855 7.372186182352927e-11
4492.40168445441 7.282749119967931e-11
4504.962144407178 7.164123580283273e-11
4517.519866020664 7.092205967013499e-11
4530.0755333545785 6.965975896697716e-11
4542.6078228888755 6.848928217015427e-11
4555.1794564400525 6.75490889921184e-11
4567.796610844846 6.613359653627663e-11
4580.340024503758 6.517127551347118e-11
4592.907148036285 6.441048525055472e-11
4605.507457041533 6.324970275206953e-11
4618.066519715286 6.242042187215298e-11
4630.61348098353 6.15914172610657e-11
4643.169806111598 6.024144888935104e-11
4655.7516975966855 5.982846895346062e-11
4668.310875988915 5.90427193500547e-11
4680.838737422433 5.818631913095916e-11
4693.4142013659475 5.7170900279392243e-11
4706.006583198429 5.712623871940576e-11
4718.579788898697 5.596048968886863e-11
4731.107753982311 5.54408620094771e-11
4743.651571426617 5.4511742899252787e-11
4756.281806400868 5.428200378725633e-11
4768.856185173669 5.3491973187191486e-11
4781.385164866601 5.2584723290558855e-11
4793.976276771281 5.1930438563542425e-11
4806.607096854939 5.117035439117951e-11
4819.146147308174 5.099830571705814e-11
4831.661602769959 5.052269145316451e-11
4844.287713525817 4.955873985813591e-11
4856.860115107401 4.9119651260631234e-11
4869.355537556235 4.8706247585773545e-11
4881.940425155442 4.771037340511004e-11
4894.597962536946 4.761339442724444e-11
4907.1382369119165 4.705864505621916e-11
4919.600076288735 4.642139597442727e-11
4932.2184698095 4.5906401955668306e-11
4944.828614579259 4.537644401733942e-11
4957.327103379369 4.475846290789163e-11
4969.86863255852 4.425251297878789e-11
4982.485662226757 4.4259951874756385e-11
4995.110752516737 4.3699844999439e-11
5007.607580415342 4.327723796756295e-11
5020.10090672177 4.289190837336153e-11
5032.776306714229 4.240050751529118e-11
5045.393898578722 4.182630831194297e-11
5057.824235954894 4.141958031651771e-11
5070.389901954609 4.16363343471537e-11
5083.106030184285 4.075225951948733e-11
5095.667197680151 4.0141855086182127e-11
5108.05545246385 4.077354183265509e-11
5120.671439914531 4.001262225581989e-11
5133.447634936114 3.983756258764374e-11
5145.895026810736 3.951690687639217e-11
5158.2250506128275 3.903990982403595e-11
5170.95099224376 3.916884259413251e-11
5183.700390094105 3.8521804655436754e-11
5196.118642963537 3.833555924117525e-11
5208.594319785777 3.887665963169188e-11
5221.348995023267 3.772057788637882e-11
5233.86566836642 3.690621028930269e-11
5246.017090039119 3.747392402626879e-11
5258.795061897151 3.660938694707103e-11
5271.8211514158575 3.7102528207741744e-11
5284.059572485596 3.6577054547086675e-11
5296.079024382072 3.6240454667272764e-11
5309.081924588613 3.597646336815778e-11
5322.3605651521175 3.6623009830138026e-11
5334.390294917684 3.5169923460026734e-11
5346.181802010518 3.627781974566309e-11
5359.463528890978 3.664674157142973e-11
5372.933862046457 3.4888933855586667e-11
5384.396712939678 3.575820057878118e-11
5395.929354426921 3.645110180151613e-11
5409.783878738565 3.645490599276722e-11
5423.640526297936 3.513883933850526e-11
5434.195806773826 3.4716596028926135e-11
5445.572893198795 3.4371910425141435e-11
5459.895693738757 3.489819746636639e-11
5474.13057561097 3.492390821115784e-11
5484.976407817414 3.4991507928638474e-11
5495.746636743918 3.697940547191475e-11
5510.086276689804 3.626131726069606e-11
5524.398688742833 3.978668901615347e-11
5535.78557637482 3.7530252218405895e-11
5545.66396493654 3.7581728138003185e-11
5559.311623442359 3.4378676742920745e-11
5571.991646927517 9.364999542504186e-12
