17.799282449393907 1.5382612545742208e-08
30.158244330131154 3.4836450008754736e-09
42.89580372913673 1.3015102010957521e-09
55.67321552978553 1.1049170438656646e-09
68.70199571606821 9.659000388145353e-10
80.9577352285149 9.302382000594806e-10
93.5343336715136 9.90686312763442e-10
106.16450203531903 9.55180613058208e-10
118.9072488188118 8.794129423869619e-10
131.52449629177582 8.989149924150567e-10
143.9326581339747 8.824036696880582e-10
156.55721831376695 9.553583064745707e-10
169.40797891669078 8.864159778942396e-10
181.9370924105474 9.302793368876373e-10
194.41579553660424 8.893476614698456e-10
206.95260779187328 9.530421035511212e-10
219.51528885091182 9.071221895925082e-10
232.10861695601864 9.323065650882368e-10
244.73393330749704 9.238945167390569e-10
257.3634526180588 9.298661705753097e-10
269.90016033281614 9.072350490241102e-10
282.3899117684295 9.259461120383671e-10
295.02671514949367 8.983482123840685e-10
307.57301485045366 9.122741855868009e-10
320.13150881022204 9.232141836390471e-10
332.79823373741607 8.910300520330407e-10
345.4391291552885 9.102825924608822e-10
357.9530426754169 9.23528070546442e-10
370.4707381295704 9.017924690116879e-10
382.9613574682314 9.045279347108813e-10
395.5779737303071 9.338313081652682e-10
408.18754708954486 9.160688726067954e-10
420.78786052196915 9.073117347131458e-10
433.3819419644603 8.937396123833018e-10
445.9400562432304 8.966699501165905e-10
458.52400541726837 9.079880812386714e-10
471.0283016733625 8.974782336184655e-10
483.5821167635718 9.025281295676771e-10
496.17130788792383 9.001403092011479e-10
508.6984513745909 9.032478080639968e-10
521.266850376961 8.973857992010606e-10
533.8514741793921 8.827508579262179e-10
546.4846686282311 8.932693046748943e-10
559.1059360168832 8.815297035313947e-10
571.6732584628986 8.877164983226146e-10
584.1752542788623 8.920329744012842e-10
596.6899688879645 8.875464192904329e-10
609.2765278814395 8.767880970267539e-10
621.8558254006394 8.728270994453036e-10
634.4336343236796 8.754297438672597e-10
647.0375135888845 8.699176441046266e-10
659.6336435100791 8.750828533994538e-10
672.2352858914313 8.491760078300732e-10
684.7400751418547 8.725746857110011e-10
697.2956385332539 8.690791183826169e-10
709.8823228822636 8.552283625761112e-10
722.383387084208 8.553602990744968e-10
734.9534179127145 8.682993524764688e-10
747.5295590555182 8.524110099793332e-10
760.1308062950264 8.489638746525438e-10
772.7079722519646 8.484228408205102e-10
785.22803627289 8.497684604922509e-10
797.8529000643869 8.383684871700975e-10
810.4146489153657 8.386546424589819e-10
822.9832955140954 8.3547483420408e-10
835.5628544232982 8.337507439334414e-10
848.0801297450262 8.288755273944775e-10
860.6851380540385 8.290545610019718e-10
873.2717120511252 8.247576662078625e-10
885.7992366441526 8.29176948846182e-10
898.3268837059719 8.214336307573927e-10
910.8828292509464 8.231502019125603e-10
923.5268940602116 8.146732789187625e-10
936.128848404742 8.168914446254153e-10
948.6970485528731 8.058562340428976e-10
961.27122736308 8.000427868674402e-10
973.8038516777394 7.973166531752811e-10
986.3394199199912 7.915869020140648e-10
998.9013494289071 7.900728032481482e-10
1011.4318102670842 7.931357530600353e-10
1023.984799253619 7.809005194272596e-10
1036.6252195536813 7.89338001263925e-10
1049.2179276058198 7.850329568802068e-10
1061.7514616966673 7.806383261142168e-10
1074.3147055893453 7.739326911701188e-10
1086.9159127567582 7.737108230714175e-10
1099.4861304784436 7.74924264642284e-10
1111.9874855003557 7.624020135813746e-10
1124.5709353219315 7.644515299598245e-10
1137.2023074454532 7.640241046415759e-10
1149.7609178844157 7.552164400552865e-10
1162.310042068112 7.529828122691887e-10
1174.8788993321937 7.549459666706271e-10
1187.4352440593798 7.49607236992433e-10
1199.9943909587364 7.448581285105309e-10
1212.5358230248555 7.345521273346574e-10
1225.0939152889068 7.325797234901771e-10
1237.695546608303 7.312499759075562e-10
1250.2621134875799 7.270673825506504e-10
1262.8054900766422 7.225508121270642e-10
1275.400712546411 7.232584542289429e-10
1287.9715566629113 7.14631933977897e-10
1300.5370834332223 7.104488722119566e-10
1313.1172235398076 7.047505162144781e-10
1325.6738564718507 7.054376150453856e-10
1338.2370889924387 7.023048335381481e-10
1350.8140397151212 6.982786935374039e-10
1363.367102918641 6.942851546712409e-10
1375.9185067723397 6.881711415422464e-10
1388.4688634079062 6.867357353318455e-10
1401.0350804869474 6.832171607843942e-10
1413.6249913217434 6.782022658339131e-10
1426.2038019349843 6.73549495477937e-10
1438.7836502342852 6.688626898405201e-10
1451.3667615196225 6.644544986240829e-10
1463.93053654187 6.67662590320121e-10
1476.5015980969845 6.589901961794528e-10
1489.0531684231876 6.548361668266718e-10
1501.5742203885422 6.52803016175319e-10
1514.1516930632092 6.47213193368197e-10
1526.7282467201912 6.408126827633563e-10
1539.2925919724535 6.403188737819097e-10
1551.8789730350827 6.378157176406124e-10
1564.4658283979172 6.328511200936429e-10
1577.062987304048 6.326383076215029e-10
1589.5793133959044 6.244023808969542e-10
1602.098219318471 6.176845967951483e-10
1614.6728123454723 6.161570475852309e-10
1627.245897674773 6.126390999142807e-10
1639.830599792207 6.096724837835737e-10
1652.3905272785578 6.051974650251518e-10
1664.979414016081 6.031127465798567e-10
1677.5918618421556 5.951030824233047e-10
1690.126927940609 5.927865634091196e-10
1702.6565735125293 5.906550306970686e-10
1715.239652780402 5.82707906683703e-10
1727.811695412483 5.80957174881838e-10
1740.3677490975194 5.778504988143799e-10
1752.9282192150536 5.742479274142608e-10
1765.500774679947 5.700144070067721e-10
1778.0665536787737 5.67147842924759e-10
1790.6168494226254 5.610400245936628e-10
1803.191304333419 5.580581999560683e-10
1815.7666656189658 5.539505126201436e-10
1828.3488212639727 5.506796585366961e-10
1840.9261635435228 5.482761278784486e-10
1853.4868830529422 5.434809032109936e-10
1866.0648394709856 5.385656639397177e-10
1878.6531571147755 5.331664372349351e-10
1891.1949620796393 5.29672622883132e-10
1903.7320037090342 5.262169826347956e-10
1916.2826511063677 5.23073721735087e-10
1928.8701890218213 5.187783209653699e-10
1941.4711267136497 5.155718161831319e-10
1954.0161536900057 5.099889875197953e-10
1966.5646650726826 5.096496053977451e-10
1979.1139383933348 5.05069279606255e-10
1991.6912603842213 5.020860275033982e-10
2004.2724214876746 4.965610733088751e-10
2016.8096506702707 4.926552305612898e-10
2029.388299672487 4.883857149993799e-10
2041.9851108745945 4.857050304007635e-10
2054.5479608747887 4.833491213890213e-10
2067.1183637920344 4.786824440506654e-10
2079.69511478519 4.735831926725821e-10
2092.25394988661 4.718230074389505e-10
2104.806873622057 4.656418346889936e-10
2117.3614093032174 4.610831805387201e-10
2129.928666131578 4.5935295134064164e-10
2142.5135548816706 4.555374010044693e-10
2155.088097602156 4.531017219285737e-10
2167.649640376087 4.468827398732234e-10
2180.216047885633 4.448217231901481e-10
2192.779331913286 4.406691577069992e-10
2205.362264117683 4.3703540022253744e-10
2217.92609518976 4.3352693756893724e-10
2230.4508569275185 4.312875614527397e-10
2243.0042552295354 4.2874260653428266e-10
2255.585147649584 4.2425064005007526e-10
2268.179105336766 4.202011250954187e-10
2280.7280993008117 4.1703506283513695e-10
2293.278360641959 4.1284048340470504e-10
2305.8848259833 4.110020711530645e-10
2318.4578135021575 4.0586691086981593e-10
2331.017443774536 4.034259774485999e-10
2343.5861525124205 4.004217650977192e-10
2356.174872739318 3.9760498042284207e-10
2368.7353085030536 3.931479200338117e-10
2381.2692845985334 3.9220993828360785e-10
2393.8244176688013 3.850220921671039e-10
2406.4031547082923 3.8297950980506966e-10
2418.9736888834113 3.81568483425891e-10
2431.52780414962 3.7728752135890416e-10
2444.0995103422933 3.7290509574387487e-10
2456.681233242974 3.7143635328390795e-10
2469.2659731538656 3.682823579106287e-10
2481.804494353713 3.640466485073775e-10
2494.349678289375 3.6135167960770513e-10
2506.9309198668843 3.598840050369023e-10
2519.499903784357 3.548543144546522e-10
2532.064286254508 3.515276959585008e-10
2544.6325769440127 3.488855599993096e-10
2557.208310117243 3.45255737341241e-10
2569.7731778671878 3.4337195427284537e-10
2582.350840133166 3.3948768393286945e-10
2594.9314527475444 3.3694174780827404e-10
2607.4836540238884 3.335550229749892e-10
2620.0346458455233 3.315493810499975e-10
2632.6028953257733 3.3011874667977096e-10
2645.173520726606 3.250293121483951e-10
2657.730984905749 3.2381148971250217e-10
2670.289609909111 3.209096070268431e-10
2682.8810325445497 3.1731863074577e-10
2695.4617368341887 3.1560482482249036e-10
2708.003179989755 3.118900140249636e-10
2720.565218595557 3.097487876283136e-10
2733.1313729151952 3.0731233043690086e-10
2745.702996964865 3.0447569148180814e-10
2758.2707458588034 3.0184590710472013e-10
2770.8191342981145 2.9925491488026344e-10
2783.3972824385987 2.961623977918674e-10
2795.9689028789417 2.940376882094725e-10
2808.5357668183638 2.910389658444137e-10
2821.1095589697384 2.898116007851497e-10
2833.6756670949308 2.8695415337862847e-10
2846.236354374274 2.845204978229094e-10
2858.79560232848 2.8275094907618207e-10
2871.373843645574 2.796756286794116e-10
2883.954243538599 2.7759090348845406e-10
2896.5073357066644 2.7436077510554066e-10
2909.064697944345 2.730056773208025e-10
2921.6386383037598 2.702659067430802e-10
2934.2207288040527 2.6845578080216506e-10
2946.785817897924 2.6571073124462543e-10
2959.3399304871978 2.63796224844681e-10
2971.912289205687 2.6188654854192687e-10
2984.46722152623 2.5984131947080566e-10
2997.00494075996 2.5796020863092816e-10
3009.571504102365 2.5549380465297784e-10
3022.151983789152 2.543228544132551e-10
3034.723269970324 2.516701896637942e-10
3047.297141938261 2.501989688842516e-10
3059.876071431784 2.4732096225397304e-10
3072.460353827784 2.458821087418409e-10
3085.0214375587766 2.4395010844816253e-10
3097.56792616596 2.4331278817360576e-10
3110.1461395593024 2.4051555658332607e-10
3122.7146498544676 2.392185542097877e-10
3135.258242106282 2.368911160847491e-10
3147.827394808765 2.3513471313967624e-10
3160.407090461748 2.341241672760731e-10
3172.9707868690757 2.319470937906687e-10
3185.520028526011 2.3019377781735928e-10
3198.0928727893415 2.2935731096347564e-10
3210.684273274958 2.2785300759431725e-10
3223.239536727099 2.2509812196126018e-10
3235.794336704776 2.2258644356436093e-10
3248.365417080094 2.2010975869749113e-10
3260.9281598919256 2.1790321328368612e-10
3273.4964936633673 2.1525278848657223e-10
3286.0602765369263 2.1293898859785818e-10
3298.616161266458 2.1051388036990583e-10
3311.184497268825 2.0837516059506932e-10
3323.7565519663412 2.056088141152415e-10
3336.336479870555 2.0324562216505277e-10
3348.8991222089053 2.008291995283389e-10
3361.442771262142 1.9906668604452316e-10
3374.0243084776243 1.9636354483250702e-10
3386.614961597868 1.9427916072398599e-10
3399.16128606973 1.9283357266209983e-10
3411.723586887969 1.8933817266487536e-10
3424.3034483758647 1.8713368534456193e-10
3436.8707723403413 1.8535354738068273e-10
3449.4368938720895 1.8332744523150936e-10
3461.9898368720965 1.8131260104102678e-10
3474.572720638132 1.7935769297269257e-10
3487.1326051509195 1.7712595711456071e-10
3499.6720155540056 1.7483757240429226e-10
3512.2465573827917 1.730897193543533e-10
3524.8212321125134 1.7091335770977716e-10
3537.387157918102 1.6906536209910044e-10
3549.9534967742106 1.6718132378411545e-10
3562.5272432128218 1.653228250500539e-10
3575.0914952116 1.6343704257552127e-10
3587.654584597485 1.6182589850494418e-10
3600.2154434833064 1.598976455268012e-10
3612.781827813574 1.5826873337751132e-10
3625.349028548668 1.559641838943912e-10
3637.907270470111 1.542650998713466e-10
3650.477005817321 1.5279019238707222e-10
3663.04737240162 1.503907544823422e-10
3675.6208179613163 1.488765329415907e-10
3688.192852242157 1.4712439820088606e-10
3700.7538430059562 1.4578989181750233e-10
3713.3214918772564 1.441863307259986e-10
3725.88719617525 1.4263939609436052e-10
3738.4440983479285 1.4059928379042734e-10
3751.0156271459587 1.3925297189796742e-10
3763.58999013167 1.377897107495846e-10
3776.155626274999 1.360151619804895e-10
3788.70489003149 1.3472599687864732e-10
3801.275937702054 1.3322025744472597e-10
3813.8566744571744 1.3133388270271007e-10
3826.404431717055 1.3011785461289645e-10
3838.9644689081924 1.280525452034516e-10
3851.5402114943618 1.2698673383660472e-10
3864.1298207037257 1.2551633214589703e-10
3876.681423024082 1.2445695286849772e-10
3889.2165722518703 1.230407233269441e-10
3901.7937228048927 1.2127511477351518e-10
3914.376239464566 1.2001511054679324e-10
3926.950184147634 1.1896357580421472e-10
3939.510656203867 1.1771831051558165e-10
3952.082754993091 1.1614887677038243e-10
3964.66520672985 1.1504513380111674e-10
3977.223438611204 1.13752538196364e-10
3989.775857376849 1.125333402933079e-10
4002.346082688934 1.1161966949973378e-10
4014.9052449751166 1.1004002386279755e-10
4027.454437240128 1.0885505003371848e-10
4040.0221607705066 1.0756024044229337e-10
4052.608105661614 1.0650429663118096e-10
4065.1747165545376 1.0541784121802918e-10
4077.7220075380287 1.0473628870720883e-10
4090.2897990210035 1.031939169083405e-10
4102.873672523345 1.0199744921605675e-10
4115.447644068685 1.0108667863466086e-10
4128.008926808098 1.0018758703306602e-10
4140.585568421012 9.899679735528088e-11
4153.1694370518835 9.771215844914925e-11
4165.708486135632 9.699749909327403e-11
4178.245182757474 9.59971925852936e-11
4190.834603556789 9.519165222354324e-11
4203.40608927648 9.419447442731563e-11
4215.94546673201 9.315338616854286e-11
4228.511593513913 9.201148831909164e-11
4241.075779699394 9.078130969585679e-11
4253.641501584355 9.028461301969021e-11
4266.2134040829205 8.95172817485212e-11
4278.800238462189 8.791572845558303e-11
4291.378797171946 8.800955804580755e-11
4303.915793648459 8.647452009182658e-11
4316.4806669387035 8.578539374154138e-11
4329.060961840782 8.507595976062567e-11
4341.6343365752655 8.411150373094389e-11
4354.198259860986 8.323702635709519e-11
4366.7534805332525 8.222193733235432e-11
4379.309052921206 8.158978694352857e-11
4391.876283675789 7.999365393957633e-11
4404.434457339895 7.993913094792675e-11
4416.997001697697 7.882989615050625e-11
4429.587449292495 7.790797289470771e-11
4442.151636687611 7.665880200838871e-11
4454.676243985357 7.580245039642391e-11
4467.255845270074 7.48057308676198e-11
4479.8575794065855 7.344324010351086e-11
4492.40168445441 7.289559768896285e-11
4504.962144407178 7.184341795634188e-11
4517.519866020664 7.065768677867647e-11
4530.0755333545785 6.978134137356789e-11
4542.6078228888755 6.86865146853035e-11
4555.1794564400525 6.747448680678704e-11
4567.796610844846 6.618057746721984e-11
4580.340024503758 6.508886246429996e-11
4592.907148036285 6.424348249166323e-11
4605.507457041533 6.316908249596364e-11
4618.066519715286 6.211346049993627e-11
4630.61348098353 6.174818836313049e-11
4643.169806111598 6.01914186162744e-11
4655.7516975966855 5.981147096031698e-11
4668.310875988915 5.915852290315567e-11
4680.838737422433 5.838145116330678e-11
4693.4142013659475 5.792051723746652e-11
4706.006583198429 5.666466347297278e-11
4718.579788898697 5.6027981547495225e-11
4731.107753982311 5.526530709954488e-11
4743.651571426617 5.450012045814365e-11
4756.281806400868 5.4203989984316313e-11
4768.856185173669 5.309177787294646e-11
4781.385164866601 5.27677847245543e-11
4793.976276771281 5.2216305363330813e-11
4806.607096854939 5.10184785845664e-11
4819.146147308174 5.070803312370676e-11
4831.661602769959 5.007989015569577e-11
4844.287713525817 4.9982659777206846e-11
4856.860115107401 4.8609044552477005e-11
4869.355537556235 4.82931116100813e-11
4881.940425155442 4.7663684707958516e-11
4894.597962536946 4.706252091264696e-11
4907.1382369119165 4.6477890851881764e-11
4919.600076288735 4.716385506400937e-11
4932.2184698095 4.591641421399981e-11
4944.828614579259 4.539407403881741e-11
4957.327103379369 4.4712540627892646e-11
4969.86863255852 4.463200783156119e-11
4982.485662226757 4.354949787205475e-11
4995.110752516737 4.398891164527793e-11
5007.607580415342 4.3519649393451786e-11
5020.10090672177 4.29591466702239e-11
5032.776306714229 4.2435878679683165e-11
5045.393898578722 4.144634626839882e-11
5057.824235954894 4.113141634569393e-11
5070.389901954609 4.092403970284623e-11
5083.106030184285 4.061364160340209e-11
5095.667197680151 4.036550959095328e-11
5108.05545246385 4.0521475592894976e-11
5120.671439914531 3.9939661578043084e-11
5133.447634936114 4.025126508477892e-11
5145.895026810736 3.94653867652245e-11
5158.2250506128275 3.9323658642778064e-11
5170.95099224376 3.824575438454551e-11
5183.700390094105 3.871764391444864e-11
5196.118642963537 3.861342754402805e-11
5208.594319785777 3.7609545568494586e-11
5221.348995023267 3.794945304905369e-11
5233.86566836642 3.758785682640849e-11
5246.017090039119 3.8766741559227025e-11
5258.795061897151 3.7248317923222e-11
5271.8211514158575 3.700246634959243e-11
5284.059572485596 3.61554147645236e-11
5296.079024382072 3.618130571620518e-11
5309.081924588613 3.6043235024424814e-11
5322.3605651521175 3.546191045413227e-11
5334.390294917684 3.505164146971648e-11
5346.181802010518 3.575767313395909e-11
5359.463528890978 3.5299424627657185e-11
5372.933862046457 3.5039719961723926e-11
5384.396712939678 3.4529793025287815e-11
5395.929354426921 3.410079962586794e-11
5409.783878738565 3.5538930957416766e-11
5423.640526297936 3.484520225161941e-11
5434.195806773826 3.253417397550161e-11
5445.572893198795 3.3743351688956697e-11
5459.895693738757 3.37530712620153e-11
5474.13057561097 3.803346491945153e-11
5484.976407817414 3.6347200901757325e-11
5495.746636743918 3.387816157759159e-11
5510.086276689804 3.4741729232609306e-11
5524.398688742833 3.3703323425798545e-11
5535.78557637482 3.1938591657854236e-11
5545.66396493654 4.177676631548439e-11
5559.311623442359 2.965775939397033e-11
5571.991646927517 1.4669707909335084e-11
