0.017832091871975056 8435.93908933818
0.030213835030786985 6553.932100895965
0.04297487357678417 4516.668489354309
0.05577583798436826 4203.878784338787
0.0688286341250055 3855.7674396258417
0.08110696464570502 2574.003680499924
0.09370674553631769 2256.878071068224
0.10636019509318792 1620.311083911989
0.11912643058557966 1595.924185299286
0.13176693543452658 1305.49220165308
0.1441979692451036 1159.8955899857267
0.15684580028039338 910.2999062642715
0.16972024869412136 798.0225929963182
0.18227245710657122 702.8248995441315
0.1947741622297755 685.6296691791025
0.207334083594767 515.9832605113559
0.21991992144750158 467.4561991592841
0.2325364628380135 402.22801865343314
0.24518505143884092 356.85343868342727
0.2578378507460674 309.2077848218981
0.27039766737784765 270.7522253079834
0.2829104411759607 242.7084764657088
0.29557053798041893 207.05203678985254
0.30813996427931284 193.25615379415302
0.32072160731469596 169.3754136132259
0.3334116808196788 153.26581297029804
0.34607587720379795 136.34962887805213
0.35861285762440354 124.22444787014992
0.3711536269502744 112.408136291097
0.38366727025124103 100.58603205452863
0.3963071427257884 90.0393042587903
0.40893995931531296 82.24766348092759
0.42156349890919825 73.3911687207692
0.4341807950257215 67.71021540210155
0.44676205768024024 60.79424870314157
0.4593692028514969 54.68119565397603
0.47189654828056254 50.18051547012131
0.48447350382182497 46.60066721985258
0.49708590060588426 41.88955524446156
0.5096361353798298 38.75546160991277
0.5222277017157825 35.58324706516939
0.5348355227589751 32.35907581880622
0.5474920039788623 30.16030254041557
0.560136536153409 27.5004187887133
0.5727270239485904 25.68284547448505
0.5852520646971238 23.71174136775658
0.5977898476833508 21.674930922366674
0.6103996074847253 20.209502201863373
0.6230020924267472 18.61898627915238
0.6356030860286795 17.48239841670896
0.6482301980282461 16.342178516041034
0.6608495463994342 15.01173563930148
0.6734744173918993 13.970308677164114
0.6860022567240309 13.18053829094218
0.6985809637891273 12.14451472878143
0.7111908491771044 11.35419750742704
0.7237149565943741 10.651905166454824
0.7363081577644088 10.102516068825516
0.748907480511885 9.30955754970098
0.761531955634141 8.784520513179329
0.7741323050847919 8.19441436379333
0.7866754473434143 7.723348534314328
0.7993235825500564 7.363737003400877
0.8119084864763918 6.844612523819076
0.8245003008650986 6.4039323126266625
0.8371030476789436 6.100154554520366
0.8496433960979587 5.753380453506309
0.8622716392224994 5.455188177163905
0.8748814140551419 5.113202899538407
0.8874320306379413 4.808311193927841
0.8999827699152791 4.605295757472733
0.9125618598383747 4.31022892658516
0.9252292314560266 4.126610508511365
0.9378544149867118 3.9090048725069466
0.9504457821018775 3.674437910454022
0.9630431388995886 3.527839937931606
0.9755988646043383 3.300541763754024
0.9881575396632228 3.1772024957209832
1.0007426245805022 3.0236542760267633
1.013296182820833 2.880914798291012
1.0258723107356635 2.718675084334005
1.0385360311261878 2.602991715947541
1.0511519513207876 2.472576025511721
1.063708588478716 2.340824519084985
1.0762949902025614 2.244549984150666
1.0889194251788574 2.1378235695176087
1.101512813586571 2.03679853917224
1.114037212359877 1.9528811737609126
1.126643857258215 1.8477120886145546
1.139298512793692 1.762338433263272
1.1518802725229755 1.6893178979088277
1.1644525285109755 1.6101375344270012
1.1770445539533538 1.528486811330627
1.1896240437944736 1.4677821629457375
1.2022063409730086 1.3912952083579038
1.214770890664549 1.3330087725395536
1.2273521312637692 1.263561754714168
1.2399769911738876 1.2105669597482533
1.2525667220095942 1.158398839980151
1.2651332198084173 1.1078231421295368
1.2777516590554743 1.0598702540266354
1.2903456750126368 1.0127466395773097
1.3029343638221444 0.9632122663845899
1.3155376929046931 0.9205167063409138
1.328117471481918 0.8848338917190478
1.3407038618127114 0.8447585459605226
1.353303995632365 0.8062791066462954
1.365880197900985 0.7728306484089167
1.3784547377611036 0.7416269229501428
1.3910282284727529 0.7034995423319946
1.4036176088634371 0.6760138535779007
1.4162307266845826 0.6527133668077353
1.4288327238231315 0.6274895184822702
1.4414357605605077 0.5944374137904722
1.4540420662985831 0.570744420331207
1.4666290001310291 0.5495068161022099
1.4792232339276108 0.5281579221795745
1.4917979405670925 0.5102667808367295
1.5043420725912229 0.49077995169965716
1.516942729324975 0.4711038517707327
1.5295424653470173 0.45646032747316134
1.542129970460583 0.43979303853422086
1.5547395520031322 0.4249091367804464
1.567349608720164 0.4112246464587195
1.5799699879730167 0.39697837122221447
1.5925093854124441 0.38576204952333426
1.605051367437985 0.37502024472306544
1.6176486600174473 0.3575233532143372
1.630244500194966 0.336975700255548
1.642852769411223 0.3164190542406451
1.6554322216394628 0.2988158849258284
1.668044025585914 0.28565911106969755
1.680678920689048 0.269073204392211
1.6932331315939035 0.2572728481156319
1.7057845975195405 0.2443755571483468
1.7183896309732525 0.23443204734795478
1.7309874185440803 0.22321439352879274
1.743562344893768 0.21132119472724964
1.7561426634640502 0.20301579247729587
1.7687458921757928 0.19457763541424675
1.7813334782050334 0.18674645693663777
1.7938985526958382 0.17836965810112065
1.8064980806819748 0.17190995548508978
1.8190945363690543 0.16563300724730795
1.8316935397102907 0.15804990402076396
1.8442938066535448 0.151513190358487
1.8568876791935909 0.14554850743101141
1.869499697925807 0.14033094951229474
1.882087467843537 0.13488925202398575
1.8946480071290908 0.13098865058674486
1.9072244238241298 0.12581843504964044
1.9197955083167102 0.12191407728880069
1.9324077190392583 0.11577451287743984
1.9450267994293622 0.11219334050714239
1.9575901294986986 0.10846410624441948
1.9701677233625414 0.10437463638078294
1.9827403283412848 0.09984166513100365
1.995331474359654 0.09683836331840498
2.007947834664377 0.09411678981108804
2.020502275436271 0.09043209232138054
2.033091375229659 0.08722513490304282
2.045722350451922 0.08461903441740762
2.058276346288368 0.0816605354805272
2.0708699090952485 0.080341730265957
2.083519949911575 0.07678995984951754
2.0960971256414087 0.07433764639955144
2.108627206088841 0.07215073213475438
2.1211870915125517 0.06921893984849478
2.1338231323869676 0.06772719912431915
2.146410287377127 0.06471467739456326
2.158963563085566 0.06322812040144273
2.171572232546312 0.06103576023791353
2.184206232503582 0.058357051770446325
2.1967582541876483 0.05727424279005468
2.2093298486834154 0.05438080044293344
2.221925909239812 0.05247439245329494
2.2344895913326517 0.04989900283895932
2.247040534594889 0.04762527425782224
2.259624100314443 0.04529542903968315
2.272229531496591 0.0427142558690055
2.2848348222229307 0.04056809539818857
2.2974000386779996 0.038155518535864213
2.3099677799709832 0.035759022145004475
2.3225784835721397 0.03446731713274099
2.3351595212304206 0.03354964832590516
2.347693564990004 0.03223837634837096
2.360343316487163 0.030710581803506273
2.3730332994737706 0.029732762346538832
2.385567863558982 0.028890345124952192
2.398060143366864 0.02833535698386302
2.41077896853111 0.0269293167950864
2.4234531099437766 0.026003617436553564
2.4358311952097247 0.025815938650073117
2.4484709440435894 0.024942895931808175
2.461284805393458 0.02441889865479068
2.4737948804239758 0.023513280777487145
2.486110768659135 0.02344292714231241
2.4987555116598115 0.02279104416657004
2.511584783245334 0.02208163435278738
2.5240933241388923 0.02159475208048724
2.5365627011107557 0.022156046831946944
2.549307751622649 0.021233905294022973
2.561978439831312 0.021627618246645077
2.5742127557983423 0.02112514787253799
2.5867319401348854 0.020663489333543197
2.599886904080178 0.019808715284781665
2.6126019917307124 0.019508067810643133
2.6241685674096185 0.01981144068201865
2.636617431092512 0.01950902366701781
2.6502878476251612 0.02004343933180786
2.663341593133422 0.018826485427954218
2.6741769121319674 0.01907864898247318
2.68654926071374 0.019753041727631575
2.7007770451010416 0.019082805457209747
2.714588441641017 0.01990893483243934
2.7248746414473426 0.021026026034263456
2.736437828453113 0.019400698140279553
2.7506817507001906 0.01942214201132383
2.7647976990558067 0.02009518563956873
2.776632163410769 0.02247101949270425
2.7856940556078014 0.020510772313389616
