17.799282449393907 8.26042643890028e-09
30.158244330131154 2.4409013339616414e-09
42.89580372913673 1.500269321441861e-09
55.67321552978553 1.3632055223225348e-09
68.70199571606821 1.0586991052072258e-09
80.9577352285149 9.143224710276914e-10
93.5343336715136 8.916522411954618e-10
106.16450203531903 1.0217449545031547e-09
118.9072488188118 9.29426103398738e-10
131.52449629177582 9.368450602957153e-10
143.9326581339747 8.989122514322663e-10
156.55721831376695 8.820009408394543e-10
169.40797891669078 9.197517428860039e-10
181.9370924105474 9.469588866871392e-10
194.41579553660424 9.613664084831475e-10
206.95260779187328 9.494866140393409e-10
219.51528885091182 9.134893162147812e-10
232.10861695601864 9.283320011438034e-10
244.73393330749704 9.313647584389519e-10
257.3634526180588 9.349126600121931e-10
269.90016033281614 9.249942014195318e-10
282.3899117684295 9.017162677098106e-10
295.02671514949367 9.321339283796054e-10
307.57301485045366 9.055530802286245e-10
320.13150881022204 9.200060426840635e-10
332.79823373741607 8.774818610865225e-10
345.4391291552885 9.083873841579669e-10
357.9530426754169 9.02884704617289e-10
370.4707381295704 9.240354187860912e-10
382.9613574682314 9.38343121048434e-10
395.5779737303071 9.124852266489875e-10
408.18754708954486 9.005529707855423e-10
420.78786052196915 9.092788221341276e-10
433.3819419644603 8.974156186794423e-10
445.9400562432304 8.94141564859078e-10
458.52400541726837 9.018820679933065e-10
471.0283016733625 8.956398741460494e-10
483.5821167635718 8.97003462853081e-10
496.17130788792383 8.845290273623454e-10
508.6984513745909 8.951521198095114e-10
521.266850376961 9.016500741979465e-10
533.8514741793921 9.06724116057862e-10
546.4846686282311 8.865456565733073e-10
559.1059360168832 8.849415609020468e-10
571.6732584628986 8.648176797435998e-10
584.1752542788623 8.864856688732759e-10
596.6899688879645 8.964764341260611e-10
609.2765278814395 8.809130976134427e-10
621.8558254006394 8.782413353645325e-10
634.4336343236796 8.773906854491327e-10
647.0375135888845 8.652585256120251e-10
659.6336435100791 8.708321906602349e-10
672.2352858914313 8.696014745397071e-10
684.7400751418547 8.583579005107745e-10
697.2956385332539 8.645516513360335e-10
709.8823228822636 8.567500365860858e-10
722.383387084208 8.639241868941589e-10
734.9534179127145 8.496352338056961e-10
747.5295590555182 8.508469750558771e-10
760.1308062950264 8.472762323840415e-10
772.7079722519646 8.443877646002082e-10
785.22803627289 8.465752689264519e-10
797.8529000643869 8.422910425678954e-10
810.4146489153657 8.388432633441919e-10
822.9832955140954 8.340763297148693e-10
835.5628544232982 8.279762907068974e-10
848.0801297450262 8.36794843264641e-10
860.6851380540385 8.285775997107306e-10
873.2717120511252 8.213302352096502e-10
885.7992366441526 8.238015843573681e-10
898.3268837059719 8.182264332178032e-10
910.8828292509464 8.202556518179482e-10
923.5268940602116 8.087062277415312e-10
936.128848404742 8.143735163329779e-10
948.6970485528731 8.113091920475029e-10
961.27122736308 8.051335970108953e-10
973.8038516777394 8.013457204535108e-10
986.3394199199912 7.978030288099028e-10
998.9013494289071 7.898097227939496e-10
1011.4318102670842 7.936618094908026e-10
1023.984799253619 7.818736204195883e-10
1036.6252195536813 7.853664122550132e-10
1049.2179276058198 7.81370362348285e-10
1061.7514616966673 7.747424709083421e-10
1074.3147055893453 7.775112173009853e-10
1086.9159127567582 7.643762281455756e-10
1099.4861304784436 7.742350005450063e-10
1111.9874855003557 7.705541340684568e-10
1124.5709353219315 7.617251680636026e-10
1137.2023074454532 7.546581209410141e-10
1149.7609178844157 7.621976911243917e-10
1162.310042068112 7.474438996274692e-10
1174.8788993321937 7.469888860892864e-10
1187.4352440593798 7.460290384515972e-10
1199.9943909587364 7.400405329284316e-10
1212.5358230248555 7.403463802370069e-10
1225.0939152889068 7.367564191712811e-10
1237.695546608303 7.279568168871138e-10
1250.2621134875799 7.251352187920632e-10
1262.8054900766422 7.219458599074248e-10
1275.400712546411 7.190948041587841e-10
1287.9715566629113 7.165561664060063e-10
1300.5370834332223 7.164830119411061e-10
1313.1172235398076 7.042580439008241e-10
1325.6738564718507 7.062972028433616e-10
1338.2370889924387 6.985849234914581e-10
1350.8140397151212 6.947951309296947e-10
1363.367102918641 6.944246742649458e-10
1375.9185067723397 6.901965963151045e-10
1388.4688634079062 6.860355361652859e-10
1401.0350804869474 6.810533896249009e-10
1413.6249913217434 6.791063283587852e-10
1426.2038019349843 6.777744475971835e-10
1438.7836502342852 6.678331760501192e-10
1451.3667615196225 6.68645418264142e-10
1463.93053654187 6.601792564149783e-10
1476.5015980969845 6.560068979138067e-10
1489.0531684231876 6.549842009464808e-10
1501.5742203885422 6.531318433640099e-10
1514.1516930632092 6.45936133549132e-10
1526.7282467201912 6.468247259043113e-10
1539.2925919724535 6.414010866402507e-10
1551.8789730350827 6.349393799623056e-10
1564.4658283979172 6.319976526735355e-10
1577.062987304048 6.27671214429913e-10
1589.5793133959044 6.265055535203605e-10
1602.098219318471 6.205487530333166e-10
1614.6728123454723 6.158272347691353e-10
1627.245897674773 6.149833704678871e-10
1639.830599792207 6.092543710986431e-10
1652.3905272785578 6.041127537389865e-10
1664.979414016081 5.995327851848292e-10
1677.5918618421556 5.989140263664865e-10
1690.126927940609 5.933050048448598e-10
1702.6565735125293 5.893052426402033e-10
1715.239652780402 5.900468420695023e-10
1727.811695412483 5.830116464067691e-10
1740.3677490975194 5.780181990961919e-10
1752.9282192150536 5.717074559246254e-10
1765.500774679947 5.722278679592995e-10
1778.0665536787737 5.672716377507252e-10
1790.6168494226254 5.605993137847553e-10
1803.191304333419 5.572407644923728e-10
1815.7666656189658 5.530029152969202e-10
1828.3488212639727 5.528866435493053e-10
1840.9261635435228 5.463600084952917e-10
1853.4868830529422 5.402281811056552e-10
1866.0648394709856 5.384132342405455e-10
1878.6531571147755 5.357683961912301e-10
1891.1949620796393 5.305999948084485e-10
1903.7320037090342 5.265759871005433e-10
1916.2826511063677 5.210001757133748e-10
1928.8701890218213 5.190243867813563e-10
1941.4711267136497 5.148410092262021e-10
1954.0161536900057 5.122844430223403e-10
1966.5646650726826 5.076278091821396e-10
1979.1139383933348 5.065291727165525e-10
1991.6912603842213 4.994344274029094e-10
2004.2724214876746 4.978252929069787e-10
2016.8096506702707 4.953629753970587e-10
2029.388299672487 4.88615599380348e-10
2041.9851108745945 4.871314465996066e-10
2054.5479608747887 4.81465557930707e-10
2067.1183637920344 4.788590778896491e-10
2079.69511478519 4.73958053083912e-10
2092.25394988661 4.699230532084908e-10
2104.806873622057 4.692473020272105e-10
2117.3614093032174 4.625105028645701e-10
2129.928666131578 4.6019277890527895e-10
2142.5135548816706 4.5552325965273127e-10
2155.088097602156 4.5307870128973226e-10
2167.649640376087 4.488606221397208e-10
2180.216047885633 4.4488993308573394e-10
2192.779331913286 4.4079446916128585e-10
2205.362264117683 4.3941530615852517e-10
2217.92609518976 4.3778011175749187e-10
2230.4508569275185 4.3081702858244603e-10
2243.0042552295354 4.2653665159356296e-10
2255.585147649584 4.2478330050958836e-10
2268.179105336766 4.1957692321887967e-10
2280.7280993008117 4.161984734982187e-10
2293.278360641959 4.1390252085300115e-10
2305.8848259833 4.1123954173193716e-10
2318.4578135021575 4.0802600999198425e-10
2331.017443774536 4.037310315165649e-10
2343.5861525124205 3.9820333459310143e-10
2356.174872739318 3.956686033824199e-10
2368.7353085030536 3.9268311991993747e-10
2381.2692845985334 3.896069796586019e-10
2393.8244176688013 3.8584112082140897e-10
2406.4031547082923 3.836426638029508e-10
2418.9736888834113 3.8006159588292147e-10
2431.52780414962 3.761862491054345e-10
2444.0995103422933 3.7291269375263487e-10
2456.681233242974 3.70448292308979e-10
2469.2659731538656 3.663214398537639e-10
2481.804494353713 3.6392342615180695e-10
2494.349678289375 3.6130742317703276e-10
2506.9309198668843 3.579670595532941e-10
2519.499903784357 3.5640180385789183e-10
2532.064286254508 3.535595855478225e-10
2544.6325769440127 3.487068440881727e-10
2557.208310117243 3.459076477470039e-10
2569.7731778671878 3.4120836781101683e-10
2582.350840133166 3.4113869382923136e-10
2594.9314527475444 3.3659024859862674e-10
2607.4836540238884 3.3490005666501023e-10
2620.0346458455233 3.3160832142599756e-10
2632.6028953257733 3.2846447707336367e-10
2645.173520726606 3.2447076306754237e-10
2657.730984905749 3.23272685859246e-10
2670.289609909111 3.205316821400248e-10
2682.8810325445497 3.1737635947626135e-10
2695.4617368341887 3.1443372480036546e-10
2708.003179989755 3.1223844102550753e-10
2720.565218595557 3.0998097779568115e-10
2733.1313729151952 3.0618592909175607e-10
2745.702996964865 3.0476246395744473e-10
2758.2707458588034 3.0263580057643715e-10
2770.8191342981145 2.9843424013495606e-10
2783.3972824385987 2.9682468058326e-10
2795.9689028789417 2.92833637824595e-10
2808.5357668183638 2.9107089867411223e-10
2821.1095589697384 2.8831165875665284e-10
2833.6756670949308 2.874199457243331e-10
2846.236354374274 2.8460449773372464e-10
2858.79560232848 2.8188908166462135e-10
2871.373843645574 2.797221900141009e-10
2883.954243538599 2.7633247200646405e-10
2896.5073357066644 2.7482915721398575e-10
2909.064697944345 2.730648236992641e-10
2921.6386383037598 2.709595137700793e-10
2934.2207288040527 2.6856689477601976e-10
2946.785817897924 2.661070151700118e-10
2959.3399304871978 2.637484908246735e-10
2971.912289205687 2.6129622799050147e-10
2984.46722152623 2.589033017256431e-10
2997.00494075996 2.580675203977708e-10
3009.571504102365 2.5572076112602887e-10
3022.151983789152 2.5423488035194057e-10
3034.723269970324 2.5165261786951903e-10
3047.297141938261 2.4939791774811227e-10
3059.876071431784 2.4813014998997643e-10
3072.460353827784 2.4574536705186544e-10
3085.0214375587766 2.4395421115273006e-10
3097.56792616596 2.41755803644717e-10
3110.1461395593024 2.408998835736089e-10
3122.7146498544676 2.3848489208313744e-10
3135.258242106282 2.3679579698455925e-10
3147.827394808765 2.352004539908194e-10
3160.407090461748 2.346511699470324e-10
3172.9707868690757 2.3244219029436348e-10
3185.520028526011 2.3023561816513375e-10
3198.0928727893415 2.2861118353543227e-10
3210.684273274958 2.2735787596767858e-10
3223.239536727099 2.2514877244141034e-10
3235.794336704776 2.2263689325398328e-10
3248.365417080094 2.1934803512895126e-10
3260.9281598919256 2.174141468191689e-10
3273.4964936633673 2.1526439841661058e-10
3286.0602765369263 2.1239808943805543e-10
3298.616161266458 2.0975622100554572e-10
3311.184497268825 2.0802965831180635e-10
3323.7565519663412 2.062247594003747e-10
3336.336479870555 2.0342402481689902e-10
3348.8991222089053 2.0121468621605898e-10
3361.442771262142 1.9921884685695646e-10
3374.0243084776243 1.9635831234230237e-10
3386.614961597868 1.9392357962404604e-10
3399.16128606973 1.9242238331790803e-10
3411.723586887969 1.898735542596842e-10
3424.3034483758647 1.877201281155771e-10
3436.8707723403413 1.853287615318681e-10
3449.4368938720895 1.8320403271212785e-10
3461.9898368720965 1.8128143329953511e-10
3474.572720638132 1.7953892962495473e-10
3487.1326051509195 1.774625577220963e-10
3499.6720155540056 1.7511310849677367e-10
3512.2465573827917 1.7282541994328693e-10
3524.8212321125134 1.7059164164726018e-10
3537.387157918102 1.6911564181669012e-10
3549.9534967742106 1.6720540517888025e-10
3562.5272432128218 1.6524375165283412e-10
3575.0914952116 1.6392089737604306e-10
3587.654584597485 1.6099951248377582e-10
3600.2154434833064 1.5959135094868626e-10
3612.781827813574 1.5769386482994325e-10
3625.349028548668 1.5579933059030329e-10
3637.907270470111 1.5437672146690732e-10
3650.477005817321 1.5277388875276409e-10
3663.04737240162 1.5063592321226118e-10
3675.6208179613163 1.4915565364374798e-10
3688.192852242157 1.470853955722492e-10
3700.7538430059562 1.4607485598292713e-10
3713.3214918772564 1.43840441212648e-10
3725.88719617525 1.4269191697397893e-10
3738.4440983479285 1.409734968343256e-10
3751.0156271459587 1.3910434463645837e-10
3763.58999013167 1.3705593824934016e-10
3776.155626274999 1.3611274455294459e-10
3788.70489003149 1.3411893276821024e-10
3801.275937702054 1.326225429790439e-10
3813.8566744571744 1.3145889379554696e-10
3826.404431717055 1.2992057886356915e-10
3838.9644689081924 1.2875781194740636e-10
3851.5402114943618 1.2728120057464407e-10
3864.1298207037257 1.259809011290861e-10
3876.681423024082 1.2428694893234638e-10
3889.2165722518703 1.227496586105936e-10
3901.7937228048927 1.2161454019120928e-10
3914.376239464566 1.205760436208384e-10
3926.950184147634 1.1888778753797466e-10
3939.510656203867 1.176176407978529e-10
3952.082754993091 1.1607734879822713e-10
3964.66520672985 1.1505611469138354e-10
3977.223438611204 1.1379882566999754e-10
3989.775857376849 1.1259834281588157e-10
4002.346082688934 1.1150814280023496e-10
4014.9052449751166 1.101769112295269e-10
4027.454437240128 1.0907731154429971e-10
4040.0221607705066 1.0754824967695666e-10
4052.608105661614 1.0663116462181775e-10
4065.1747165545376 1.0562500121693131e-10
4077.7220075380287 1.0462794727358655e-10
4090.2897990210035 1.0320085572598221e-10
4102.873672523345 1.0223558705506563e-10
4115.447644068685 1.0069383939054308e-10
4128.008926808098 1.0026462825140124e-10
4140.585568421012 9.900195270571172e-11
4153.1694370518835 9.798787511125883e-11
4165.708486135632 9.680877377412926e-11
4178.245182757474 9.581546206790927e-11
4190.834603556789 9.49211898426693e-11
4203.40608927648 9.433745679174267e-11
4215.94546673201 9.323387247672464e-11
4228.511593513913 9.189185266521401e-11
4241.075779699394 9.115725389690355e-11
4253.641501584355 8.991765455204346e-11
4266.2134040829205 8.929034119539174e-11
4278.800238462189 8.811996593513607e-11
4291.378797171946 8.761203107149075e-11
4303.915793648459 8.633522113651137e-11
4316.4806669387035 8.581108140380216e-11
4329.060961840782 8.48814454469821e-11
4341.6343365752655 8.408531680624435e-11
4354.198259860986 8.28142427209612e-11
4366.7534805332525 8.204407451498352e-11
4379.309052921206 8.138932740742433e-11
4391.876283675789 7.989946502956199e-11
4404.434457339895 7.953034960982009e-11
4416.997001697697 7.862500138833149e-11
4429.587449292495 7.725044155177275e-11
4442.151636687611 7.685790982498504e-11
4454.676243985357 7.569844050289482e-11
4467.255845270074 7.505856934081888e-11
4479.8575794065855 7.378800943354756e-11
4492.40168445441 7.275201167457217e-11
4504.962144407178 7.140513899971622e-11
4517.519866020664 7.017385065603401e-11
4530.0755333545785 6.964878424056164e-11
4542.6078228888755 6.861662170133417e-11
4555.1794564400525 6.742966108314318e-11
4567.796610844846 6.641637069557814e-11
4580.340024503758 6.519733005312298e-11
4592.907148036285 6.488188423125707e-11
4605.507457041533 6.340692305828185e-11
4618.066519715286 6.254862543952033e-11
4630.61348098353 6.146971157175663e-11
4643.169806111598 6.085127264301905e-11
4655.7516975966855 6.008528017105795e-11
4668.310875988915 5.9283629554442e-11
4680.838737422433 5.86367704897321e-11
4693.4142013659475 5.7556333766638096e-11
4706.006583198429 5.6812488638030324e-11
4718.579788898697 5.616173492869192e-11
4731.107753982311 5.5606242647344514e-11
4743.651571426617 5.471001280065453e-11
4756.281806400868 5.356964742258692e-11
4768.856185173669 5.3634884865600575e-11
4781.385164866601 5.253113769546328e-11
4793.976276771281 5.142284045345709e-11
4806.607096854939 5.142011405285714e-11
4819.146147308174 5.0652602445291716e-11
4831.661602769959 5.027579843855109e-11
4844.287713525817 4.908448380043665e-11
4856.860115107401 4.879719074866366e-11
4869.355537556235 4.8565614323245434e-11
4881.940425155442 4.8308677702703874e-11
4894.597962536946 4.745090563031262e-11
4907.1382369119165 4.688816090326416e-11
4919.600076288735 4.6548043644363304e-11
4932.2184698095 4.585402859633249e-11
4944.828614579259 4.599324502298649e-11
4957.327103379369 4.5133869077473466e-11
4969.86863255852 4.4306618444869055e-11
4982.485662226757 4.431411265185634e-11
4995.110752516737 4.3663312825416055e-11
5007.607580415342 4.3210185393949893e-11
5020.10090672177 4.310781613885591e-11
5032.776306714229 4.25218778896223e-11
5045.393898578722 4.168810777882975e-11
5057.824235954894 4.174289612945309e-11
5070.389901954609 4.1330412797142615e-11
5083.106030184285 4.1044080213569553e-11
5095.667197680151 4.036252518715667e-11
5108.05545246385 4.03725701463181e-11
5120.671439914531 3.994516898484328e-11
5133.447634936114 3.93247036631126e-11
5145.895026810736 3.9508452948850085e-11
5158.2250506128275 3.839460533791708e-11
5170.95099224376 3.881410631364492e-11
5183.700390094105 3.913558432479136e-11
5196.118642963537 3.8126124210051124e-11
5208.594319785777 3.829076239334214e-11
5221.348995023267 3.7638074864215607e-11
5233.86566836642 3.7474969857628065e-11
5246.017090039119 3.758152297853364e-11
5258.795061897151 3.686678989827963e-11
5271.8211514158575 3.6877820562495626e-11
5284.059572485596 3.7152274001746466e-11
5296.079024382072 3.563564948081896e-11
5309.081924588613 3.7028823379590856e-11
5322.3605651521175 3.65387590789664e-11
5334.390294917684 3.525796144389548e-11
5346.181802010518 3.610526992130885e-11
5359.463528890978 3.49246359247806e-11
5372.933862046457 3.6757850978277414e-11
5384.396712939678 3.562227023057226e-11
5395.929354426921 3.5868968469816396e-11
5409.783878738565 3.5657813937799276e-11
5423.640526297936 3.557725701897867e-11
5434.195806773826 3.7402583743687476e-11
5445.572893198795 3.458704597219574e-11
5459.895693738757 3.346317791476451e-11
5474.13057561097 3.387358523727734e-11
5484.976407817414 3.622847666746873e-11
5495.746636743918 3.3481646826287365e-11
5510.086276689804 3.609737145227479e-11
5524.398688742833 3.471558211400215e-11
5535.78557637482 3.439517432971673e-11
5545.66396493654 4.33789743071774e-11
5559.311623442359 3.1200753514821834e-11
5571.991646927517 3.54910981856184e-11
