0.017832091871975098 8400.600609866236
0.030213835030787055 6522.132650089347
0.04297487357678427 4478.87096585542
0.055775837984368394 4179.575481948528
0.06882863412500567 3872.8710616046533
0.08110696464570522 2596.3657470904827
0.09370674553631791 2322.1452444551546
0.10636019509318817 1683.6538311899458
0.11912643058557994 1703.0963177122344
0.1317669354345269 1426.4010289753385
0.14419796924510395 1298.8105906313174
0.15684580028039374 1062.1989701329423
0.16972024869412175 972.6490932148454
0.18227245710657164 894.6450417283238
0.19477416222977598 905.2065214462142
0.2073340835947675 711.5195955509182
0.21991992144750208 678.7690137798332
0.23253646283801402 607.224099456099
0.2451850514388415 572.1200448094776
0.257837850746068 514.986223369396
0.27039766737784826 477.0307359919595
0.28291044117596137 452.38316838653003
0.29557053798041966 406.768031216579
0.30813996427931356 399.72382800069414
0.3207216073146967 364.35300824394466
0.3334116808196796 346.05814147577564
0.3460758772037988 331.09090558789
0.35861285762440437 314.60684816873686
0.3711536269502752 299.1096497826435
0.383667270251242 280.50669761373945
0.3963071427257893 263.7278943296561
0.4089399593153139 253.90874397457273
0.42156349890919925 238.0026037901716
0.43418079502572254 228.7575315331328
0.4467620576802413 217.02906184641094
0.45936920285149796 203.26448525580153
0.47189654828056365 196.65658931453922
0.4844735038218261 191.16526687280563
0.4970859006058854 178.52379208457086
0.5096361353798309 173.56898830867385
0.5222277017157837 166.36748509651247
0.5348355227589763 156.76550817159037
0.5474920039788636 154.63091711718928
0.5601365361534103 146.80983327774786
0.5727270239485918 142.4845386172316
0.5852520646971251 136.7498514968153
0.5977898476833521 129.2595047872194
0.6103996074847267 126.6665147263866
0.6230020924267486 120.11913956561376
0.6356030860286811 117.12940855181024
0.6482301980282477 112.10301602403075
0.6608495463994357 108.73591584869645
0.6734744173919008 103.63461415504293
0.6860022567240325 101.19079555930662
0.6985809637891289 97.22793920894208
0.7111908491771061 93.49563033837707
0.7237149565943758 90.83357196691834
0.7363081577644106 87.66609002975181
0.7489074805118867 84.55907936881609
0.7615319556341429 81.6193638958834
0.7741323050847937 78.29984274418462
0.7866754473434162 76.25814469707913
0.7993235825500582 74.02285436031744
0.8119084864763937 70.99293112044042
0.8245003008651005 68.44796919019166
0.8371030476789456 67.1563051271257
0.8496433960979607 64.55664653624012
0.8622716392225014 61.86904858485211
0.8748814140551439 60.007625124581445
0.8874320306379434 58.166092726198556
0.8999827699152813 56.53150431232059
0.9125618598383769 54.39926231687866
0.9252292314560289 53.057986216028546
0.9378544149867141 51.448798882694675
0.9504457821018798 49.08023248564524
0.9630431388995908 47.92762762925435
0.9755988646043405 46.48362099466481
0.9881575396632252 44.74337025835054
1.0007426245805047 43.79300101465006
1.0132961828208351 42.27685963448963
1.025872310735666 40.57799141098247
1.0385360311261902 39.37842792296945
1.05115195132079 38.12288285452857
1.0637085884787185 36.85702537326238
1.076294990202564 35.61188596556415
1.0889194251788599 34.72236970202635
1.1015128135865737 33.53780963381172
1.1140372123598796 32.34468501858863
1.1266438572582176 31.496609493947357
1.1392985127936948 30.44084915298684
1.1518802725229784 29.396429063735617
1.1644525285109781 28.681999045338024
1.1770445539533565 27.757141410889826
1.1896240437944765 26.954350381425414
1.2022063409730115 25.623519925149527
1.2147708906645518 25.113658491282248
1.227352131263772 24.24626740524177
1.2399769911738905 23.629602049061436
1.252566722009597 22.778224312430133
1.2651332198084204 22.025474921619146
1.2777516590554772 21.462973818488326
1.2903456750126399 20.614713609830595
1.3029343638221476 20.11845212781172
1.3155376929046962 19.57336371828209
1.328117471481921 18.910818807261947
1.3407038618127145 18.344442391252024
1.3533039956323683 17.705600181927547
1.365880197900988 17.270057572954965
1.378454737761107 16.739165366720613
1.3910282284727562 16.00444235850774
1.4036176088634402 15.611438585913625
1.416230726684586 15.306054585462322
1.4288327238231349 14.821245420032934
1.441435760560511 14.394638512837572
1.4540420662985865 13.93368492805139
1.4666290001310327 13.527526522087623
1.4792232339276141 13.205750132072929
1.491797940567096 12.825490085888289
1.5043420725912264 12.448924956908288
1.5169427293249786 12.05296378262173
1.5295424653470209 11.862934104664888
1.5421299704605869 11.50359046568731
1.5547395520031357 11.104185028302195
1.5673496087201677 10.922918549418453
1.5799699879730202 10.615615796783501
1.592509385412448 10.365297593051949
1.6050513674379887 10.081444600130549
1.6176486600174511 9.822602497625912
1.6302445001949697 9.481764069586491
1.6428527694112267 9.153587562061466
1.6554322216394666 8.833845875614822
1.668044025585918 8.52915811993457
1.6806789206890518 8.178348568795059
1.6932331315939075 7.893207630336956
1.7057845975195445 7.644227411564817
1.7183896309732565 7.385518268219966
1.7309874185440843 7.137731309466558
1.743562344893772 6.8825548935290985
1.7561426634640545 6.611440691553689
1.7687458921757968 6.41309942667312
1.7813334782050376 6.202133295750489
1.7938985526958424 5.991381629893161
1.806498080681979 5.767336557325427
1.8190945363690587 5.5556762118423535
1.831693539710295 5.405583758702726
1.8442938066535493 5.188406667733064
1.856887679193595 5.033917666458183
1.8694996979258114 4.833131373473725
1.8820874678435415 4.680954696084523
1.8946480071290952 4.519851235432646
1.9072244238241343 4.391024274689284
1.9197955083167146 4.25128698093767
1.932407719039263 4.10511044548519
1.9450267994293668 3.9759680143389655
1.9575901294987033 3.84202285533101
1.970167723362546 3.730940495523592
1.9827403283412894 3.575366096214498
1.9953314743596586 3.4697549936285093
2.0079478346643818 3.415762918406356
2.0205022754362756 3.2583429020305354
2.033091375229664 3.176212583383521
2.045722350451927 3.0837177622730056
2.058276346288373 2.9893097683109415
2.0708699090952534 2.897047051300117
2.08351994991158 2.819836940286009
2.0960971256414136 2.717386385971479
2.108627206088846 2.65914624204042
2.1211870915125566 2.5602262644931066
2.1338231323869725 2.501386356044959
2.146410287377132 2.430119610514782
2.158963563085571 2.3502108520515046
2.1715722325463167 2.281842440187987
2.184206232503587 2.2088672904409967
2.196758254187653 2.181025495574758
2.2093298486834207 2.091477218281921
2.221925909239817 2.0386011022609662
2.234489591332657 1.9838546689143144
2.2470405345948943 1.8939803207227242
2.2596241003144484 1.8145470401772594
2.2722295314965963 1.741652481689437
2.284834822222936 1.675137558522772
2.297400038678005 1.5926685696712146
2.309967779970989 1.5293274535179506
2.322578483572145 1.4913759737349277
2.3351595212304264 1.4308453062618722
2.34769356499001 1.386657797722361
2.3603433164871688 1.336634415337437
2.3730332994737764 1.2934988020228166
2.385567863558988 1.259464721160199
2.3980601433668696 1.1849418197590842
2.4107789685311154 1.16327618421776
2.4234531099437824 1.1267247631309913
2.4358311952097305 1.1024126030465418
2.448470944043595 1.0485180305797732
2.461284805393464 1.0465296352006557
2.4737948804239815 1.0015401131698145
2.486110768659141 0.9821183242255107
2.4987555116598177 0.9665222220611716
2.5115847832453397 0.923171821037253
2.524093324138898 0.9152123972930164
2.5365627011107614 0.8641622921609594
2.5493077516226554 0.8303809805677854
2.561978439831318 0.8580982016843681
2.574212755798348 0.8403095087027634
2.586731940134891 0.7921550917159456
2.5998869040801837 0.7717265425920778
2.6126019917307186 0.7555553385673522
2.6241685674096247 0.7579079727922955
2.6366174310925183 0.7186667252317487
2.6502878476251674 0.7003930054766098
2.663341593133428 0.7000456023907589
2.6741769121319736 0.7342813848904691
2.686549260713746 0.6772381892079162
2.7007770451010478 0.6922388211413153
2.7145884416410233 0.6300595586532087
2.724874641447349 0.7520578489356285
2.736437828453119 0.7205360841903242
2.750681750700197 0.6608941797924137
2.764797699055813 0.6407309355999012
2.776632163410776 0.5356278443048823
2.785694055607808 0.37335712622238304
