0.008899634247768882 53.81010289177642
0.015079110343695697 27.623073362619408
0.02144788505035476 13.95608764414725
0.02783658594221416 8.337382883060453
0.03435097092835962 7.94992062614643
0.04047883588060206 9.22782729732773
0.04676713017235083 7.707862859002521
0.053082209403504756 7.1314031779724445
0.05945357780037407 7.032466849660927
0.065762196591172 7.132842949777417
0.07196627264854433 7.258065626942877
0.07827854778988992 7.719573116953437
0.08470392305413574 7.418124672716078
0.09096847488992653 7.025869112358268
0.0972078215615772 7.509094192193287
0.10347622277505647 7.204971192194705
0.10975755838028048 7.435897485124297
0.11605421749652567 7.210171225816832
0.12236687072341795 7.652269394224244
0.12868162542820444 7.5077356144901
0.13494997437146883 7.374172863753755
0.14119484519356706 7.4362738996735
0.14751324193074958 7.4284069834674735
0.15378638686335547 7.508484061318012
0.16006562892058565 7.460336297060284
0.1663989864191045 7.510776607570154
0.17271942917308714 7.54005159868095
0.17897638102797186 7.498576288317204
0.18523522384838675 7.540432623043792
0.19148052862166862 7.665758864981095
0.19778883180726978 7.400419222688237
0.20409361354421265 7.542128037672383
0.2103937653213785 7.536573737357859
0.21669080110602054 7.372129815677194
0.2229698533229004 7.47197445055459
0.2292618229772875 7.39577869436373
0.23551396620392484 7.512846290635834
0.24179086882820952 7.356400478074746
0.24808545945569893 7.554061842725015
0.2543490262886671 7.45589930698252
0.26063322086331564 7.532921414247739
0.26692552783163487 7.436886775656763
0.2732421201041194 7.415281806953652
0.27955274885118564 7.464967833274877
0.2858364051480788 7.462618481471795
0.2920873981555526 7.580077916075644
0.2983447505546103 7.561074395063357
0.3046380251176929 7.467552761717991
0.3109276689464843 7.4573647852279565
0.31721656847777935 7.400612469418643
0.3235185031699378 7.45945825572404
0.3298165631931286 7.461410834621105
0.3361173794442374 7.466834894613453
0.3423697691678462 7.498701728477956
0.3486475459420405 7.457326641806416
0.3549408831828413 7.512214287531462
0.36119141038367075 7.429627755509833
0.3674764208707478 7.480111659230802
0.3737644865125783 7.387184412098918
0.3800651051929201 7.386005176315682
0.38635368324141617 7.382820268214928
0.3926137103442885 7.4088879557540555
0.39892613729136744 7.486532393692322
0.40520700679292704 7.524267515036967
0.41149132516565823 7.478318007774887
0.4177810996893486 7.468068484963978
0.4240397324437154 7.455111728039142
0.43034223165733493 7.426000141190882
0.43663551372221754 7.41965503199318
0.4428992711082166 7.532105040028804
0.4491630897285635 7.457764900662382
0.45544105757939574 7.473499360237319
0.4617630850278324 7.431571633701765
0.4680640572604081 7.432306692974994
0.47434815240801503 7.488563078487133
0.4806352368843163 7.426395249806689
0.4869015441291324 7.402010865236534
0.49316932333659064 7.466349545247778
0.4994502831670479 7.415975859414369
0.5057155086744708 7.419911487436111
0.5119919982472421 7.449082703956737
0.5183122034425058 7.456995119885593
0.5246085525325099 7.457041959090135
0.5308753146650634 7.441533010526138
0.5371569316868865 7.431920959490966
0.5434575303311964 7.423262821624845
0.5497426342647895 7.419883127622516
0.5559933068754888 7.429430444155861
0.5622850268538405 7.457757985181663
0.5686007079643808 7.468350391792794
0.5748800082611624 7.450108935185058
0.5811545654340292 7.461335280923175
0.5874389891393539 7.456399551664873
0.5937171565811354 7.44414970517631
0.5999967251079038 7.498267143947685
0.6062674362249971 7.4546120774739375
0.6125464774345263 7.426928486032609
0.6188472881546615 7.4041016417779195
0.6251305666684814 7.4999067350396595
0.6314022500462844 7.473581006615445
0.637699856344118 7.465328380311491
0.6439852734748731 7.49486587042118
0.6502680319346179 7.465767251609115
0.6565580970567717 7.50859744600504
0.6628364086008688 7.436188536967327
0.6691180199366513 7.464408424014861
0.675406490368104 7.483039349319245
0.6816830170493385 7.511662440318532
0.687958714056313 7.4533063678190965
0.694233887454632 7.4416208691328425
0.7005169910684714 7.493919342077305
0.7068119415509005 7.43686428301578
0.7131013419269033 7.534953855585376
0.7193912611455294 7.484378021463041
0.7256828118558946 7.4947389093093175
0.7319646944422942 7.489003566151354
0.7382502202922713 7.443975829951481
0.7445260005354326 7.505012460528239
0.7507865216101325 7.486268135861312
0.7570752530173727 7.464639501659557
0.7633635249161308 7.493861026786618
0.7696456926173142 7.489407490374688
0.7759388782150437 7.50171754280147
0.7822323009626899 7.479182099060816
0.7885308754779455 7.538288895961637
0.7947890336177486 7.504696200850597
0.8010484816718955 7.5417151359337025
0.8073357732564317 7.50567640406357
0.8136223109927085 7.509292010954844
0.8199146571184985 7.497605374167214
0.826194615938458 7.5413840073666965
0.8324890543726523 7.538021126561207
0.8387952733418869 7.500971552268382
0.8450628014776427 7.506645274428028
0.8513276193522569 7.519964597041456
0.8576191540539022 7.506681105923809
0.8639051704419779 7.537429505054638
0.8701831923627987 7.527154170815226
0.8764634224981371 7.527874679774843
0.8827496953024181 7.535543135707097
0.8890325798763219 7.56194997480232
0.8953077228288072 7.528924042308652
0.9015949453552936 7.558039479267438
0.9078826210688014 7.538300255057727
0.914173693959376 7.565725045804442
0.920462360169109 7.517021770240459
0.9267427150002923 7.539503547303838
0.933031688279031 7.564726029548132
0.9393258421665819 7.573112051124865
0.9455967397329015 7.55853969113634
0.9518652556333538 7.605673002993248
0.958140574412442 7.585039853409746
0.9644343384361304 7.60241599701894
0.9707348023427536 7.590435523624637
0.9770073109135563 7.598162391304557
0.9832815616861537 7.61181894490398
0.9895561934274401 7.624677530722052
0.9958448494928491 7.612066264817309
1.0021354251130368 7.614572988822318
1.008404034790016 7.591559287082183
1.0146933543605698 7.6380111790649305
1.0209917550239502 7.629603325673149
1.0272731750996857 7.648897489194485
1.0335583716309866 7.639718735072779
1.039846742197754 7.666893384216645
1.0461261548256764 7.66047385093355
1.0524026117729293 7.675967684919603
1.0586798746924069 7.6644485655152454
1.0649634981804985 7.7046290065653835
1.0712559376225446 7.713425902602127
1.0775432040538424 7.710631102727811
1.0838239705169588 7.684414547818481
1.090107169345976 7.698426732723102
1.096388806435271 7.71635376089117
1.102680267605236 7.7054857018345535
1.1089621782165284 7.735478939248828
1.115224554175976 7.755064246386371
1.121501248406328 7.78776953722992
1.1277916896849185 7.79239669556931
1.1340886635919545 7.802730852084638
1.140363155655047 7.787687808675208
1.1466382814061937 7.791706079718828
1.1529415091354065 7.811849188308194
1.1592279979665001 7.809257656151003
1.16550780817959 7.830795862379809
1.1717921576218742 7.837548646463475
1.1780865128008209 7.8668977184887545
1.1843667257592736 7.882709388214795
1.1906337088939698 7.865205275509384
1.1969112705077674 7.888910390964538
1.203200634096924 7.923075238664945
1.20948589625711 7.9242043808295675
1.2157629489692765 7.951814652505524
1.2220487971377805 7.936647883392461
1.2283396536563616 7.941493828029305
1.2346320186788655 7.973475859779927
1.2409012743639638 8.028270448503104
1.2471738614143582 7.985365501870974
1.2534644772715424 8.042660863473836
1.2597489643035127 8.013621314454833
1.266031150613626 8.068735475298448
1.2723152910318845 8.097470157517527
1.278603152689088 8.089268460813244
1.284885581638908 8.145999084608421
1.2911744078417298 8.119824000195615
1.2974647092175948 8.18860271528717
1.3037408049355794 8.188904740975161
1.3100162959266837 8.205987017673516
1.3163004157403306 8.21435472479429
1.3225857235133378 8.23802753683468
1.3288644506806588 8.274998344009212
1.3351437582596344 8.270279458323444
1.3414394646417926 8.30332633538896
1.347729811855252 8.358375469989753
1.3540005285170646 8.379697126255449
1.3602815428959223 8.40722922623559
1.3665646151300848 8.43812250678679
1.372850422227119 8.457859854669126
1.3791342917478064 8.498347934088077
1.385408481048769 8.514680803569062
1.391697550188653 8.533666271554488
1.3979833554810253 8.606007658046025
1.4042667825248014 8.606083875960898
1.4105536736718383 8.65101680507679
1.416836722808796 8.696898115540828
1.4231170615249538 8.732152618721647
1.4293966805791072 8.743789849864623
1.4356857963072598 8.784078476468899
1.4419759913225314 8.831040530976063
1.4482525324860276 8.880145183933156
1.4545312086826576 8.916956028563094
1.460818173933656 8.95848880874382
1.4671092142518993 8.995088525644881
1.4733917538735959 9.040167591123408
1.4796688052472962 9.058954667686724
1.485954979678452 9.115482834875477
1.4922324409174657 9.173193511242596
1.4985012956198198 9.22676671684028
1.5047845723652054 9.235444428222142
1.5110748072773268 9.30884560369085
1.5173604454402447 9.411494802233898
1.5236473764955312 9.44655899095787
1.5299368363116286 9.522231638594853
1.5362289725768659 9.547858958447287
1.5425095095186931 9.62096649636123
1.5487827489043366 9.6961929052729
1.5550718506706243 9.751828439241418
1.5613561008916268 9.804166334753162
1.567627892100721 9.858539315125634
1.5739124635251305 9.9052373106297
1.5802023064206574 9.989011814216491
1.586484149699628 10.063151066550994
1.5927587656090685 10.142506460430736
1.5990451828124546 10.228697037311516
1.60534087811971 10.31488989880892
1.6116185049243932 10.32147240155697
1.6178958999920254 10.363932587470568
1.624181435252097 10.37250350068418
1.6304628017336933 10.386333603802752
1.636746963692903 10.437174490978958
1.6430288502049553 10.467157397920154
1.6493067876480902 10.471036728294058
1.6555909507227617 10.529548449663313
1.6618769731435503 10.566286437481711
1.6681669321646018 10.557102816843463
1.6744482484094967 10.630876881919804
1.6807200680192798 10.64032288115093
1.6870108316953345 10.689058514568934
1.6933061533201967 10.713365732471903
1.6995793106382437 10.74427225648941
1.705860456123217 10.757556834863557
1.7121503819361354 10.782137712404289
1.7184340389922583 10.838948584889094
1.7247170948324886 10.901326577740525
1.7309935614120142 10.906067700068737
1.7372849983628176 10.956665490960193
1.7435649356960123 10.982377758568756
1.7498346359823818 10.991922150513467
1.7561219019678302 11.05010663469325
1.7624092344036946 11.101791923248827
1.7686921923809216 11.126365339601474
1.7749753568832471 11.151920827506784
1.78126222517392 11.202162107742774
1.7875443462483982 11.262667643770648
1.7938258860168852 11.296394824655835
1.800106310536215 11.32251191903078
1.8063894977756019 11.36265538718365
1.8126730932170818 11.429896416938085
1.8189522092552484 11.46909308079338
1.8252370720017927 11.52470034601152
1.8315222503666346 11.574953905719754
1.8378089682179681 11.603924135289969
1.844094980430427 11.665351829523313
1.8503754708886937 11.690742495020674
1.8566592903981014 11.761050825954465
1.8629421376216178 11.802045300056957
1.869220583785927 11.865181126992209
1.8755063432571788 11.969918167000927
1.8817935198211602 11.990125942456686
1.888076332967371 12.038890209685835
1.8943509599265804 12.108751104297065
1.9006364788342875 12.170618196480621
1.9069268422804753 12.238362193986083
1.91320071599197 12.306197399905567
1.9194807296642797 12.41986756607726
1.9257685960279494 12.465860429889913
1.932063395697781 12.52295288562097
1.9383391919380064 12.632360319405835
1.944606761638397 12.724956411279486
1.9508953319849416 12.727738492557505
1.9571865853827077 12.785499524617462
1.9634735527955314 12.915034647016016
1.9697537839002184 12.923242922589129
1.9760398283668437 13.042543024485292
1.9823310493031783 13.182128896476215
1.988610160321304 13.22872081147387
1.9948863647838537 13.294682979574228
2.001171472512644 13.387786821526287
2.007451048732819 13.47946395441157
2.013725639946317 13.589529313544416
2.0200094967852342 13.654625552175224
2.026302464297374 13.778600666377738
2.032585764818 13.916825639356555
2.038859405391483 13.999507798747736
2.045143296206672 14.038585171974498
2.05143522802524 14.273615120908493
2.0577222088691896 14.402843105127603
2.064002845315149 14.458990820601102
2.0702911611918386 14.542873695347025
2.0765830905746743 14.652333828117323
2.082852610201516 14.760448681416495
2.0891209535983273 14.890059652484503
2.095415659063208 14.984937675423682
2.101701396995307 15.16348171250318
2.107971080807911 15.28751911350917
2.114254139273217 15.459848009338852
2.120536227441072 15.476055230732092
2.1268190834580656 15.669360521818048
2.1331050297794385 15.851304713506181
2.1393984420353096 15.927102504058489
2.145687716459669 16.076111313071983
2.1519562097836986 16.154352576075894
2.158238641503666 16.38908476427815
2.1645287840235055 16.520693068402117
2.1708154664622605 16.61855264131809
2.1770974231803386 16.79715431662546
2.1833750285951012 16.93880203712291
2.1896528098675687 17.070100066998044
2.1959364203187817 17.17974799944935
2.202215502228306 17.36051435890715
2.2084967694829656 17.47923368933714
2.2147919883451856 17.745936651568453
2.2210740771178576 17.79861901229311
2.22733637585736 17.96330196611571
2.2336261715687904 18.01189017015249
2.2399270336974433 18.074479810546062
2.2461990813043418 18.244413018650544
2.252479306357301 18.407269076845875
2.258758162241693 18.48960707929147
2.2650359909871036 18.538982432602165
2.27130213084187 18.440469421622723
2.277587942689654 18.57397063791447
2.2838965149464032 18.729084378319435
2.2901682168591164 18.780930408529187
2.2964517736993435 18.84752751629175
2.3027519232629223 18.9108387625392
2.309031449676922 18.939310856975546
2.315304925392911 19.170157917090595
2.3215830830351405 19.27700732481715
2.327874023845859 19.433956465683238
2.3341536081190517 19.569638555668966
2.3404175339251636 19.677838787370696
2.3467052609676156 19.767575731232466
2.353001446947919 20.040100957360693
2.3592880448696323 20.108436761482196
2.3655520225007516 20.344203597178783
2.3718239263060035 20.344612623130534
2.3781390388423542 20.48558744605676
2.3844262232998736 20.76727870794557
2.3906907082352555 20.92982563381579
2.3969862592521554 21.17493175217594
2.4033016643429805 21.35747463419758
2.409571184654565 21.592757184897994
2.4158289074796744 21.660726559017807
2.4221419579084444 21.93282766083617
2.428428153771131 22.30611636414887
2.4346758600976166 22.394545692089967
2.4409682989642207 22.66463388330131
2.4472970626934956 22.815628920812937
2.4535671949654687 23.345010700716426
2.4597981097691104 23.601612848612685
2.4661073015833592 23.591767888323712
2.472412369025339 24.00729243336284
2.4786616085262607 24.284398489868313
2.484932368199832 24.544600684083388
2.491240878088352 24.825513095981062
2.4975534182845833 25.2557422289059
2.503801827335404 25.805690155142948
2.510048485591508 25.720792715980952
2.516386180619259 26.3243531133176
2.5226949716056866 26.410282919166587
2.528910135421353 27.048984392468007
2.535192963495745 27.30439381383819
2.5415510226261397 27.40412982510736
2.5478316014503712 28.459544508431172
2.5540257239862965 29.08151898451108
2.560333712766447 28.93481484405443
2.56672180526925 29.695760699455857
2.572945496327457 30.39056936724028
2.5791105033954036 30.22047521479093
2.5854734692225803 30.94202187544229
2.5918481631502686 31.2106495160525
2.598057284717302 31.97975285930426
2.6042951182382303 32.489722227020934
2.6106724508574226 33.642151637507766
2.616930782622738 33.50319480906067
2.6230064886959967 34.481173907393774
2.629395469616328 35.269647667959916
2.6359085092697403 36.00344911085548
2.642027715007417 36.73927128961516
2.648037436244294 37.628259559809415
2.6545388812507134 37.320985668045026
2.6611781963275294 39.63850088971764
2.667193056494922 38.6604627451983
2.673088805419328 39.90400810080613
2.6797296636534123 41.30927175310032
2.6864648249510767 42.8053607624352
2.6921962459045012 42.69683547858889
2.697962562127581 45.10904152153891
2.704889818852733 45.61655239972006
2.711818137200917 47.12359629602486
2.717095773301424 47.50710692560753
2.72278431205434 50.46482538333911
2.7299457067100974 51.1122108053245
2.7370631420664426 51.63464143055686
2.7424860539183364 54.94526042371107
2.7478711641598954 54.58272771989966
2.7550409785120142 57.94875353105707
2.7621971789283766 57.42010564621906
2.7678906182809606 51.03904862717901
2.7728298086897087 66.67009730722599
2.7796536325930354 37.526909561672696
2.7859936393653237 28.818933623507398
