0.01783209187197508 8469.899806122841
0.030213835030787027 6571.374010876551
0.04297487357678423 4502.953046196761
0.05577583798436834 4186.624937574931
0.0688286341250056 3863.7716679715004
0.08110696464570513 2574.5964019607554
0.09370674553631782 2283.0658552831846
0.10636019509318807 1638.0142642275375
0.11912643058557981 1637.8366033406458
0.13176693543452678 1355.0719339255172
0.1441979692451038 1215.2345502577027
0.1568458002803936 976.9815746476615
0.16972024869412158 875.7869276470767
0.18227245710657147 793.5141102480771
0.19477416222977578 785.4944263683618
0.20733408359476727 605.3871066022538
0.21991992144750186 563.3924853865459
0.2325364628380138 489.9394072216221
0.24518505143884126 450.279484287478
0.2578378507460678 397.59284740448084
0.27039766737784804 358.05927416008575
0.2829104411759611 330.68804289606595
0.2955705379804194 289.07828893298205
0.3081399642793133 276.25684161920725
0.3207216073146964 245.5234616621005
0.33341168081967926 225.92457104750233
0.34607587720379845 210.523925527072
0.35861285762440404 194.94894855715302
0.3711536269502749 180.9286902295801
0.3836672702512416 165.9198962733846
0.39630714272578893 152.76815205536445
0.4089399593153135 141.7574581650464
0.42156349890919886 131.13976265401502
0.4341807950257221 122.52239064479001
0.44676205768024085 114.05006243322308
0.4593692028514975 104.26057799541066
0.4718965482805632 98.88975305871755
0.48447350382182564 94.98529918261248
0.4970859006058849 86.52619942886894
0.5096361353798304 82.27625381873685
0.5222277017157833 77.2860700877992
0.5348355227589757 72.075374966125
0.547492003978863 69.81579818179878
0.5601365361534097 65.14955060806548
0.5727270239485912 62.116877690059006
0.5852520646971245 58.64945365325809
0.5977898476833515 55.37580385310771
0.6103996074847261 52.63083882133512
0.6230020924267481 49.62635788425121
0.6356030860286804 47.742612516805764
0.648230198028247 45.714417786983766
0.6608495463994352 43.30051386509896
0.6734744173919003 40.96471899247611
0.6860022567240319 39.55329360025103
0.6985809637891283 37.54931688663028
0.7111908491771054 35.54922482283275
0.7237149565943751 34.23794311775053
0.7363081577644098 33.123480804962064
0.748907480511886 31.48996785651574
0.7615319556341421 30.328227433618444
0.774132305084793 28.71071715130603
0.7866754473434154 27.486014319278063
0.7993235825500574 26.749254138011942
0.8119084864763929 25.399860089724957
0.8245003008650997 24.299817057946427
0.8371030476789448 23.642557996188895
0.8496433960979599 22.618861324024426
0.8622716392225006 21.6940474959305
0.8748814140551431 20.982755434591763
0.8874320306379425 20.09007218417838
0.8999827699152804 19.43302903912073
0.912561859838376 18.538520347234783
0.925229231456028 17.982606237274418
0.9378544149867132 17.318682202883465
0.9504457821018788 16.480764542587032
0.9630431388995899 16.00780868252329
0.9755988646043396 15.427212155846005
0.9881575396632243 14.839001206788359
1.0007426245805036 14.413164603656309
1.0132961828208342 13.8347186335801
1.0258723107356649 13.232720170270332
1.038536031126189 12.902360287521336
1.051151951320789 12.427705620389018
1.0637085884787174 11.911816234596136
1.076294990202563 11.418044342277078
1.088919425178859 11.12769773065622
1.1015128135865726 10.66600367436765
1.1140372123598785 10.324441862409694
1.1266438572582165 9.923428067146189
1.1392985127936937 9.53000737270075
1.1518802725229773 9.216166070712417
1.164452528510977 8.932888552056585
1.1770445539533554 8.616288190682113
1.1896240437944754 8.306450699505117
1.2022063409730104 7.888897592500226
1.2147708906645507 7.701921779029647
1.227352131263771 7.417019435516128
1.2399769911738894 7.196522034769692
1.252566722009596 6.911728173291835
1.265133219808419 6.674529646716841
1.277751659055476 6.424804668401333
1.2903456750126385 6.207175429769901
1.3029343638221462 5.974467122339803
1.315537692904695 5.822038843352111
1.32811747148192 5.586123890398831
1.3407038618127132 5.416823262957556
1.353303995632367 5.1821041363446465
1.3658801979009867 5.034974000022741
1.3784547377611056 4.913183864120976
1.3910282284727549 4.695828298453268
1.403617608863439 4.541247623830819
1.4162307266845844 4.416922226818749
1.4288327238231335 4.2957768300147485
1.4414357605605095 4.137478995416643
1.4540420662985851 3.9818245649786896
1.4666290001310311 3.844319300824228
1.4792232339276128 3.7521917669980627
1.4917979405670947 3.621293415817156
1.5043420725912249 3.5171114757552604
1.5169427293249773 3.395258282920213
1.5295424653470193 3.323469205112669
1.5421299704605853 3.217287044385344
1.5547395520031342 3.1191730070902914
1.5673496087201662 3.033411749368795
1.5799699879730187 2.949988267236645
1.5925093854124464 2.8759049956807976
1.6050513674379872 2.803218892646481
1.6176486600174496 2.708180200448184
1.6302445001949681 2.6152745538234035
1.6428527694112252 2.508050376372797
1.655432221639465 2.426690256305762
1.6680440255859161 2.3230187671707365
1.6806789206890502 2.2228526558396955
1.6932331315939058 2.1471205453045075
1.7057845975195427 2.0773250668496113
1.7183896309732547 1.9890141431276147
1.7309874185440828 1.919382894201362
1.7435623448937705 1.8439280961103528
1.7561426634640527 1.7841119282811921
1.7687458921757953 1.716178039315008
1.7813334782050358 1.6564701527369496
1.7938985526958406 1.5862235840430101
1.8064980806819773 1.5315397427514856
1.819094536369057 1.4818588282848748
1.8316935397102931 1.4356543083460431
1.8442938066535475 1.3804986029722177
1.8568876791935933 1.3200752338490345
1.8694996979258096 1.271600966966156
1.8820874678435398 1.2322080356081866
1.8946480071290934 1.1851983185826949
1.9072244238241325 1.1459350720650163
1.9197955083167129 1.113715589980216
1.932407719039261 1.0695192142620895
1.9450267994293648 1.0300845389883742
1.9575901294987013 0.9959229019775406
1.9701677233625443 0.9629943806452611
1.9827403283412874 0.9254388596876988
1.9953314743596566 0.8924850868586099
2.0079478346643795 0.8736551375765456
2.020502275436274 0.8374705426206819
2.0330913752296618 0.8095708505165295
2.045722350451925 0.7820492812429939
2.058276346288371 0.7663957585842253
2.0708699090952516 0.7338612534162853
2.083519949911578 0.7113778941825337
2.096097125641412 0.6817676539111318
2.1086272060888436 0.668540628090343
2.1211870915125544 0.6445876338999574
2.1338231323869707 0.6263674888023717
2.1464102873771296 0.6042446492224555
2.158963563085569 0.5919672534177775
2.171572232546315 0.5684448064640731
2.184206232503585 0.5491808922942748
2.1967582541876514 0.5356317199932886
2.2093298486834185 0.5130883765793005
2.221925909239815 0.504241344769226
2.234489591332655 0.48511949923660275
2.247040534594892 0.46941752092210015
2.259624100314446 0.4445643470203899
2.272229531496594 0.4281029833258361
2.2848348222229338 0.4041840040502902
2.2974000386780027 0.39346282743989086
2.309967779970987 0.3727692533250386
2.322578483572143 0.3560214420061418
2.335159521230424 0.346339886906586
2.3476935649900077 0.33219726009678213
2.3603433164871666 0.3198718971689136
2.3730332994737737 0.31116262299209413
2.3855678635589856 0.30092051475486387
2.3980601433668673 0.2862547236374754
2.410778968531113 0.27871583363608765
2.42345310994378 0.2681278327681895
2.4358311952097282 0.25942378697453666
2.448470944043593 0.25186547641105755
2.4612848053934617 0.24276707526370142
2.4737948804239793 0.23715832724720795
2.4861107686591386 0.2310193347408738
2.498755511659815 0.22225356176239586
2.5115847832453375 0.21658198998963016
2.524093324138896 0.2103839832601484
2.536562701110759 0.20683890075131048
2.5493077516226528 0.19913026779421922
2.5619784398313157 0.19913295984299098
2.574212755798346 0.1918476904833073
2.586731940134889 0.18390469503929394
2.5998869040801815 0.17967505001422152
2.612601991730716 0.1836021416616122
2.624168567409622 0.17464181962208808
2.6366174310925157 0.1679381242191902
2.650287847625165 0.16762152541730674
2.6633415931334254 0.15942495790575326
2.674176912131971 0.15479477913489542
2.6865492607137433 0.15900912141157125
2.700777045101045 0.15848470966419714
2.7145884416410206 0.14920332503045244
2.724874641447346 0.15331244432855684
2.7364378284531163 0.17419868136996502
2.750681750700194 0.16271819059310635
2.7647976990558103 0.1607953036963321
2.776632163410773 0.1495383891342524
2.7856940556078054 0.09077296714443245
