17.799282449393907 9.314803790243623e-09
30.158244330131154 3.228328817523633e-09
42.89580372913673 1.5297984607139067e-09
55.67321552978553 1.1149145466535437e-09
68.70199571606821 1.0039518265031172e-09
80.9577352285149 9.505948908762732e-10
93.5343336715136 1.0516211786463622e-09
106.16450203531903 9.803382047727033e-10
118.9072488188118 8.819129314790639e-10
131.52449629177582 9.170933971136356e-10
143.9326581339747 9.378337983886429e-10
156.55721831376695 9.163752044703699e-10
169.40797891669078 9.258915093743258e-10
181.9370924105474 8.784886145335749e-10
194.41579553660424 9.289106002169087e-10
206.95260779187328 9.368172823680501e-10
219.51528885091182 9.397755451084119e-10
232.10861695601864 9.068781796297007e-10
244.73393330749704 9.107453887240317e-10
257.3634526180588 9.348089616605336e-10
269.90016033281614 9.383593379340929e-10
282.3899117684295 9.112221825637676e-10
295.02671514949367 8.953251223233737e-10
307.57301485045366 9.30680487893959e-10
320.13150881022204 9.077884093784373e-10
332.79823373741607 9.324319186635306e-10
345.4391291552885 9.354574109823887e-10
357.9530426754169 9.105115981246081e-10
370.4707381295704 9.242535884629094e-10
382.9613574682314 9.264066002497569e-10
395.5779737303071 9.213945602469778e-10
408.18754708954486 8.992613885359466e-10
420.78786052196915 8.973769656851553e-10
433.3819419644603 8.939032959709567e-10
445.9400562432304 8.880023096438362e-10
458.52400541726837 8.946725675448101e-10
471.0283016733625 8.920787639878151e-10
483.5821167635718 8.898897002459172e-10
496.17130788792383 9.027119965240484e-10
508.6984513745909 8.864045358945065e-10
521.266850376961 8.914383915065491e-10
533.8514741793921 9.035176242452115e-10
546.4846686282311 8.784241169446593e-10
559.1059360168832 8.983247935036841e-10
571.6732584628986 8.856545147856765e-10
584.1752542788623 8.902907607782259e-10
596.6899688879645 8.714197555083983e-10
609.2765278814395 8.836509262247673e-10
621.8558254006394 8.763867008618407e-10
634.4336343236796 8.697087779282135e-10
647.0375135888845 8.789674156857725e-10
659.6336435100791 8.595190748483159e-10
672.2352858914313 8.660426132222114e-10
684.7400751418547 8.620893805813112e-10
697.2956385332539 8.685161659949581e-10
709.8823228822636 8.50306059871108e-10
722.383387084208 8.622511457910479e-10
734.9534179127145 8.570826754626759e-10
747.5295590555182 8.514154988493442e-10
760.1308062950264 8.560807254310145e-10
772.7079722519646 8.408514989880391e-10
785.22803627289 8.406122066449974e-10
797.8529000643869 8.442064652156692e-10
810.4146489153657 8.363785721059822e-10
822.9832955140954 8.41074917191025e-10
835.5628544232982 8.20294248843229e-10
848.0801297450262 8.314371591733878e-10
860.6851380540385 8.213705729953895e-10
873.2717120511252 8.250257573863839e-10
885.7992366441526 8.281088946698857e-10
898.3268837059719 8.212428506750903e-10
910.8828292509464 8.183158965104269e-10
923.5268940602116 8.063542884649486e-10
936.128848404742 8.108016756760868e-10
948.6970485528731 8.114873044973396e-10
961.27122736308 8.071395086273108e-10
973.8038516777394 7.979352498648037e-10
986.3394199199912 7.922047970165512e-10
998.9013494289071 7.934237103281429e-10
1011.4318102670842 7.912553633623424e-10
1023.984799253619 7.89585139429387e-10
1036.6252195536813 7.846273138518648e-10
1049.2179276058198 7.807109039343336e-10
1061.7514616966673 7.770633591988578e-10
1074.3147055893453 7.714487535452816e-10
1086.9159127567582 7.730462257090388e-10
1099.4861304784436 7.692608315635632e-10
1111.9874855003557 7.611552125733963e-10
1124.5709353219315 7.672373171001831e-10
1137.2023074454532 7.574394642718221e-10
1149.7609178844157 7.565615693653734e-10
1162.310042068112 7.518672161580935e-10
1174.8788993321937 7.5419466135158e-10
1187.4352440593798 7.398606216371543e-10
1199.9943909587364 7.456209274441012e-10
1212.5358230248555 7.388032973165264e-10
1225.0939152889068 7.356137105069886e-10
1237.695546608303 7.380545675349143e-10
1250.2621134875799 7.246293644879688e-10
1262.8054900766422 7.268485379245126e-10
1275.400712546411 7.205124971478459e-10
1287.9715566629113 7.108102155723657e-10
1300.5370834332223 7.127831181934462e-10
1313.1172235398076 7.071116788837972e-10
1325.6738564718507 7.055731396542087e-10
1338.2370889924387 6.972210442098668e-10
1350.8140397151212 7.000953199239789e-10
1363.367102918641 6.99571646520907e-10
1375.9185067723397 6.893500453139497e-10
1388.4688634079062 6.859180724229288e-10
1401.0350804869474 6.83312155632536e-10
1413.6249913217434 6.783999278293908e-10
1426.2038019349843 6.732770657165345e-10
1438.7836502342852 6.703954499658373e-10
1451.3667615196225 6.686408742446182e-10
1463.93053654187 6.648032996066213e-10
1476.5015980969845 6.589991525169464e-10
1489.0531684231876 6.569811554622133e-10
1501.5742203885422 6.521104381990351e-10
1514.1516930632092 6.457077238147314e-10
1526.7282467201912 6.421416892872945e-10
1539.2925919724535 6.380398754665837e-10
1551.8789730350827 6.369005812131391e-10
1564.4658283979172 6.290703846197118e-10
1577.062987304048 6.324781032881787e-10
1589.5793133959044 6.220981474025201e-10
1602.098219318471 6.221452748952989e-10
1614.6728123454723 6.173517196514919e-10
1627.245897674773 6.12886842703997e-10
1639.830599792207 6.098194637920519e-10
1652.3905272785578 6.052438994772376e-10
1664.979414016081 5.997861402757523e-10
1677.5918618421556 5.935521008120212e-10
1690.126927940609 5.931163927420058e-10
1702.6565735125293 5.89294824317299e-10
1715.239652780402 5.860221047134034e-10
1727.811695412483 5.811517497148498e-10
1740.3677490975194 5.787364636465322e-10
1752.9282192150536 5.753797630105117e-10
1765.500774679947 5.706203747675759e-10
1778.0665536787737 5.658662761621029e-10
1790.6168494226254 5.615609236081203e-10
1803.191304333419 5.564200965636464e-10
1815.7666656189658 5.563873590614241e-10
1828.3488212639727 5.503470974849061e-10
1840.9261635435228 5.470626251234858e-10
1853.4868830529422 5.411898362286841e-10
1866.0648394709856 5.395782850636683e-10
1878.6531571147755 5.355190978968687e-10
1891.1949620796393 5.289487797969532e-10
1903.7320037090342 5.267705840608427e-10
1916.2826511063677 5.217429444845376e-10
1928.8701890218213 5.21481863135831e-10
1941.4711267136497 5.146167100371828e-10
1954.0161536900057 5.112782644501222e-10
1966.5646650726826 5.064171228770237e-10
1979.1139383933348 5.071606546569462e-10
1991.6912603842213 5.009582111820437e-10
2004.2724214876746 4.95255406760905e-10
2016.8096506702707 4.913231059934314e-10
2029.388299672487 4.89872423411258e-10
2041.9851108745945 4.869362844964825e-10
2054.5479608747887 4.806957889703964e-10
2067.1183637920344 4.790912880481553e-10
2079.69511478519 4.737788007047269e-10
2092.25394988661 4.714501616105319e-10
2104.806873622057 4.677708402276409e-10
2117.3614093032174 4.628122131975171e-10
2129.928666131578 4.5791954572939985e-10
2142.5135548816706 4.566853076055338e-10
2155.088097602156 4.5119863479475563e-10
2167.649640376087 4.498477431542344e-10
2180.216047885633 4.4469289608763013e-10
2192.779331913286 4.4116678019280894e-10
2205.362264117683 4.374064987503213e-10
2217.92609518976 4.346898405345059e-10
2230.4508569275185 4.289708983928266e-10
2243.0042552295354 4.288819815859167e-10
2255.585147649584 4.228643264851399e-10
2268.179105336766 4.1999078180553766e-10
2280.7280993008117 4.16606700314378e-10
2293.278360641959 4.129275740478835e-10
2305.8848259833 4.1011659470405717e-10
2318.4578135021575 4.0729437943613235e-10
2331.017443774536 4.0393152010347783e-10
2343.5861525124205 3.99699302931701e-10
2356.174872739318 3.971755982237825e-10
2368.7353085030536 3.915776559357265e-10
2381.2692845985334 3.898685825419655e-10
2393.8244176688013 3.865436360732952e-10
2406.4031547082923 3.843497600523575e-10
2418.9736888834113 3.792459667033496e-10
2431.52780414962 3.7761758744668717e-10
2444.0995103422933 3.744247121416093e-10
2456.681233242974 3.695379570098845e-10
2469.2659731538656 3.6675998518454856e-10
2481.804494353713 3.661956190505413e-10
2494.349678289375 3.6174002764543753e-10
2506.9309198668843 3.562805742723091e-10
2519.499903784357 3.553901083628542e-10
2532.064286254508 3.5278130400195724e-10
2544.6325769440127 3.4892856779224537e-10
2557.208310117243 3.454930521193857e-10
2569.7731778671878 3.4314357335934383e-10
2582.350840133166 3.391268356250933e-10
2594.9314527475444 3.363290584565679e-10
2607.4836540238884 3.3434093304925684e-10
2620.0346458455233 3.3090776048684e-10
2632.6028953257733 3.2806155952268543e-10
2645.173520726606 3.2574066450058197e-10
2657.730984905749 3.219951641018865e-10
2670.289609909111 3.19932593320861e-10
2682.8810325445497 3.1705617603843314e-10
2695.4617368341887 3.1454625548944254e-10
2708.003179989755 3.118761059123708e-10
2720.565218595557 3.093615994911541e-10
2733.1313729151952 3.0771530425924536e-10
2745.702996964865 3.0420531379052344e-10
2758.2707458588034 3.0146895854527935e-10
2770.8191342981145 2.996415049660411e-10
2783.3972824385987 2.96771669896431e-10
2795.9689028789417 2.938393764190183e-10
2808.5357668183638 2.9231227605315793e-10
2821.1095589697384 2.8807337741946944e-10
2833.6756670949308 2.868158613752029e-10
2846.236354374274 2.847165805179133e-10
2858.79560232848 2.81756161037792e-10
2871.373843645574 2.7962120376297906e-10
2883.954243538599 2.762064209431217e-10
2896.5073357066644 2.7578938423187025e-10
2909.064697944345 2.7232716723728085e-10
2921.6386383037598 2.7066728065563327e-10
2934.2207288040527 2.6845103122201985e-10
2946.785817897924 2.664973779919159e-10
2959.3399304871978 2.6415428410573325e-10
2971.912289205687 2.6221869943727973e-10
2984.46722152623 2.6015398260448375e-10
2997.00494075996 2.5782040623989265e-10
3009.571504102365 2.564623086775997e-10
3022.151983789152 2.539449078899937e-10
3034.723269970324 2.5209936847368274e-10
3047.297141938261 2.494076336618473e-10
3059.876071431784 2.4816418784881296e-10
3072.460353827784 2.462516790914585e-10
3085.0214375587766 2.4419638773662063e-10
3097.56792616596 2.4192590039035464e-10
3110.1461395593024 2.404378466493187e-10
3122.7146498544676 2.3827342411239695e-10
3135.258242106282 2.3703322516746204e-10
3147.827394808765 2.359267335508201e-10
3160.407090461748 2.3305809662663864e-10
3172.9707868690757 2.3187526211134688e-10
3185.520028526011 2.3021087862452423e-10
3198.0928727893415 2.2888950038460416e-10
3210.684273274958 2.2716918305898579e-10
3223.239536727099 2.2467825574096278e-10
3235.794336704776 2.229618081991612e-10
3248.365417080094 2.2087575045025685e-10
3260.9281598919256 2.174868871939363e-10
3273.4964936633673 2.1485455183493875e-10
3286.0602765369263 2.1301243288712795e-10
3298.616161266458 2.105154268226085e-10
3311.184497268825 2.072857146152903e-10
3323.7565519663412 2.062359485452288e-10
3336.336479870555 2.033893931029434e-10
3348.8991222089053 2.0103962415555405e-10
3361.442771262142 1.9973304145434923e-10
3374.0243084776243 1.9562699196940742e-10
3386.614961597868 1.9438702135749487e-10
3399.16128606973 1.9177763595679735e-10
3411.723586887969 1.8954183244308102e-10
3424.3034483758647 1.875801022303468e-10
3436.8707723403413 1.8546361936955948e-10
3449.4368938720895 1.836485958164859e-10
3461.9898368720965 1.8179122075507896e-10
3474.572720638132 1.7886685012770663e-10
3487.1326051509195 1.7722461783631024e-10
3499.6720155540056 1.7531203827406542e-10
3512.2465573827917 1.7325197556335684e-10
3524.8212321125134 1.7072044394982773e-10
3537.387157918102 1.690143575891832e-10
3549.9534967742106 1.6722934362038946e-10
3562.5272432128218 1.6546186930038666e-10
3575.0914952116 1.6338735206410602e-10
3587.654584597485 1.6158736000724771e-10
3600.2154434833064 1.6008707859813272e-10
3612.781827813574 1.5797539282964554e-10
3625.349028548668 1.5622998077267138e-10
3637.907270470111 1.5408960645334e-10
3650.477005817321 1.5283926695617383e-10
3663.04737240162 1.510953982258155e-10
3675.6208179613163 1.4866947992518637e-10
3688.192852242157 1.4742883367697735e-10
3700.7538430059562 1.4532021214327985e-10
3713.3214918772564 1.4392934492658575e-10
3725.88719617525 1.4218582353474182e-10
3738.4440983479285 1.4049260076281947e-10
3751.0156271459587 1.3905345339583448e-10
3763.58999013167 1.3730615025669718e-10
3776.155626274999 1.356139766402593e-10
3788.70489003149 1.339513207865934e-10
3801.275937702054 1.3301529892643904e-10
3813.8566744571744 1.3190870989286665e-10
3826.404431717055 1.307020355098429e-10
3838.9644689081924 1.2848258674732792e-10
3851.5402114943618 1.2718294512087216e-10
3864.1298207037257 1.2553737280466077e-10
3876.681423024082 1.2429669499806787e-10
3889.2165722518703 1.2294629369256364e-10
3901.7937228048927 1.2173773439525916e-10
3914.376239464566 1.1997181513494177e-10
3926.950184147634 1.1939499784500692e-10
3939.510656203867 1.1770233625077714e-10
3952.082754993091 1.1622619150564119e-10
3964.66520672985 1.1473089252777474e-10
3977.223438611204 1.1380570331560589e-10
3989.775857376849 1.1257687795914666e-10
4002.346082688934 1.1127008035289172e-10
4014.9052449751166 1.1000150160776952e-10
4027.454437240128 1.0881059765501864e-10
4040.0221607705066 1.0784742684104898e-10
4052.608105661614 1.0636217251405215e-10
4065.1747165545376 1.0558165559141155e-10
4077.7220075380287 1.0434607970829622e-10
4090.2897990210035 1.0323446500773679e-10
4102.873672523345 1.0223483302102339e-10
4115.447644068685 1.0096900546473227e-10
4128.008926808098 9.985417483244186e-11
4140.585568421012 9.880079747847438e-11
4153.1694370518835 9.808698652934296e-11
4165.708486135632 9.657471908037909e-11
4178.245182757474 9.603745796961102e-11
4190.834603556789 9.519624303806343e-11
4203.40608927648 9.381421693163853e-11
4215.94546673201 9.267840258787675e-11
4228.511593513913 9.207122640315288e-11
4241.075779699394 9.078501366411706e-11
4253.641501584355 8.992175159527511e-11
4266.2134040829205 8.941557930928653e-11
4278.800238462189 8.876137509041429e-11
4291.378797171946 8.74928342015686e-11
4303.915793648459 8.637291306951947e-11
4316.4806669387035 8.546243356276608e-11
4329.060961840782 8.489150226871266e-11
4341.6343365752655 8.381939858270766e-11
4354.198259860986 8.2880912944846e-11
4366.7534805332525 8.213131055212381e-11
4379.309052921206 8.097864785351439e-11
4391.876283675789 7.975290868394714e-11
4404.434457339895 7.93737608808002e-11
4416.997001697697 7.849010571206803e-11
4429.587449292495 7.778296566208154e-11
4442.151636687611 7.720108371216212e-11
4454.676243985357 7.528374070808211e-11
4467.255845270074 7.493862917368021e-11
4479.8575794065855 7.397460386955951e-11
4492.40168445441 7.271185788943967e-11
4504.962144407178 7.147047115932644e-11
4517.519866020664 7.065682904874016e-11
4530.0755333545785 6.984480043508056e-11
4542.6078228888755 6.868086698472574e-11
4555.1794564400525 6.678824950204994e-11
4567.796610844846 6.64510908330937e-11
4580.340024503758 6.500346881458078e-11
4592.907148036285 6.464042010932914e-11
4605.507457041533 6.347678315040594e-11
4618.066519715286 6.250582009574686e-11
4630.61348098353 6.145285451950074e-11
4643.169806111598 6.08870845110122e-11
4655.7516975966855 6.009712078421822e-11
4668.310875988915 5.918660261656587e-11
4680.838737422433 5.863644965285975e-11
4693.4142013659475 5.7695362610674575e-11
4706.006583198429 5.649493310385696e-11
4718.579788898697 5.5816078345121134e-11
4731.107753982311 5.4848959766890245e-11
4743.651571426617 5.441929717466296e-11
4756.281806400868 5.412471562126485e-11
4768.856185173669 5.354347507162678e-11
4781.385164866601 5.2998173316282456e-11
4793.976276771281 5.219338956782363e-11
4806.607096854939 5.110942143790111e-11
4819.146147308174 5.121951747055221e-11
4831.661602769959 5.030505354123612e-11
4844.287713525817 4.9084024654457135e-11
4856.860115107401 4.8983957823824196e-11
4869.355537556235 4.871539841297766e-11
4881.940425155442 4.822677414298701e-11
4894.597962536946 4.736621986683393e-11
4907.1382369119165 4.6192148393755236e-11
4919.600076288735 4.6200539699085485e-11
4932.2184698095 4.570226778351158e-11
4944.828614579259 4.555745165435499e-11
4957.327103379369 4.5051993642073427e-11
4969.86863255852 4.412632290089379e-11
4982.485662226757 4.3865519042582377e-11
4995.110752516737 4.353957901352647e-11
5007.607580415342 4.3140852091511023e-11
5020.10090672177 4.2718266752664367e-11
5032.776306714229 4.19765060552706e-11
5045.393898578722 4.155353365927052e-11
5057.824235954894 4.142678295228726e-11
5070.389901954609 4.1570042313492667e-11
5083.106030184285 4.088629574936715e-11
5095.667197680151 4.106691502795083e-11
5108.05545246385 4.02531763991969e-11
5120.671439914531 4.000383253968372e-11
5133.447634936114 3.929168127312714e-11
5145.895026810736 3.932246451571355e-11
5158.2250506128275 3.849917829638805e-11
5170.95099224376 3.8072099549575924e-11
5183.700390094105 3.8961659012819976e-11
5196.118642963537 3.8136421916671266e-11
5208.594319785777 3.8542600797988244e-11
5221.348995023267 3.808811333240911e-11
5233.86566836642 3.721468163663283e-11
5246.017090039119 3.718788762170202e-11
5258.795061897151 3.659009687855239e-11
5271.8211514158575 3.646126399885906e-11
5284.059572485596 3.632983526264095e-11
5296.079024382072 3.6222144652448527e-11
5309.081924588613 3.720376158488261e-11
5322.3605651521175 3.5644611272496906e-11
5334.390294917684 3.613032104378475e-11
5346.181802010518 3.552326208965415e-11
5359.463528890978 3.563600592471064e-11
5372.933862046457 3.585648568961299e-11
5384.396712939678 3.687819095375134e-11
5395.929354426921 3.559157834891969e-11
5409.783878738565 3.600486741262499e-11
5423.640526297936 3.43186070096285e-11
5434.195806773826 3.5783173953532704e-11
5445.572893198795 3.5408499395549914e-11
5459.895693738757 3.513589442569121e-11
5474.13057561097 3.333995450269919e-11
5484.976407817414 3.6663869699381366e-11
5495.746636743918 3.34727252152438e-11
5510.086276689804 3.5352833524048884e-11
5524.398688742833 3.339578391189665e-11
5535.78557637482 3.4549357273352196e-11
5545.66396493654 3.4011926120562635e-11
5559.311623442359 5.925507345021124e-11
5571.991646927517 1.4087616273158891e-12
