0.017832091871975122 22967.545528756513
0.030213835030787093 17734.50916369686
0.042974873576784325 11939.726849714985
0.05577583798436846 10949.7036082691
0.06882863412500576 10291.758500484544
0.08110696464570531 6872.163646554039
0.09370674553631803 6193.9572963172
0.10636019509318831 4450.883606413767
0.11912643058558008 4382.965301156715
0.13176693543452705 3693.7834561933887
0.14419796924510414 3396.945758660875
0.15684580028039394 2824.3021370271094
0.16972024869412197 2579.083480345855
0.1822724571065719 2403.623801564958
0.1947741622297762 2340.990105575609
0.20733408359476774 1940.5867697222245
0.21991992144750236 1832.7210515568431
0.23253646283801432 1619.2005722958286
0.2451850514388418 1551.8102295747365
0.25783785074606835 1390.7922278471306
0.2703976673778486 1302.5358288646041
0.28291044117596176 1224.8720255262351
0.29557053798042 1139.515891231067
0.30813996427931395 1070.1485933898398
0.32072160731469707 1004.5633568792337
0.33341168081968003 933.7032287928445
0.34607587720379923 885.9391988354764
0.3586128576244048 865.5952133755039
0.3711536269502757 817.4393114075979
0.3836672702512424 778.8587933050891
0.3963071427257898 731.4284435643735
0.4089399593153144 701.0756023927341
0.4215634989091998 673.9340754443359
0.43418079502572304 634.3644107664977
0.44676205768024185 608.9922509602877
0.45936920285149857 575.5037839195301
0.47189654828056427 559.0580419874001
0.4844735038218267 535.8234965261382
0.49708590060588603 524.4354782061348
0.5096361353798315 498.05731679280433
0.5222277017157844 471.4134919666958
0.534835522758977 466.9493393482882
0.5474920039788642 446.0822211273499
0.560136536153411 434.2029270597885
0.5727270239485925 411.3057775084094
0.5852520646971258 407.6540323969887
0.5977898476833529 390.48766568938515
0.6103996074847274 379.7710711094348
0.6230020924267494 361.07845231025726
0.6356030860286819 346.88542265793654
0.6482301980282484 341.66838180854785
0.6608495463994366 327.35124640214553
0.6734744173919017 319.72476589716644
0.6860022567240334 311.5151414765578
0.6985809637891298 302.6174243477789
0.711190849177107 289.94286980430905
0.7237149565943767 284.0264886980966
0.7363081577644115 274.6717147142982
0.7489074805118877 266.2494877148422
0.7615319556341438 255.69432875735944
0.7741323050847947 249.78135097803153
0.7866754473434172 242.9557886689996
0.7993235825500592 231.831269681038
0.8119084864763948 225.72701140796465
0.8245003008651016 216.9831601857042
0.8371030476789466 212.587839759925
0.8496433960979618 206.71085387059398
0.8622716392225025 200.78702311963346
0.874881414055145 193.46886709192887
0.8874320306379444 187.81409732857304
0.8999827699152824 180.1874438487363
0.912561859838378 175.31523379304116
0.92522923145603 170.03229116258598
0.9378544149867152 165.99984791574158
0.9504457821018809 161.52988405349075
0.963043138899592 155.23180270162445
0.9755988646043418 148.75319069489683
0.9881575396632264 145.6682604790289
1.0007426245805058 140.4438811262469
1.0132961828208364 137.6515492338935
1.0258723107356673 132.7065732027953
1.0385360311261915 126.38115757028304
1.0511519513207914 124.54007836270249
1.0637085884787199 119.74536580153821
1.0762949902025654 115.27456880669718
1.0889194251788614 111.99595040544668
1.101512813586575 108.24017170394445
1.114037212359881 104.90232393697605
1.1266438572582191 101.41281869887499
1.1392985127936963 98.23082152695844
1.1518802725229798 95.94861428099608
1.1644525285109797 92.70964461051823
1.177044553953358 88.98076970467412
1.189624043794478 85.96462124360599
1.202206340973013 83.30640859514905
1.2147708906645533 80.80835203403853
1.2273521312637736 77.97779890749129
1.239976991173892 76.08697552655805
1.2525667220095986 73.30001196421242
1.265133219808422 70.85541467335817
1.277751659055479 68.84315120749962
1.2903456750126414 66.37609608864855
1.302934363822149 63.77145551518347
1.3155376929046978 61.6929394216461
1.3281174714819228 59.43753973721855
1.340703861812716 57.69787908597234
1.3533039956323698 55.89803834519052
1.3658801979009898 54.0458717178759
1.3784547377611087 52.27856523718462
1.391028228472758 50.76040069856331
1.403617608863442 49.31790442577629
1.4162307266845877 47.683409370060815
1.4288327238231366 46.04968476838132
1.4414357605605128 44.446467807775534
1.4540420662985882 42.997552308608434
1.4666290001310345 41.56056899304454
1.479223233927616 40.22644989258028
1.491797940567098 39.08252169043542
1.5043420725912282 37.85244727930259
1.5169427293249806 37.27181134918919
1.5295424653470227 35.89041815436877
1.5421299704605886 34.90763153058813
1.5547395520031377 33.69112001492178
1.5673496087201697 32.767205864542774
1.5799699879730222 32.067392037796004
1.59250938541245 31.1495363889492
1.6050513674379907 30.254780442563998
1.617648660017453 29.454814332454603
1.6302445001949717 28.351113323763915
1.6428527694112287 27.27694480969381
1.6554322216394688 26.26507535481657
1.66804402558592 25.23535587829709
1.680678920689054 24.3086763676353
1.6932331315939095 23.533639313833074
1.7057845975195465 22.57430370684709
1.7183896309732587 21.73702072751504
1.7309874185440866 20.98395539884296
1.7435623448937743 20.023835674015583
1.7561426634640565 19.451837686140575
1.768745892175799 18.64503132121658
1.7813334782050398 17.985899957588448
1.7938985526958446 17.357712074220082
1.8064980806819813 16.588914627632196
1.819094536369061 16.14572830790007
1.8316935397102971 15.537461276198385
1.8442938066535515 14.79457439240859
1.8568876791935975 14.293773330073689
1.8694996979258136 13.89955024993286
1.8820874678435437 13.363461581899863
1.8946480071290976 12.923976881576307
1.9072244238241367 12.430143348461758
1.919795508316717 12.000776051351364
1.9324077190392654 11.508244351924516
1.9450267994293693 11.172698838804349
1.9575901294987055 10.8081858768719
1.9701677233625485 10.404359868045232
1.9827403283412919 9.99614093525574
1.995331474359661 9.582495808290222
2.007947834664384 9.351430414123449
2.0205022754362782 8.92565629517678
2.033091375229666 8.675655257501816
2.0457223504519293 8.40190890592069
2.0582763462883755 8.18041536204039
2.070869909095256 7.875883464345771
2.0835199499115826 7.652262217749408
2.0960971256414163 7.393703178710663
2.1086272060888485 7.167359331779662
2.1211870915125592 6.900774618051235
2.133823132386975 6.717244794229004
2.1464102873771345 6.475836499044558
2.1589635630855737 6.265929356800838
2.1715722325463194 6.040857695898743
2.18420623250359 5.843214584048543
2.1967582541876562 5.676947088794123
2.2093298486834234 5.39072736283635
2.22192590923982 5.345411146170518
2.2344895913326597 5.13660702355078
2.247040534594897 4.94951560195512
2.259624100314451 4.71014790719045
2.2722295314965995 4.5159995847857894
2.2848348222229387 4.281664262509749
2.2974000386780076 4.107487390870839
2.3099677799709917 3.8997809031196655
2.322578483572148 3.779122258002609
2.335159521230429 3.615491057766532
2.3476935649900126 3.4694080129216314
2.3603433164871714 3.3523684902480526
2.373033299473779 3.2315585238588693
2.385567863558991 3.088674289734604
2.3980601433668727 2.98403393097945
2.4107789685311185 2.870167120052301
2.4234531099437855 2.7377206991432055
2.4358311952097336 2.639848846001106
2.4484709440435983 2.591971165862061
2.461284805393467 2.5454751485721183
2.4737948804239847 2.418922063747474
2.486110768659144 2.4003592477020703
2.498755511659821 2.2895413760725964
2.511584783245343 2.2246921707977787
2.524093324138901 2.1637432424442844
2.5365627011107645 2.1245680360171053
2.5493077516226585 2.002682780757079
2.561978439831321 2.039398651960335
2.5742127557983516 1.9071646543928047
2.5867319401348943 1.9324805903029867
2.5998869040801873 1.8826061887445489
2.6126019917307217 1.7864420993706054
2.624168567409628 1.8916400159089968
2.6366174310925214 1.7613745925681543
2.6502878476251706 1.70036555423448
2.6633415931334317 1.6650240124636133
2.6741769121319767 1.7772347544865335
2.686549260713749 1.7509696799990317
2.7007770451010513 1.6778016302160437
2.714588441641027 1.6868213721619632
2.7248746414473524 1.5520754766161344
2.7364378284531226 1.542412861945085
2.7506817507002004 1.05516150395172
2.7647976990558165 2.2230377020295093
2.7766321634107793 2.8182436009306584
2.7856940556078116 2.525797429914195
