0.017832091871974994 22768.9915588877
0.030213835030786878 17618.257260201954
0.04297487357678402 11935.371498142114
0.05577583798436806 10969.669145376238
0.06882863412500527 10244.87734306404
0.08110696464570473 6841.656732870573
0.09370674553631736 6124.095706475742
0.10636019509318755 4394.133907109611
0.11912643058557923 4271.076320373077
0.1317669354345261 3562.9741782172987
0.14419796924510309 3235.7397530408257
0.15684580028039283 2623.384963067444
0.16972024869412075 2354.0341832693643
0.18227245710657058 2141.3405274782162
0.1947741622297748 2052.1840489903
0.20733408359476624 1656.4491168735128
0.21991992144750078 1532.1856199844885
0.23253646283801263 1338.6636893180325
0.24518505143884003 1244.4227553081098
0.2578378507460665 1095.0100289924985
0.2703976673778467 1015.7535302059481
0.2829104411759597 933.5004830370539
0.2955705379804179 842.9678100900109
0.30813996427931173 792.5977012264327
0.3207216073146948 729.9018228997961
0.33341168081967765 665.8304931728766
0.34607587720379673 620.051384075895
0.35861285762440226 592.2977490400664
0.37115362695027304 554.5235293281403
0.3836672702512397 520.8495334617481
0.396307142725787 478.0603713696834
0.4089399593153115 457.175524629002
0.42156349890919675 430.36070141398716
0.43418079502571993 402.2378312322637
0.44676205768023863 380.719013491905
0.45936920285149524 353.10476182100376
0.4718965482805609 340.3587333547322
0.48447350382182325 324.82299384299824
0.4970859006058825 313.27637684189267
0.5096361353798279 293.62784875911876
0.5222277017157806 274.9046157456729
0.5348355227589731 266.04307467466197
0.5474920039788603 253.57616343089398
0.560136536153407 242.7385312752716
0.5727270239485884 230.36264551478928
0.5852520646971217 222.9421822341212
0.5977898476833485 212.7165519938398
0.6103996074847231 205.20308518207491
0.623002092426745 192.89703391590282
0.6356030860286773 184.8581205109704
0.6482301980282438 180.36075882200706
0.6608495463994318 170.76269035336668
0.6734744173918968 165.31730301386045
0.6860022567240285 160.02034130863007
0.6985809637891247 154.79616779947446
0.7111908491771018 145.23919376315865
0.7237149565943716 142.43597134534323
0.7363081577644062 137.09947915594765
0.7489074805118823 131.48222917621297
0.7615319556341383 125.59391381414352
0.7741323050847891 121.7771919711668
0.7866754473434115 117.38515691573923
0.7993235825500535 112.93993156461129
0.8119084864763889 108.68965864907246
0.8245003008650956 103.88242247471999
0.8371030476789406 101.3291739371121
0.8496433960979557 97.33102868577559
0.8622716392224963 94.52712581657214
0.8748814140551388 90.48349522713853
0.8874320306379381 87.59861564583053
0.8999827699152759 84.32065552475427
0.9125618598383715 81.2310145494644
0.9252292314560233 78.63398207296385
0.9378544149867085 76.63839012770038
0.9504457821018741 73.83119081939823
0.9630431388995851 70.93677332372246
0.9755988646043348 67.82013623253799
0.9881575396632193 66.30897653836598
1.0007426245804987 63.77792395825409
1.0132961828208291 62.01537185381349
1.02587231073566 59.992174129223095
1.038536031126184 57.01435479500908
1.0511519513207839 55.89682508472093
1.0637085884787123 53.785499955291456
1.0762949902025576 51.75845829979107
1.0889194251788534 49.916097172137725
1.1015128135865673 48.335896626363045
1.1140372123598732 46.759468645492916
1.126643857258211 45.039802366603425
1.139298512793688 43.67259022791653
1.1518802725229715 42.365120184610916
1.1644525285109713 40.85975340118432
1.1770445539533496 39.12643687109586
1.1896240437944694 37.96852501588903
1.2022063409730044 36.683469653611205
1.2147708906645445 35.648891478094455
1.2273521312637647 34.06517390410232
1.2399769911738832 33.329454423615786
1.2525667220095897 32.09388464298778
1.2651332198084129 30.915966121910404
1.2777516590554696 29.89296788582413
1.290345675012632 28.93498424746434
1.3029343638221398 27.822844601922984
1.3155376929046885 26.93004885041842
1.3281174714819133 26.022297789254132
1.3407038618127065 25.17928724815056
1.3533039956323603 24.35488771756393
1.36588019790098 23.506649951381583
1.3784547377610987 22.879752732669075
1.391028228472748 22.180886736562247
1.403617608863432 21.407734988700984
1.4162307266845775 20.773777718006844
1.4288327238231264 19.939087152639047
1.4414357605605024 19.283687394414148
1.4540420662985778 18.75709756408477
1.4666290001310238 18.12690611727559
1.4792232339276055 17.609726208339502
1.4917979405670871 17.121857394670418
1.5043420725912173 16.535931857947574
1.5169427293249698 16.161031655814103
1.5295424653470118 15.6086479331576
1.5421299704605775 15.152526582007159
1.5547395520031266 14.634119632141454
1.5673496087201584 14.263251085534831
1.579969987973011 13.982379746657301
1.5925093854124386 13.544598275506292
1.6050513674379792 13.21174529568776
1.6176486600174416 12.809332537129398
1.6302445001949601 12.314019379862321
1.642852769411217 11.788250136031206
1.6554322216394568 11.409758036482195
1.668044025585908 10.931315776944752
1.680678920689042 10.522159954302113
1.6932331315938973 10.166290995272922
1.7057845975195343 9.758915289026525
1.7183896309732463 9.355786141928997
1.7309874185440741 9.066468099341387
1.7435623448937618 8.674873592705287
1.756142663464044 8.376180758294664
1.7687458921757864 8.062973164847602
1.781333478205027 7.740775304884652
1.7938985526958318 7.46907479860792
1.8064980806819684 7.185989279176383
1.8190945363690478 6.9525074913259415
1.831693539710284 6.685888969581858
1.8442938066535384 6.4334408469950635
1.8568876791935842 6.198700837262279
1.8694996979258003 6.000776164375264
1.8820874678435302 5.79553051739259
1.894648007129084 5.563531475539986
1.907224423824123 5.372959300261152
1.9197955083167033 5.198709349889881
1.9324077190392515 4.995846348145175
1.9450267994293553 4.832710961277465
1.9575901294986915 4.674661171727475
1.9701677233625345 4.509952407605164
1.9827403283412777 4.3629427870309545
1.9953314743596469 4.21038290273654
2.0079478346643698 4.085281893914481
2.0205022754362636 3.9029196944613784
2.0330913752296516 3.777082532799704
2.0457223504519146 3.645914670340659
2.058276346288361 3.56933081068582
2.070869909095241 3.4376103767254826
2.083519949911568 3.3196116986927633
2.096097125641401 3.2032771020953894
2.1086272060888334 3.132130993872373
2.1211870915125437 2.9996289760770356
2.13382313238696 2.939352309789472
2.146410287377119 2.8351443823691604
2.158963563085558 2.7570135997112204
2.171572232546304 2.6775121347103705
2.1842062325035743 2.5740248906884093
2.1967582541876403 2.5169783647705195
2.209329848683408 2.403749685254832
2.221925909239804 2.357758574902791
2.2344895913326437 2.2404702404766175
2.247040534594881 2.179796056674062
2.2596241003144346 2.082670686751518
2.272229531496583 1.9787980316913067
2.2848348222229222 1.8827654426503113
2.297400038677991 1.8393308678999383
2.3099677799709752 1.7432840228846587
2.3225784835721313 1.6872472038242108
2.335159521230412 1.6256185462904238
2.347693564989996 1.5535079627671895
2.3603433164871546 1.4909990685812389
2.373033299473762 1.4712139411876228
2.3855678635589737 1.398248153721641
2.3980601433668554 1.3659118630311868
2.410778968531101 1.310988354847325
2.423453109943768 1.2456360101080162
2.4358311952097162 1.1969099350586412
2.448470944043581 1.1860158343329466
2.4612848053934493 1.1341350944652895
2.473794880423967 1.0822612879619575
2.486110768659126 1.1018814928073501
2.4987555116598026 1.0634863234497323
2.511584783245325 1.0063775963043824
2.5240933241388834 1.0384057795738886
2.5365627011107468 0.9714467471909791
2.5493077516226403 0.9432404188303066
2.561978439831303 0.9645320664850268
2.574212755798333 0.9327433600479094
2.586731940134876 0.8927766115089858
2.5998869040801686 0.9027251979030025
2.612601991730703 0.8593157290008939
2.624168567409609 0.8846880584713239
2.6366174310925024 0.8467833098035618
2.6502878476251515 0.8069676909470322
2.6633415931334126 0.8602260341146661
2.6741769121319576 0.8554095151972124
2.68654926071373 0.8215954788024685
2.700777045101032 0.7959005322587348
2.7145884416410073 0.7841737147768773
2.724874641447333 0.7469039411317965
2.7364378284531026 0.7602900872259091
2.7506817507001804 0.6280214926842015
2.764797699055797 0.7883561385799004
2.7766321634107594 1.307056068997838
2.7856940556077916 0.5454680762808113
