0.017832091871975046 8425.454168558288
0.030213835030786965 6541.176420789051
0.042974873576784145 4491.801674593124
0.05577583798436822 4191.990515003658
0.06882863412500546 3884.6146494766085
0.08110696464570497 2604.478124807616
0.09370674553631762 2329.866066400759
0.10636019509318785 1689.6198596689226
0.11912643058557958 1709.5341698610166
0.1317669354345265 1432.2701216952892
0.1441979692451035 1304.7782905913452
0.15684580028039327 1067.4426386942348
0.16972024869412125 978.1213577616655
0.1822724571065711 900.068241747507
0.19477416222977537 911.1962636399967
0.20733408359476685 716.6051365664242
0.21991992144750142 684.0683445355174
0.23253646283801332 612.4855612000163
0.24518505143884076 577.5343245709699
0.25783785074606724 520.1591315076282
0.2703976673778475 482.3454302675333
0.28291044117596054 457.7555929556137
0.29557053798041877 412.07034690592286
0.3081399642793126 405.32715500953157
0.32072160731469573 369.7321565311876
0.3334116808196786 351.61659778532913
0.34607587720379773 336.79980050646503
0.3586128576244033 320.3769649717513
0.3711536269502741 304.8370807941362
0.3836672702512408 286.1447709818484
0.3963071427257881 269.2703907918825
0.4089399593153127 259.61394155054603
0.421563498909198 243.5255640279339
0.4341807950257212 234.4088865635527
0.4467620576802399 222.6521829810089
0.45936920285149657 208.7742724968505
0.4718965482805622 202.1649857402751
0.48447350382182464 196.67628045774603
0.4970859006058839 183.92945983264565
0.5096361353798293 179.06124867684017
0.5222277017157821 171.75214640218888
0.5348355227589746 162.03702965343095
0.5474920039788619 160.00760556388943
0.5601365361534086 152.09746722139903
0.5727270239485901 147.7201768309051
0.5852520646971233 141.90300073104586
0.5977898476833503 134.26086958545443
0.6103996074847249 131.76446232253926
0.6230020924267468 125.02777711376245
0.6356030860286791 122.04098639203171
0.6482301980282457 116.81435097624596
0.6608495463994337 113.49031334703979
0.6734744173918988 108.28058414113399
0.6860022567240305 105.79224999547746
0.6985809637891268 101.7344097804767
0.711190849177104 97.96489024880016
0.7237149565943737 95.28139538817179
0.7363081577644083 91.9160627682079
0.7489074805118845 88.77867683779816
0.7615319556341406 85.73611849833401
0.7741323050847914 82.32634040286322
0.7866754473434138 80.29583329952432
0.7993235825500559 77.88491828824337
0.8119084864763912 74.78420492410358
0.8245003008650981 72.14792591828065
0.8371030476789431 70.82896326070971
0.8496433960979581 68.15671638048549
0.8622716392224988 65.3178814276692
0.8748814140551413 63.39645341702318
0.8874320306379406 61.47888637399667
0.8999827699152785 59.793052942320564
0.9125618598383741 57.606419024692656
0.9252292314560261 56.1714564719486
0.9378544149867112 54.50876349987661
0.9504457821018769 52.00830690051777
0.9630431388995879 50.82531480488217
0.9755988646043376 49.33585164231025
0.9881575396632222 47.49749626895414
1.0007426245805016 46.505703529436076
1.0132961828208322 44.89319599213215
1.0258723107356629 43.13275533439706
1.038536031126187 41.83291991656627
1.051151951320787 40.537045820869686
1.0637085884787152 39.21517040890581
1.0762949902025607 37.88812958427658
1.0889194251788568 36.95191961277797
1.1015128135865704 35.70397001308316
1.1140372123598763 34.419643999087825
1.1266438572582143 33.54803427944163
1.1392985127936914 32.44128130722808
1.1518802725229749 31.35978594409825
1.1644525285109746 30.57348209985889
1.177044553953353 29.60404923704771
1.189624043794473 28.77354061494357
1.202206340973008 27.36488338203888
1.214770890664548 26.81815042947432
1.2273521312637683 25.893342045755492
1.239976991173887 25.26022209197516
1.2525667220095933 24.34328897578504
1.2651332198084164 23.548765459707823
1.2777516590554734 22.964988284408452
1.2903456750126359 22.051558634141138
1.3029343638221436 21.53440432409253
1.3155376929046922 20.952851322392743
1.328117471481917 20.248310026418494
1.3407038618127105 19.64226743529206
1.353303995632364 18.961032164484298
1.365880197900984 18.512599073444605
1.3784547377611027 17.937374538189296
1.391028228472752 17.170172007839614
1.403617608863436 16.74858706221123
1.4162307266845815 16.430643072528117
1.4288327238231306 15.90308358914784
1.4414357605605066 15.456230912908222
1.454042066298582 14.973160148844627
1.4666290001310283 14.534084767586325
1.4792232339276097 14.187539985217075
1.4917979405670916 13.784254553601746
1.5043420725912218 13.395755303647972
1.5169427293249742 12.970927465067543
1.5295424653470162 12.768030385892994
1.5421299704605822 12.373470595537642
1.554739552003131 11.958032653362158
1.567349608720163 11.761813947191744
1.5799699879730156 11.433774870864802
1.592509385412443 11.162947274448113
1.6050513674379838 10.863935033661367
1.6176486600174462 10.583728232418721
1.6302445001949648 10.22280194209855
1.6428527694112218 9.876002647041505
1.6554322216394617 9.531840383274401
1.6680440255859128 9.203524071145662
1.6806789206890467 8.829640602030882
1.6932331315939024 8.523292040898209
1.7057845975195391 8.255396902255963
1.7183896309732511 7.981798035896875
1.7309874185440792 7.71957301612007
1.743562344893767 7.4392793009491385
1.7561426634640491 7.1471497365457575
1.7687458921757915 6.931922424805136
1.781333478205032 6.709343642419699
1.7938985526958369 6.484599364092946
1.8064980806819735 6.24285014806427
1.8190945363690532 6.015683385222442
1.8316935397102894 5.851758957748317
1.8442938066535437 5.622470285782897
1.8568876791935895 5.453759430590529
1.8694996979258056 5.2416297858005345
1.8820874678435358 5.0761165814272715
1.8946480071290897 4.906202741769934
1.9072244238241285 4.767648431321367
1.9197955083167089 4.615909817871268
1.932407719039257 4.452953532945536
1.9450267994293609 4.3202397624364055
1.9575901294986973 4.174416286755424
1.97016772336254 4.049322749298743
1.9827403283412834 3.887183058768833
1.9953314743596526 3.7745589541086275
2.0079478346643755 3.7137447423777927
2.0205022754362694 3.5446726525194863
2.0330913752296578 3.458430413709271
2.045722350451921 3.358299902702161
2.0582763462883666 3.251042303233387
2.070869909095247 3.155656231527241
2.0835199499115737 3.0702518481355865
2.0960971256414074 2.957784537862655
2.108627206088839 2.8922464868944444
2.12118709151255 2.789210141097106
2.1338231323869663 2.7256169732562525
2.146410287377125 2.6476942219900717
2.1589635630855644 2.56064991858212
2.1715722325463105 2.489557149394868
2.1842062325035805 2.4073686420439246
2.1967582541876465 2.3819049587158423
2.209329848683414 2.284895292860749
2.2219259092398103 2.2267461961857937
2.23448959133265 2.168618860080653
2.247040534594887 2.067889234278239
2.2596241003144413 1.9836438059066626
2.2722295314965897 1.9037756531035694
2.284834822222929 1.8292011004743698
2.297400038677998 1.7453611317682904
2.309967779970982 1.6726183751636217
2.3225784835721384 1.6363085383075922
2.3351595212304193 1.5696585218572576
2.347693564990003 1.522026340901133
2.3603433164871617 1.4661387937841797
2.373033299473769 1.4180325810050454
2.3855678635589808 1.3867129038245207
2.3980601433668625 1.3066829101283879
2.4107789685311083 1.2798965342435826
2.423453109943775 1.238341952411225
2.435831195209723 1.212667553340671
2.448470944043588 1.1530657011607728
2.4612848053934564 1.1526134435287039
2.473794880423974 1.1065241201931963
2.4861107686591333 1.0835769071728385
2.4987555116598097 1.0676852648815516
2.511584783245332 1.014875217171212
2.5240933241388905 1.005405476297597
2.536562701110754 0.9532996176095686
2.5493077516226474 0.91900084565394
2.5619784398313104 0.9483710329426468
2.5742127557983405 0.9317497994470547
2.5867319401348836 0.88273832720064
2.599886904080176 0.8586188064124511
2.6126019917307106 0.8329774248104121
2.6241685674096167 0.8306985677082965
2.6366174310925103 0.7885777116714117
2.6502878476251595 0.7715458077251915
2.66334159313342 0.7733035442208465
2.6741769121319656 0.8142356121617126
2.6865492607137376 0.7454325005632224
2.7007770451010398 0.775822329096759
2.7145884416410153 0.7029945242124026
2.724874641447341 0.8332542529671666
2.7364378284531106 0.7687485018948447
2.7506817507001884 0.7392570063962631
2.764797699055805 0.7347061975450966
2.7766321634107674 0.6256649236005948
2.7856940556077996 0.33914941309182783
