0.017832091871974997 22704.030424956072
0.030213835030786885 17532.474339913664
0.04297487357678403 11816.701951344856
0.055775837984368075 10864.70084321787
0.06882863412500528 10234.022236953873
0.08110696464570476 6858.560840923826
0.09370674553631737 6217.513207225194
0.10636019509318757 4497.580630377353
0.11912643058557926 4462.820702821145
0.13176693543452617 3791.132056411759
0.14419796924510314 3525.7250912770787
0.15684580028039288 2959.569369115977
0.1697202486941208 2740.289821337331
0.1822724571065706 2572.4963905383597
0.19477416222977487 2535.076579924112
0.2073340835947663 2123.7791380452322
0.21991992144750083 2040.913267463535
0.23253646283801271 1830.5625946442228
0.24518505143884012 1772.6244176721223
0.2578378507460666 1597.0699514346497
0.27039766737784676 1524.9820255583247
0.28291044117595976 1452.1330722569528
0.295570537980418 1359.7604259523034
0.30813996427931184 1299.6891575851007
0.3207216073146949 1228.0847146525239
0.3334116808196777 1157.1503775017072
0.34607587720379684 1121.703014402435
0.35861285762440237 1107.185270496966
0.37115362695027315 1049.7197699479657
0.3836672702512398 1013.0432192922106
0.3963071427257871 947.9443802887955
0.40893995931531163 929.350154047307
0.42156349890919687 895.1594706397643
0.43418079502572005 851.4240270308721
0.44676205768023874 815.6634195882958
0.4593692028514954 782.3688821838758
0.471896548280561 762.2165637233154
0.48447350382182336 739.7157278097144
0.49708590060588265 722.7541995416117
0.509636135379828 693.28961451756
0.5222277017157808 662.712588403924
0.5348355227589733 656.101333036772
0.5474920039788604 631.6187418523667
0.5601365361534072 617.9577555616281
0.5727270239485885 589.5796245631915
0.5852520646971218 584.9170652270963
0.5977898476833488 564.2345183841755
0.6103996074847232 552.7839445612711
0.6230020924267451 523.1551237801515
0.6356030860286774 510.41867491949625
0.648230198028244 503.17446697306013
0.660849546399432 483.3813418248687
0.6734744173918971 473.02113827072327
0.6860022567240287 463.6885692324402
0.6985809637891249 452.80481102694114
0.7111908491771021 434.0358392148095
0.7237149565943718 429.0174493174694
0.7363081577644064 415.4861822411139
0.7489074805118825 405.3994959908981
0.7615319556341386 389.4656186869957
0.7741323050847894 381.6225778209883
0.7866754473434118 371.15983358171104
0.7993235825500538 354.8728745242333
0.8119084864763891 346.38178426228257
0.8245003008650958 334.34988251026124
0.8371030476789408 327.9293556446789
0.8496433960979559 320.2994524275902
0.8622716392224965 310.503675936873
0.874881414055139 299.8631575664506
0.8874320306379383 294.50951286220436
0.8999827699152761 281.3543177120283
0.9125618598383717 273.9128365137539
0.9252292314560236 269.25226048021915
0.9378544149867087 262.32296042315295
0.9504457821018744 255.97704748552303
0.9630431388995854 245.982066429079
0.9755988646043351 237.31243513728487
0.9881575396632196 231.7366986769149
1.000742624580499 224.79171673728334
1.0132961828208296 219.5361922814255
1.0258723107356602 212.24486722027336
1.0385360311261842 204.98280583355663
1.051151951320784 201.59821529321158
1.0637085884787125 193.4355232251808
1.0762949902025578 186.96701928531823
1.0889194251788539 183.13211380875154
1.1015128135865675 176.67263925950718
1.1140372123598734 172.43695026157496
1.1266438572582114 166.19751549514976
1.1392985127936883 161.44941996336885
1.1518802725229718 157.97819442331115
1.1644525285109717 152.76145096263832
1.1770445539533498 148.0734044365687
1.1896240437944698 142.67024724375352
1.2022063409730048 138.90527390686827
1.214770890664545 134.93708953074952
1.2273521312637652 130.10588295197823
1.2399769911738836 127.40788998957478
1.25256672200959 122.8640727768794
1.2651332198084133 119.35477335341467
1.27775165905547 115.99325347850393
1.2903456750126325 112.56819592498599
1.30293436382214 108.60038397142993
1.3155376929046887 105.4323026423845
1.3281174714819137 101.9600156392659
1.340703861812707 98.79610747836772
1.3533039956323605 96.09714989474048
1.3658801979009805 92.92038187765515
1.3784547377610992 90.14487235443181
1.3910282284727484 87.33081294198884
1.4036176088634325 85.65849367634408
1.416230726684578 83.12126216436546
1.4288327238231269 80.12368569821497
1.4414357605605028 77.17467195444058
1.4540420662985782 75.31492547644524
1.4666290001310243 73.22105979741299
1.479223233927606 70.84509750332059
1.4917979405670876 68.87101861261343
1.5043420725912178 67.28661852283898
1.5169427293249702 65.68795263920073
1.5295424653470122 63.91065143400493
1.542129970460578 61.73671387225022
1.554739552003127 60.08338608653706
1.5673496087201588 58.359393751312155
1.5799699879730114 57.37921237489299
1.592509385412439 55.90942722253809
1.6050513674379796 54.45126288199049
1.617648660017442 52.93263171062836
1.6302445001949606 51.17301710171796
1.6428527694112174 49.45521248822439
1.6554322216394572 47.624850243945076
1.6680440255859084 45.99381180722119
1.6806789206890425 44.464620743496134
1.693233131593898 42.82506225147467
1.7057845975195347 41.244835154923855
1.7183896309732467 40.050298410413404
1.7309874185440746 38.413113686493844
1.7435623448937623 37.17092875850657
1.7561426634640445 36.02470363327104
1.7687458921757868 34.759097572203686
1.7813334782050274 33.405043145450875
1.7938985526958322 32.19761261910722
1.8064980806819688 31.230262196345564
1.8190945363690483 30.3031740535982
1.8316935397102847 29.20414645621095
1.8442938066535388 28.03657438967312
1.8568876791935847 27.039671189132573
1.8694996979258007 26.164850785358638
1.8820874678435309 25.171052172692473
1.8946480071290845 24.416095894135612
1.9072244238241236 23.669529176690645
1.9197955083167038 22.974425451316534
1.9324077190392521 21.999495042456957
1.9450267994293557 21.417424717930693
1.9575901294986922 20.631044213036038
1.970167723362535 20.0577578917161
1.9827403283412781 19.36457220159855
1.9953314743596473 18.55560154360578
2.00794783466437 18.242208710367393
2.0205022754362645 17.37719097278943
2.0330913752296524 16.92896252264594
2.0457223504519155 16.348854594582484
2.0582763462883613 15.964287404795236
2.070869909095242 15.460519036164555
2.0835199499115684 14.991285212493201
2.096097125641402 14.514988350884607
2.108627206088834 14.057856569725567
2.1211870915125446 13.661352921199574
2.1338231323869605 13.21228548856247
2.14641028737712 12.82707753380436
2.158963563085559 12.474485619899404
2.1715722325463047 12.058356719540189
2.1842062325035747 11.62257223698397
2.1967582541876407 11.340618723184484
2.2093298486834083 10.97573758276975
2.2219259092398045 10.622707779743825
2.234489591332644 10.374342973810379
2.2470405345948814 9.883934695147031
2.2596241003144355 9.597933836527591
2.2722295314965835 9.179422251052921
2.284834822222923 8.710209571042292
2.297400038677992 8.368690740854746
2.3099677799709757 7.980033764136414
2.322578483572132 7.760905893924313
2.335159521230413 7.430759791145866
2.3476935649899966 7.131467257630571
2.3603433164871555 6.895287938985061
2.3730332994737626 6.666715190278318
2.3855678635589745 6.417538905556609
2.398060143366856 6.130445261265181
2.410778968531102 6.0251727207382215
2.4234531099437686 5.792928759561038
2.4358311952097167 5.615871338418462
2.4484709440435815 5.388816572015559
2.46128480539345 5.2727045799792664
2.473794880423968 5.037007717214606
2.4861107686591266 4.971836527906316
2.4987555116598035 4.764345656124116
2.5115847832453255 4.594806381999071
2.524093324138884 4.446873281315391
2.536562701110747 4.466794407806849
2.549307751622641 4.210855464980456
2.5619784398313032 4.230253294530629
2.574212755798334 3.965591493442928
2.5867319401348765 3.9799198999197953
2.599886904080169 3.918490329441945
2.6126019917307035 3.9046766454936708
2.6241685674096096 3.8703650532586305
2.6366174310925032 3.7096338737583032
2.6502878476251523 3.640952844948648
2.663341593133413 3.5820569239800664
2.6741769121319585 3.571032697037676
2.686549260713731 3.6065625926501674
2.7007770451010327 3.49494614679819
2.714588441641008 2.9620150376316143
2.7248746414473333 3.1880068506293333
2.7364378284531035 2.972287810953004
2.7506817507001813 2.7134997738035853
2.7647976990557974 4.287875168009445
2.7766321634107602 4.885445310267208
2.785694055607792 3.66422876640105
