0.0178320918719751 22752.79875659625
0.030213835030787062 17616.824542836075
0.04297487357678428 11953.9205006264
0.0557758379843684 11022.664405047944
0.06882863412500569 10334.507741042828
0.08110696464570522 6937.54474691088
0.09370674553631791 6262.547738246491
0.1063601950931882 4533.750700699022
0.11912643058557995 4452.149167402895
0.13176693543452692 3754.7685500443745
0.14419796924510397 3461.0758684840384
0.15684580028039377 2849.0651348394276
0.16972024869412178 2605.808289602017
0.18227245710657167 2396.3612294647546
0.194774162229776 2337.275924549064
0.20733408359476752 1917.504303392743
0.2199199214475021 1812.8121365535756
0.23253646283801405 1614.8837012897548
0.24518505143884153 1524.4293470899781
0.2578378507460681 1359.7573201783816
0.2703976673778483 1288.0480329547227
0.2829104411759614 1207.7717077052391
0.29557053798041966 1108.457498749307
0.3081399642793136 1062.978797538046
0.32072160731469673 990.0764157179832
0.33341168081967965 922.8648817335109
0.34607587720379884 883.2753596389725
0.3586128576244044 854.1856766561123
0.37115362695027526 810.5236564198507
0.38366727025124203 773.6758439110249
0.3963071427257894 712.9715958528462
0.40893995931531396 702.0471137264536
0.4215634989091993 665.2762508054565
0.4341807950257226 631.7506306858226
0.44676205768024135 599.9110692845125
0.45936920285149807 569.2241004940196
0.4718965482805637 553.0978678532979
0.48447350382182613 535.9218618784694
0.4970859006058855 518.0928929126535
0.509636135379831 492.91003154071916
0.5222277017157838 469.4873115025646
0.5348355227589764 455.2756266221428
0.5474920039788637 440.76450968424564
0.5601365361534104 424.9587231867737
0.5727270239485919 409.9521399010594
0.5852520646971252 400.0074839470645
0.5977898476833522 383.6962719903635
0.6103996074847268 375.37277985859765
0.6230020924267488 353.5924188520384
0.6356030860286812 342.39625927275364
0.6482301980282478 337.97316678508656
0.6608495463994358 322.37359979373025
0.673474417391901 314.425896144019
0.6860022567240326 306.0345782252055
0.698580963789129 299.1801331611549
0.7111908491771062 280.9762915947593
0.7237149565943759 278.85837040147385
0.7363081577644106 270.4005401100012
0.7489074805118868 262.8009702056569
0.7615319556341429 251.1307883474606
0.7741323050847938 245.63773463751195
0.7866754473434163 236.59100735639765
0.7993235825500583 229.25675784112798
0.8119084864763938 221.287687965363
0.8245003008651006 213.62264715207525
0.8371030476789457 209.95554063572317
0.8496433960979608 202.2945449843875
0.8622716392225015 196.92497784863406
0.874881414055144 189.16913246345504
0.8874320306379435 185.74348167497203
0.8999827699152814 178.280633931562
0.912561859838377 173.06943609329315
0.925229231456029 169.04188694444653
0.9378544149867142 164.76604169546675
0.9504457821018799 160.19878649208482
0.9630431388995909 153.70435893290986
0.9755988646043406 148.7602215053779
0.9881575396632253 144.947034485004
1.0007426245805047 140.6662699085825
1.0132961828208353 136.8057230373289
1.0258723107356662 132.97629157148157
1.0385360311261902 127.45973238563325
1.0511519513207903 125.38853030220412
1.0637085884787187 121.31398381898677
1.076294990202564 116.81915368042651
1.08891942517886 114.08772771246986
1.101512813586574 109.96806855564355
1.1140372123598798 107.40611274542451
1.1266438572582178 103.28920707685495
1.139298512793695 100.72715178020476
1.1518802725229784 97.30527966173267
1.1644525285109784 94.36791618435007
1.1770445539533567 91.50442004807904
1.1896240437944767 88.96807879917357
1.2022063409730117 86.27667530802461
1.214770890664552 83.82237244674155
1.2273521312637723 80.31676967356925
1.2399769911738907 78.71638338468279
1.2525667220095973 75.89867597967451
1.2651332198084204 73.88158505866095
1.2777516590554774 71.51578039206237
1.29034567501264 69.60208845528531
1.3029343638221476 67.43525377894325
1.3155376929046965 65.63664767371206
1.3281174714819213 63.315217603483845
1.3407038618127147 61.35640334671693
1.3533039956323683 59.55746354671782
1.3658801979009882 57.47722553846068
1.3784547377611072 56.04696977863846
1.3910282284727564 54.38425674411796
1.4036176088634404 53.02441633441934
1.416230726684586 51.561361966081364
1.428832723823135 49.72009600927201
1.4414357605605113 48.227199515834194
1.4540420662985867 46.811693244037656
1.4666290001310327 45.623268155613786
1.4792232339276143 44.37264857423586
1.4917979405670962 43.07378053653377
1.5043420725912264 41.91265181122818
1.5169427293249789 40.940109795109734
1.529542465347021 39.85921947942304
1.542129970460587 38.49352585972641
1.554739552003136 37.40463122632297
1.567349608720168 36.56852301508383
1.5799699879730205 36.02452775350197
1.5925093854124481 35.1329804523864
1.605051367437989 34.16077764975991
1.6176486600174513 33.18449598299783
1.63024450019497 32.04164315083513
1.642852769411227 30.958062721107726
1.6554322216394668 29.887176225180813
1.6680440255859181 28.782430562836097
1.680678920689052 27.82991283807626
1.6932331315939078 26.868934353452904
1.7057845975195447 25.880227319794283
1.7183896309732567 25.162157793179453
1.7309874185440846 24.200052046719478
1.7435623448937723 23.379107196809905
1.7561426634640547 22.63333456365468
1.768745892175797 21.83914014572765
1.7813334782050378 21.045677020817028
1.7938985526958426 20.28833244007093
1.8064980806819793 19.640536028993605
1.819094536369059 19.100671807024323
1.8316935397102951 18.443103381990305
1.8442938066535495 17.759402610226388
1.8568876791935955 17.05971382342793
1.8694996979258116 16.54108603158566
1.8820874678435418 15.978645675224406
1.8946480071290956 15.523728487661995
1.9072244238241345 15.009529222384812
1.9197955083167149 14.54235565995251
1.9324077190392632 14.051775313705955
1.945026799429367 13.535044665609469
1.9575901294987035 13.136016710810017
1.9701677233625465 12.731186243215653
1.9827403283412897 12.27121153311361
1.9953314743596589 11.894941546578107
2.0079478346643818 11.571919075545951
2.020502275436276 11.10588089817572
2.033091375229664 10.765348931280938
2.045722350451927 10.442325379862595
2.0582763462883733 10.220596030159323
2.070869909095254 9.956977222268202
2.0835199499115804 9.573764164179199
2.096097125641414 9.226098261196283
2.108627206088846 8.999686327782783
2.1211870915125566 8.705521089078468
2.133823132386973 8.395867060846655
2.1464102873771322 8.298325181338644
2.1589635630855715 7.917859061027232
2.171572232546317 7.686290102926276
2.1842062325035876 7.5345185355012845
2.1967582541876536 7.321873757433553
2.209329848683421 7.0908973389999295
2.2219259092398174 6.89495675020589
2.234489591332657 6.65429639986043
2.2470405345948943 6.40683527032445
2.2596241003144484 6.2216233365771725
2.272229531496597 5.967536587006542
2.2848348222229364 5.60149427018601
2.2974000386780054 5.419311782297864
2.309967779970989 5.157723740579181
2.3225784835721455 5.046225356039132
2.3351595212304264 4.8484851488393
2.3476935649900104 4.686568318267167
2.360343316487169 4.487175081115766
2.3730332994737764 4.3407913360321855
2.3855678635589883 4.252413086101247
2.39806014336687 4.025565168515941
2.410778968531116 3.9300545456803944
2.423453109943783 3.7933325876594974
2.435831195209731 3.6691680303033896
2.4484709440435957 3.57035589703008
2.4612848053934644 3.477016376662302
2.473794880423982 3.323458607450522
2.4861107686591413 3.3518214666889223
2.4987555116598177 3.1835289382041854
2.51158478324534 3.0850750090164296
2.5240933241388985 2.9429146969296944
2.536562701110762 2.9563317643297284
2.549307751622656 2.856505994895804
2.5619784398313183 2.8017849824022014
2.5742127557983485 2.718377556998429
2.5867319401348916 2.6140767794685567
2.599886904080184 2.5463839276191176
2.612601991730719 2.6427397723686648
2.624168567409625 2.563875621390955
2.6366174310925183 2.5165595022293807
2.6502878476251674 2.368424792023914
2.6633415931334286 2.4894101038314105
2.674176912131974 2.5019224045795503
2.6865492607137464 2.342914307480459
2.700777045101048 2.3330915995213166
2.7145884416410238 2.319810597357609
2.7248746414473493 1.9351785710568128
2.7364378284531194 2.1630374072610197
2.7506817507001973 2.251152090607989
2.7647976990558134 2.1216787144133753
2.7766321634107762 2.2623199704815877
2.7856940556078085 1.6316386255872257
